1 0.025 0.49895833333333334 0.018750000000000003 0.03958333333333333
0 0.14609375 0.49166666666666664 0.029687500000000002 0.04583333333333333
1 0.2578125 0.4864583333333333 0.015625 0.03125
0 0.328125 0.48541666666666666 0.025 0.041666666666666664
0 0.415625 0.4979166666666667 0.10625000000000001 0.19583333333333333
1 0.45156250000000003 0.4822916666666667 0.018750000000000003 0.035416666666666666
0 0.546875 0.48020833333333335 0.028125 0.04791666666666666
0 0.59375 0.4791666666666667 0.046875 0.075
1 0.6375000000000001 0.471875 0.015625 0.03958333333333333
1 0.890625 0.45625 0.034375 0.05416666666666667
