1 0.9632812500000001 0.47812499999999997 0.045312500000000006 0.07291666666666667
1 0.7296875 0.4864583333333333 0.025 0.04375
0 0.40468750000000003 0.5197916666666667 0.06875 0.12708333333333333
0 0.49062500000000003 0.503125 0.034375 0.06041666666666667
0 0.4421875 0.5020833333333333 0.028125 0.041666666666666664
1 0.5164062500000001 0.496875 0.0203125 0.035416666666666666
1 0.34218750000000003 0.5020833333333333 0.015625 0.029166666666666667
0 0.23359375000000002 0.5052083333333334 0.0234375 0.035416666666666666
1 0.15000000000000002 0.5072916666666667 0.018750000000000003 0.03125
0 0.06015625 0.5083333333333333 0.029687500000000002 0.041666666666666664
