1 0.3640625 0.5177083333333333 0.07187500000000001 0.11875
0 0.88046875 0.4791666666666667 0.0390625 0.07083333333333333
0 0.6703125000000001 0.4864583333333333 0.025 0.04375
1 0.01171875 0.5052083333333334 0.0234375 0.04375
0 0.09531250000000001 0.5072916666666667 0.018750000000000003 0.03125
1 0.18281250000000002 0.503125 0.025 0.03958333333333333
0 0.290625 0.5010416666666666 0.015625 0.03125
1 0.4390625 0.5 0.034375 0.06666666666666667
1 0.3921875 0.5 0.028125 0.05416666666666667
0 0.46640625 0.4947916666666667 0.0140625 0.035416666666666666
