1 0.9382812500000001 0.47604166666666664 0.045312500000000006 0.06875
1 0.7132812500000001 0.48541666666666666 0.026562500000000003 0.04583333333333333
0 0.39687500000000003 0.5197916666666667 0.07187500000000001 0.12708333333333333
0 0.478125 0.5020833333333333 0.037500000000000006 0.0625
1 0.503125 0.4947916666666667 0.018750000000000003 0.035416666666666666
0 0.43046875 0.5 0.026562500000000003 0.05
1 0.32890625 0.49895833333333334 0.0171875 0.03125
0 0.22109375 0.50625 0.0234375 0.0375
1 0.13515625 0.5072916666666667 0.0171875 0.03125
0 0.047656250000000004 0.509375 0.029687500000000002 0.04375
