1 0.028125 0.5104166666666666 0.03125 0.04583333333333333
1 0.33515625000000004 0.525 0.0671875 0.11666666666666667
1 0.19921875 0.5072916666666667 0.0234375 0.03958333333333333
1 0.44296875 0.50625 0.035937500000000004 0.0625
1 0.40468750000000003 0.5083333333333333 0.028125 0.041666666666666664
0 0.31093750000000003 0.5020833333333333 0.015625 0.0375
0 0.11875000000000001 0.5083333333333333 0.015625 0.03333333333333333
0 0.48359375000000004 0.4979166666666667 0.0140625 0.03333333333333333
0 0.6820312500000001 0.490625 0.0234375 0.04375
0 0.8890625000000001 0.48333333333333334 0.03125 0.06666666666666667
