1 0.96875 0.45625 0.040625 0.07083333333333333
0 0.4078125 0.5020833333333333 0.07500000000000001 0.125
1 0.7351562500000001 0.46875 0.026562500000000003 0.04583333333333333
0 0.49453125000000003 0.4875 0.035937500000000004 0.0625
1 0.52109375 0.48125 0.0140625 0.03333333333333333
0 0.446875 0.490625 0.028125 0.03958333333333333
1 0.34687500000000004 0.4895833333333333 0.018750000000000003 0.03333333333333333
0 0.23828125 0.49166666666666664 0.0234375 0.0375
1 0.15390625000000002 0.4947916666666667 0.0140625 0.03125
0 0.06484375 0.496875 0.0234375 0.04375
