1 0.11484375000000001 0.5010416666666666 0.0203125 0.03958333333333333
1 0.46406250000000004 0.5010416666666666 0.021875000000000002 0.03958333333333333
1 0.6734375 0.5 0.025 0.04583333333333333
1 0.9859375 0.49166666666666664 0.025 0.07083333333333333
0 0.48671875000000003 0.49374999999999997 0.035937500000000004 0.07083333333333333
0 0.43046875 0.5072916666666667 0.0890625 0.12708333333333333
0 0.36953125000000003 0.49166666666666664 0.035937500000000004 0.05416666666666667
0 0.25390625 0.4927083333333333 0.029687500000000002 0.052083333333333336
3 0.08281250000000001 0.47291666666666665 0.043750000000000004 0.0875
3 0.29375 0.48854166666666665 0.028125 0.05625
