0 0.14140625 0.49583333333333335 0.029687500000000002 0.05
0 0.3515625 0.5083333333333333 0.1 0.175
0 0.3203125 0.490625 0.021875000000000002 0.04375
0 0.56796875 0.48854166666666665 0.0421875 0.07708333333333334
0 0.53515625 0.48854166666666665 0.026562500000000003 0.04791666666666666
1 0.02734375 0.5041666666666667 0.0140625 0.03333333333333333
1 0.25703125 0.49374999999999997 0.0171875 0.03333333333333333
1 0.4453125 0.48854166666666665 0.015625 0.03125
1 0.63046875 0.4791666666666667 0.0171875 0.0375
1 0.8695312500000001 0.46875 0.026562500000000003 0.05416666666666667
