0 0.8546875 0.49166666666666664 0.037500000000000006 0.06666666666666667
0 0.6570312500000001 0.49583333333333335 0.0203125 0.04583333333333333
0 0.46015625000000004 0.5052083333333334 0.0171875 0.035416666666666666
0 0.28984375 0.5114583333333333 0.0140625 0.035416666666666666
0 0.09375 0.5145833333333333 0.015625 0.0375
1 0.00859375 0.5197916666666667 0.0171875 0.04375
1 0.178125 0.515625 0.025 0.04375
1 0.31562500000000004 0.5322916666666666 0.06875 0.11875
1 0.41953125 0.515625 0.0390625 0.06041666666666667
1 0.38125000000000003 0.5135416666666667 0.028125 0.04375
