1 0.02421875 0.509375 0.0203125 0.035416666666666666
0 0.1453125 0.5010416666666666 0.025 0.04375
1 0.2578125 0.496875 0.015625 0.035416666666666666
0 0.32734375000000004 0.4947916666666667 0.0234375 0.03958333333333333
0 0.40859375000000003 0.5083333333333333 0.1078125 0.19166666666666665
1 0.45156250000000003 0.490625 0.021875000000000002 0.035416666666666666
0 0.5484375 0.49166666666666664 0.028125 0.04583333333333333
0 0.5906250000000001 0.4864583333333333 0.043750000000000004 0.07291666666666667
1 0.6390625000000001 0.48020833333333335 0.021875000000000002 0.035416666666666666
1 0.890625 0.46249999999999997 0.028125 0.05
