0 0.01953125 0.525 0.0234375 0.041666666666666664
1 0.10625000000000001 0.525 0.021875000000000002 0.0375
1 0.25859375 0.5395833333333333 0.0671875 0.10833333333333334
1 0.35390625000000003 0.5229166666666667 0.0328125 0.05416666666666667
1 0.31640625 0.521875 0.026562500000000003 0.04375
0 0.22031250000000002 0.5166666666666666 0.018750000000000003 0.03333333333333333
0 0.39296875000000003 0.5125 0.0171875 0.0375
0 0.58515625 0.5072916666666667 0.0171875 0.03958333333333333
0 0.765625 0.5010416666666666 0.034375 0.06458333333333333
0 0.9812500000000001 0.50625 0.034375 0.1125
