0 0.9867187500000001 0.46770833333333334 0.0234375 0.07291666666666667
1 0.41640625000000003 0.5114583333333333 0.0765625 0.13541666666666666
1 0.51015625 0.4947916666666667 0.0390625 0.06458333333333333
0 0.753125 0.47604166666666664 0.025 0.04791666666666666
0 0.5390625 0.48854166666666665 0.015625 0.035416666666666666
1 0.4625 0.49583333333333335 0.028125 0.04583333333333333
0 0.36171875000000003 0.49583333333333335 0.0171875 0.03333333333333333
1 0.25234375000000003 0.4979166666666667 0.026562500000000003 0.0375
0 0.1703125 0.4947916666666667 0.018750000000000003 0.03125
1 0.07890625000000001 0.5020833333333333 0.026562500000000003 0.041666666666666664
