0 0.0309375 0.7966666666666667 0.061875 0.09666666666666668
0 0.3028125 0.5516666666666667 0.035625000000000004 0.060000000000000005
0 0.305625 0.4679166666666667 0.01875 0.0325
0 0.23500000000000001 0.43875000000000003 0.015 0.022500000000000003
0 0.155625 0.42833333333333334 0.01125 0.02
0 0.0559375 0.42833333333333334 0.010625 0.016666666666666666
1 0.011875 0.41625 0.0075 0.015833333333333335
1 0.106875 0.4133333333333334 0.00875 0.016666666666666666
1 0.2190625 0.4133333333333334 0.009375 0.016666666666666666
1 0.3615625 0.42458333333333337 0.011875 0.01916666666666667
1 0.4665625 0.4445833333333334 0.015625 0.0275
1 0.61875 0.5229166666666667 0.03125 0.04916666666666667
2 0.6740625 0.47125000000000006 0.019375 0.0325
2 0.708125 0.4454166666666667 0.0125 0.022500000000000003
2 0.724375 0.4316666666666667 0.01125 0.023333333333333334
2 0.7403125 0.42000000000000004 0.010625 0.015000000000000001
2 0.7837500000000001 0.42250000000000004 0.01375 0.021666666666666667
