0 0.065 0.7175 0.0425 0.09833333333333334
0 0.22312500000000002 0.52875 0.025 0.052500000000000005
0 0.1975 0.46458333333333335 0.015 0.030833333333333334
0 0.11375 0.4441666666666667 0.0125 0.021666666666666667
0 0.0271875 0.4404166666666667 0.013125 0.0275
1 0.0859375 0.42375 0.009375 0.022500000000000003
1 0.23500000000000001 0.4266666666666667 0.00875 0.023333333333333334
1 0.3384375 0.4391666666666667 0.008125 0.03166666666666667
1 0.4825 0.4866666666666667 0.02125 0.04
2 0.5228125 0.4470833333333334 0.013125 0.030833333333333334
2 0.5493750000000001 0.42875 0.015 0.02416666666666667
2 0.5634375 0.41458333333333336 0.011875 0.02416666666666667
2 0.58 0.4066666666666667 0.0125 0.016666666666666666
2 0.615 0.40750000000000003 0.00625 0.013333333333333334
2 0.6503125 0.40875 0.008125 0.01916666666666667
2 0.6843750000000001 0.40750000000000003 0.01 0.02
2 0.700625 0.42125 0.0125 0.015833333333333335
2 0.71875 0.4341666666666667 0.0125 0.02
2 0.7390625000000001 0.4633333333333334 0.014375 0.03333333333333333
0 0.7759375000000001 0.5233333333333333 0.019375 0.055
