0 0.0971875 0.6987500000000001 0.056875 0.1125
0 0.5359375000000001 0.4758333333333334 0.024375 0.04833333333333334
0 0.7625000000000001 0.43291666666666667 0.01625 0.035833333333333335
2 0.780625 0.3725 0.01 0.016666666666666666
2 0.7396875 0.37625000000000003 0.008125 0.0125
3 0.7434375 0.36875 0.009375 0.0175
1 0.71125 0.36458333333333337 0.0075 0.020833333333333336
3 0.676875 0.36875 0.0125 0.01916666666666667
3 0.650625 0.35333333333333333 0.01125 0.02666666666666667
3 0.645625 0.3791666666666667 0.00875 0.023333333333333334
2 0.6434375 0.35625 0.008125 0.01916666666666667
