1 0.076875 0.5358333333333334 0.02375 0.05333333333333334
1 0.050625 0.4241666666666667 0.01125 0.023333333333333334
1 0.1178125 0.41000000000000003 0.008125 0.015000000000000001
0 0.1615625 0.4179166666666667 0.011875 0.0175
0 0.14 0.43833333333333335 0.01125 0.025
0 0.2015625 0.45458333333333334 0.015625 0.02416666666666667
0 0.3646875 0.4716666666666667 0.021875000000000002 0.03666666666666667
0 0.21375 0.40750000000000003 0.00875 0.015000000000000001
1 0.2178125 0.3975 0.008125 0.015000000000000001
0 0.2703125 0.4004166666666667 0.005625 0.0125
1 0.311875 0.39125000000000004 0.00625 0.014166666666666668
0 0.33968750000000003 0.39458333333333334 0.008125 0.014166666666666668
0 0.410625 0.3929166666666667 0.00625 0.0125
1 0.4171875 0.38833333333333336 0.008125 0.013333333333333334
0 0.47875 0.395 0.00625 0.011666666666666667
1 0.4834375 0.39 0.006875 0.011666666666666667
0 0.5490625 0.39583333333333337 0.006875 0.013333333333333334
1 0.5653125 0.39416666666666667 0.006875 0.016666666666666666
0 0.5584375 0.46 0.014375 0.03833333333333334
3 0.6490625 0.4441666666666667 0.016875 0.05333333333333334
0 0.6840625 0.4445833333333334 0.011875 0.022500000000000003
3 0.7046875 0.4345833333333334 0.015625 0.03916666666666667
0 0.721875 0.43333333333333335 0.01375 0.021666666666666667
0 0.72375 0.42125 0.0125 0.01916666666666667
0 0.68 0.41125 0.015 0.014166666666666668
1 0.669375 0.4004166666666667 0.0075 0.0125
0 0.61375 0.40208333333333335 0.0075 0.0175
1 0.743125 0.41125 0.00625 0.015833333333333335
