2 0.6553125 0.4675 0.015625 0.030000000000000002
2 0.6890625 0.4425 0.009375 0.023333333333333334
2 0.7034375 0.43083333333333335 0.006875 0.018333333333333333
2 0.71875 0.41875 0.00375 0.014166666666666668
2 0.7609375 0.42083333333333334 0.005625 0.016666666666666666
1 0.603125 0.5179166666666667 0.02625 0.0475
1 0.4546875 0.4454166666666667 0.015625 0.0275
1 0.34750000000000003 0.42500000000000004 0.0075 0.021666666666666667
1 0.2034375 0.41500000000000004 0.008125 0.016666666666666666
1 0.0909375 0.41625 0.004375 0.015833333333333335
0 0.04 0.43041666666666667 0.0075 0.01916666666666667
0 0.1421875 0.4291666666666667 0.006875 0.02
0 0.2234375 0.44125000000000003 0.008125 0.020833333333333336
0 0.29625 0.4666666666666667 0.0125 0.03166666666666667
0 0.30125 0.5445833333333334 0.02625 0.05416666666666667
0 0.043437500000000004 0.78625 0.084375 0.11583333333333334
