1 0.311875 0.47000000000000003 0.015 0.03166666666666667
1 0.218125 0.4416666666666667 0.0125 0.025
1 0.198125 0.41375 0.00875 0.0175
1 0.2315625 0.40125000000000005 0.006875 0.014166666666666668
1 0.2828125 0.39458333333333334 0.005625 0.0125
1 0.366875 0.3866666666666667 0.00375 0.011666666666666667
1 0.4496875 0.38333333333333336 0.004375 0.008333333333333333
1 0.548125 0.385 0.00375 0.01
1 0.6096875 0.3879166666666667 0.001875 0.010833333333333334
1 0.6896875 0.39125000000000004 0.005625 0.0125
1 0.7896875 0.40375000000000005 0.004375 0.0125
1 0.789375 0.5650000000000001 0.0225 0.060000000000000005
2 0.064375 0.48500000000000004 0.02375 0.03666666666666667
3 0.74875 0.43083333333333335 0.02125 0.03666666666666667
0 0.320625 0.5783333333333334 0.0325 0.06833333333333334
0 0.375625 0.42708333333333337 0.0125 0.020833333333333336
0 0.316875 0.41208333333333336 0.01 0.0175
0 0.3259375 0.4008333333333334 0.006875 0.015000000000000001
0 0.3659375 0.39333333333333337 0.006875 0.011666666666666667
0 0.41500000000000004 0.39 0.005 0.011666666666666667
0 0.4771875 0.3891666666666667 0.003125 0.01
0 0.5425 0.38833333333333336 0.005 0.01
0 0.605625 0.39083333333333337 0.005 0.011666666666666667
0 0.67375 0.39583333333333337 0.005 0.013333333333333334
0 0.7328125 0.40208333333333335 0.005625 0.0125
0 0.7828125 0.4379166666666667 0.009375 0.022500000000000003
0 0.7940625 0.41250000000000003 0.006875 0.018333333333333333
0 0.6684375 0.4429166666666667 0.015625 0.0275
0 0.5096875 0.4429166666666667 0.016875 0.025833333333333337
