3 0.1221875 0.6304166666666667 0.043125000000000004 0.13583333333333333
3 0.7778125 0.6829166666666667 0.043125000000000004 0.16416666666666668
1 0.7815625 0.57875 0.033125 0.060833333333333336
1 0.408125 0.46 0.01375 0.030000000000000002
1 0.2790625 0.43375 0.010625 0.022500000000000003
1 0.1778125 0.42791666666666667 0.008125 0.0175
1 0.028125 0.43000000000000005 0.00875 0.016666666666666666
0 0.0778125 0.44583333333333336 0.010625 0.02
0 0.1696875 0.4566666666666667 0.015625 0.025
0 0.228125 0.48875 0.01625 0.035833333333333335
0 0.2028125 0.5687500000000001 0.029375000000000002 0.0575
0 0.0228125 0.7466666666666667 0.044375 0.11
0 0.7831250000000001 0.4479166666666667 0.0125 0.022500000000000003
0 0.6159375 0.47125000000000006 0.013125 0.030833333333333334
2 0.5996875 0.4395833333333334 0.009375 0.02416666666666667
2 0.5909375 0.4241666666666667 0.006875 0.016666666666666666
2 0.579375 0.41375 0.0075 0.014166666666666668
2 0.5665625 0.40625 0.005625 0.0125
2 0.5371875 0.4083333333333334 0.005625 0.013333333333333334
2 0.50875 0.40625 0.00625 0.0125
2 0.47781250000000003 0.40625 0.005625 0.0125
2 0.4659375 0.41500000000000004 0.006875 0.016666666666666666
2 0.45406250000000004 0.4216666666666667 0.008125 0.018333333333333333
2 0.43375 0.4366666666666667 0.01125 0.021666666666666667
