2 0.466875 0.44083333333333335 0.0125 0.02666666666666667
2 0.49125 0.42208333333333337 0.01125 0.0175
2 0.505 0.41125 0.01 0.01916666666666667
2 0.5175 0.4008333333333334 0.0075 0.018333333333333333
2 0.55125 0.4025 0.00625 0.016666666666666666
2 0.5806250000000001 0.4025 0.00875 0.015000000000000001
2 0.615625 0.40208333333333335 0.00625 0.0175
2 0.630625 0.41125 0.00625 0.015833333333333335
2 0.644375 0.4229166666666667 0.01 0.0175
2 0.6596875 0.4429166666666667 0.013125 0.02416666666666667
0 0.6853125 0.49083333333333334 0.018125 0.04
0 0.1325 0.6470833333333333 0.05625 0.08416666666666667
0 0.21281250000000002 0.5108333333333334 0.020625 0.04666666666666667
0 0.1690625 0.46166666666666667 0.014375 0.028333333333333335
0 0.07968750000000001 0.44625000000000004 0.010625 0.02416666666666667
1 0.0409375 0.4295833333333334 0.009375 0.020833333333333336
1 0.1915625 0.4266666666666667 0.009375 0.021666666666666667
1 0.296875 0.4354166666666667 0.0125 0.022500000000000003
1 0.43343750000000003 0.47125000000000006 0.018125 0.035833333333333335
