0 0.1871875 0.5783333333333334 0.033125 0.06166666666666667
0 0.20875 0.47750000000000004 0.0175 0.03333333333333333
0 0.14 0.4475 0.0125 0.023333333333333334
0 0.058125 0.43833333333333335 0.01125 0.02
1 0.009375 0.4241666666666667 0.0075 0.015000000000000001
1 0.1284375 0.42083333333333334 0.008125 0.015000000000000001
1 0.2753125 0.42750000000000005 0.010625 0.02
1 0.3825 0.44583333333333336 0.01125 0.025
1 0.5371875 0.52625 0.026875 0.0475
2 0.5953125 0.46625000000000005 0.019375 0.0325
2 0.6309375 0.43833333333333335 0.013125 0.023333333333333334
2 0.64625 0.4229166666666667 0.01125 0.01916666666666667
2 0.6628125 0.41000000000000003 0.008125 0.018333333333333333
2 0.7046875 0.41250000000000003 0.008125 0.018333333333333333
2 0.7440625 0.41375 0.008125 0.015833333333333335
2 0.7846875 0.41625 0.010625 0.0175
