0 0.4209375 0.5379166666666667 0.024375 0.05416666666666667
0 0.701875 0.4529166666666667 0.01625 0.029166666666666667
0 0.330625 0.36458333333333337 0.00625 0.020833333333333336
1 0.33375 0.3695833333333334 0.0075 0.01916666666666667
1 0.774375 0.3866666666666667 0.005 0.011666666666666667
1 0.7959375 0.4025 0.006875 0.016666666666666666
1 0.7965625000000001 0.3829166666666667 0.005625 0.0125
2 0.69125 0.4241666666666667 0.0125 0.021666666666666667
2 0.7171875 0.40708333333333335 0.006875 0.0175
2 0.6046875 0.4 0.006875 0.015000000000000001
2 0.550625 0.4129166666666667 0.01 0.01916666666666667
2 0.37875000000000003 0.3779166666666667 0.00375 0.009166666666666667
2 0.3459375 0.3741666666666667 0.003125 0.008333333333333333
2 0.4221875 0.37041666666666667 0.004375 0.009166666666666667
3 0.3828125 0.3695833333333334 0.004375 0.014166666666666668
3 0.3046875 0.37375 0.004375 0.015833333333333335
3 0.2559375 0.3579166666666667 0.005625 0.02416666666666667
2 0.24625 0.36125 0.005 0.014166666666666668
3 0.2540625 0.3925 0.006875 0.025
