0 0.45687500000000003 0.5120833333333333 0.025 0.04583333333333334
0 0.71375 0.4445833333333334 0.01375 0.0275
0 0.64625 0.36375 0.00625 0.015833333333333335
1 0.6484375 0.36375 0.005625 0.0175
3 0.578125 0.36041666666666666 0.005 0.0125
3 0.7106250000000001 0.3745833333333334 0.00375 0.009166666666666667
3 0.6721875 0.3766666666666667 0.003125 0.008333333333333333
3 0.67625 0.37041666666666667 0.00375 0.010833333333333334
3 0.63625 0.3741666666666667 0.00375 0.013333333333333334
3 0.606875 0.37083333333333335 0.0025 0.015000000000000001
3 0.5806250000000001 0.3841666666666667 0.005 0.016666666666666666
3 0.5840625 0.3554166666666667 0.005625 0.0175
