0 0.289375 0.5975 0.045 0.07333333333333333
0 0.6440625 0.45958333333333334 0.019375 0.0325
0 0.5575 0.36250000000000004 0.00625 0.016666666666666666
1 0.560625 0.36458333333333337 0.0075 0.015833333333333335
2 0.7371875 0.4058333333333334 0.009375 0.016666666666666666
2 0.7890625 0.39875000000000005 0.008125 0.015833333333333335
2 0.623125 0.3716666666666667 0.005 0.008333333333333333
2 0.5853125 0.37583333333333335 0.004375 0.008333333333333333
2 0.5834375 0.3745833333333334 0.004375 0.009166666666666667
2 0.484375 0.3579166666666667 0.00625 0.014166666666666668
3 0.486875 0.3829166666666667 0.0075 0.020833333333333336
3 0.4909375 0.35458333333333336 0.006875 0.020833333333333336
3 0.516875 0.37083333333333335 0.00625 0.013333333333333334
3 0.5471875 0.3716666666666667 0.005625 0.015000000000000001
3 0.5875 0.36833333333333335 0.005 0.011666666666666667
