3 0.30125 0.36625 0.0075 0.02416666666666667
3 0.2971875 0.39875000000000005 0.008125 0.022500000000000003
3 0.418125 0.3779166666666667 0.00375 0.015833333333333335
3 0.3409375 0.38083333333333336 0.004375 0.016666666666666666
2 0.29281250000000003 0.36875 0.009375 0.015833333333333335
2 0.4140625 0.38833333333333336 0.003125 0.008333333333333333
2 0.45625 0.3825 0.0025 0.008333333333333333
2 0.413125 0.3866666666666667 0.0025 0.008333333333333333
2 0.5825 0.42208333333333337 0.00875 0.0175
2 0.6353125000000001 0.4104166666666667 0.005625 0.015833333333333335
2 0.7440625 0.4179166666666667 0.005625 0.01916666666666667
2 0.71625 0.43250000000000005 0.01125 0.021666666666666667
0 0.723125 0.4579166666666667 0.01375 0.0275
0 0.470625 0.5220833333333333 0.03 0.0475
0 0.373125 0.37583333333333335 0.00875 0.02
1 0.37625000000000003 0.3775 0.00875 0.016666666666666666
