0 0.2425 0.5683333333333334 0.0375 0.060000000000000005
0 0.2584375 0.4741666666666667 0.020625 0.03166666666666667
0 0.1890625 0.4454166666666667 0.015625 0.02416666666666667
0 0.1090625 0.43583333333333335 0.014375 0.02
0 0.00625 0.43625 0.0125 0.0175
1 0.0603125 0.42083333333333334 0.006875 0.015000000000000001
1 0.1759375 0.41708333333333336 0.011875 0.0175
1 0.32125 0.4254166666666667 0.01375 0.022500000000000003
1 0.4259375 0.4454166666666667 0.014375 0.025833333333333337
1 0.5806250000000001 0.52625 0.03125 0.052500000000000005
2 0.6384375 0.47000000000000003 0.018125 0.03333333333333333
2 0.6740625 0.44083333333333335 0.015625 0.023333333333333334
2 0.689375 0.42500000000000004 0.01125 0.023333333333333334
2 0.7056250000000001 0.4129166666666667 0.00875 0.01916666666666667
2 0.7475 0.4154166666666667 0.01 0.0175
2 0.7878125 0.4166666666666667 0.010625 0.018333333333333333
