2 0.441875 0.42208333333333337 0.0075 0.0175
2 0.46 0.4116666666666667 0.00375 0.013333333333333334
2 0.468125 0.40708333333333335 0.00375 0.0125
2 0.4790625 0.4025 0.003125 0.01
2 0.505625 0.4029166666666667 0.00375 0.0125
2 0.5321875 0.40166666666666667 0.004375 0.01
2 0.55875 0.4008333333333334 0.005 0.011666666666666667
2 0.5671875000000001 0.4058333333333334 0.004375 0.01
2 0.574375 0.41458333333333336 0.00375 0.014166666666666668
2 0.5775 0.42583333333333334 0.0075 0.015000000000000001
3 0.6234375 0.515 0.034375 0.085
3 0.690625 0.6358333333333334 0.0675 0.14500000000000002
3 0.2690625 0.5041666666666667 0.031875 0.07666666666666667
3 0.15156250000000002 0.5741666666666667 0.046875 0.10833333333333334
1 0.6315625 0.5729166666666667 0.033125 0.060833333333333336
1 0.6609375000000001 0.4941666666666667 0.020625 0.04
1 0.74625 0.46625000000000005 0.015 0.030833333333333334
1 0.42125 0.4370833333333334 0.0125 0.022500000000000003
1 0.31125 0.42208333333333337 0.01 0.015833333333333335
1 0.22 0.41833333333333333 0.00625 0.015000000000000001
1 0.08625000000000001 0.4204166666666667 0.005 0.0125
0 0.0565625 0.4295833333333334 0.006875 0.0175
0 0.14250000000000002 0.4291666666666667 0.0075 0.015000000000000001
0 0.23 0.4354166666666667 0.0075 0.01916666666666667
0 0.29031250000000003 0.4529166666666667 0.016875 0.0275
0 0.2965625 0.4879166666666667 0.016875 0.03416666666666667
0 0.2325 0.5454166666666667 0.03375 0.0575
0 0.5806250000000001 0.44333333333333336 0.01 0.02
0 0.7262500000000001 0.43125 0.00875 0.0175
