0 0.2696875 0.5770833333333334 0.038125 0.06416666666666668
0 0.5759375 0.4579166666666667 0.019375 0.0325
0 0.7840625 0.43083333333333335 0.014375 0.023333333333333334
1 0.77375 0.6716666666666667 0.051250000000000004 0.09333333333333334
1 0.7909375000000001 0.5029166666666667 0.018125 0.04416666666666667
0 0.7471875 0.3670833333333334 0.005625 0.014166666666666668
1 0.74875 0.36833333333333335 0.005 0.013333333333333334
2 0.7840625 0.38125000000000003 0.005625 0.0125
2 0.7565625 0.37583333333333335 0.004375 0.008333333333333333
2 0.68625 0.3616666666666667 0.005 0.011666666666666667
3 0.7896875 0.3754166666666667 0.004375 0.010833333333333334
3 0.720625 0.3745833333333334 0.005 0.010833333333333334
3 0.6890625 0.38458333333333333 0.006875 0.015833333333333335
3 0.691875 0.35875 0.0075 0.0175
