0 0.1384375 0.6595833333333334 0.043125000000000004 0.08416666666666667
0 0.4596875 0.5058333333333334 0.023125 0.043333333333333335
0 0.4265625 0.4041666666666667 0.006875 0.015000000000000001
0 0.431875 0.39583333333333337 0.00625 0.011666666666666667
0 0.4678125 0.3891666666666667 0.005625 0.011666666666666667
0 0.48281250000000003 0.41625 0.008125 0.0175
0 0.5978125 0.42833333333333334 0.010625 0.021666666666666667
0 0.7384375 0.43041666666666667 0.013125 0.020833333333333336
0 0.511875 0.38583333333333336 0.005 0.01
0 0.570625 0.38375000000000004 0.005 0.010833333333333334
0 0.633125 0.3854166666666667 0.005 0.010833333333333334
0 0.694375 0.38875000000000004 0.005 0.010833333333333334
0 0.7609375 0.39333333333333337 0.004375 0.01
2 0.069375 0.4566666666666667 0.015 0.025
2 0.17375000000000002 0.5116666666666667 0.0225 0.043333333333333335
2 0.2390625 0.4525 0.014375 0.028333333333333335
1 0.43593750000000003 0.4454166666666667 0.014375 0.0275
1 0.349375 0.4254166666666667 0.0125 0.020833333333333336
1 0.3209375 0.40458333333333335 0.009375 0.014166666666666668
1 0.3459375 0.395 0.008125 0.011666666666666667
1 0.39 0.38875000000000004 0.0075 0.010833333333333334
1 0.545 0.3816666666666667 0.00375 0.008333333333333333
1 0.6384375 0.3825 0.004375 0.008333333333333333
1 0.700625 0.38583333333333336 0.00375 0.008333333333333333
1 0.7784375 0.39083333333333337 0.006875 0.01
1 0.4653125 0.38333333333333336 0.004375 0.008333333333333333
