3 0.3753125 0.5020833333333333 0.035625000000000004 0.07416666666666667
3 0.4521875 0.46875000000000006 0.026875 0.0575
3 0.7521875 0.55625 0.046875 0.10083333333333334
3 0.7378125 0.4920833333333334 0.030625 0.06916666666666667
0 0.2071875 0.5708333333333334 0.040625 0.065
0 0.426875 0.49375 0.025 0.03916666666666667
0 0.4734375 0.4608333333333334 0.016875 0.030000000000000002
0 0.46375 0.43833333333333335 0.01 0.02
0 0.40718750000000004 0.42250000000000004 0.009375 0.016666666666666666
0 0.7234375000000001 0.4425 0.009375 0.02
0 0.3303125 0.41500000000000004 0.009375 0.015000000000000001
0 0.255625 0.41208333333333336 0.00875 0.014166666666666668
0 0.168125 0.4133333333333334 0.00875 0.015000000000000001
0 0.0828125 0.41750000000000004 0.006875 0.016666666666666666
1 0.0971875 0.4104166666666667 0.008125 0.0125
1 0.18 0.40708333333333335 0.0075 0.0125
1 0.27625 0.405 0.00625 0.013333333333333334
1 0.3959375 0.4079166666666667 0.008125 0.014166666666666668
1 0.479375 0.4141666666666667 0.00875 0.015000000000000001
1 0.5790625 0.43000000000000005 0.011875 0.02
1 0.730625 0.52625 0.0275 0.05416666666666667
1 0.781875 0.48125 0.02375 0.037500000000000006
2 0.5990625 0.41958333333333336 0.009375 0.015833333333333335
2 0.61625 0.41125 0.0075 0.015833333333333335
2 0.62625 0.40750000000000003 0.00625 0.011666666666666667
2 0.636875 0.40375000000000005 0.0075 0.0125
2 0.6653125 0.405 0.006875 0.011666666666666667
2 0.6903125 0.4054166666666667 0.005625 0.010833333333333334
2 0.71625 0.4066666666666667 0.00625 0.011666666666666667
2 0.72375 0.4116666666666667 0.00625 0.013333333333333334
2 0.729375 0.41708333333333336 0.0075 0.014166666666666668
2 0.72875 0.42708333333333337 0.00875 0.014166666666666668
