0 0.09531250000000001 0.7154166666666667 0.044375 0.10250000000000001
0 0.5990625 0.4783333333333334 0.018125 0.03833333333333334
0 0.503125 0.36333333333333334 0.005 0.016666666666666666
1 0.5065625 0.36458333333333337 0.005625 0.015833333333333335
2 0.6934375 0.4104166666666667 0.008125 0.01916666666666667
2 0.7459375 0.4008333333333334 0.005625 0.015000000000000001
2 0.5725 0.3720833333333334 0.005 0.009166666666666667
2 0.533125 0.37833333333333335 0.00375 0.01
2 0.53125 0.3741666666666667 0.00375 0.008333333333333333
2 0.425 0.3591666666666667 0.00625 0.016666666666666666
3 0.4325 0.35500000000000004 0.00875 0.02
3 0.429375 0.38625000000000004 0.00625 0.020833333333333336
3 0.463125 0.37083333333333335 0.005 0.015000000000000001
3 0.4940625 0.37083333333333335 0.004375 0.015000000000000001
3 0.5371875 0.36791666666666667 0.004375 0.0125
