0 0.35625 0.5708333333333334 0.03 0.06666666666666667
0 0.6584375 0.45958333333333334 0.011875 0.035833333333333335
1 0.7478125 0.40125000000000005 0.009375 0.01916666666666667
1 0.7246875 0.38833333333333336 0.006875 0.011666666666666667
1 0.7459375 0.3841666666666667 0.009375 0.011666666666666667
1 0.786875 0.38125000000000003 0.00625 0.009166666666666667
1 0.2740625 0.37625000000000003 0.009375 0.02416666666666667
2 0.5009375 0.4204166666666667 0.013125 0.02416666666666667
2 0.556875 0.4041666666666667 0.01 0.016666666666666666
2 0.645625 0.43041666666666667 0.0125 0.02416666666666667
2 0.6709375 0.41250000000000003 0.009375 0.018333333333333333
2 0.3721875 0.3795833333333334 0.006875 0.010833333333333334
2 0.3259375 0.3866666666666667 0.008125 0.008333333333333333
2 0.2940625 0.38208333333333333 0.005625 0.009166666666666667
3 0.3328125 0.3775 0.009375 0.011666666666666667
3 0.25125000000000003 0.3841666666666667 0.00875 0.015000000000000001
3 0.195625 0.36750000000000005 0.01 0.02666666666666667
2 0.1865625 0.37125 0.008125 0.014166666666666668
3 0.195 0.405 0.01125 0.030000000000000002
