2 0.71125 0.4083333333333334 0.00875 0.015000000000000001
2 0.7621875 0.39875000000000005 0.006875 0.014166666666666668
2 0.446875 0.35875 0.005 0.015833333333333335
2 0.551875 0.3770833333333334 0.00375 0.010833333333333334
3 0.5553125 0.37000000000000005 0.005625 0.011666666666666667
3 0.51375 0.3716666666666667 0.005 0.013333333333333334
3 0.48281250000000003 0.3716666666666667 0.008125 0.015000000000000001
3 0.45437500000000003 0.35583333333333333 0.00625 0.018333333333333333
3 0.4496875 0.38583333333333336 0.006875 0.02
0 0.5231250000000001 0.3641666666666667 0.00625 0.016666666666666666
0 0.6168750000000001 0.47250000000000003 0.015 0.03333333333333333
0 0.1690625 0.6733333333333333 0.043125000000000004 0.08833333333333333
1 0.5271875 0.3666666666666667 0.006875 0.015000000000000001
