0 0.0534375 0.78 0.080625 0.12666666666666668
0 0.28500000000000003 0.5408333333333334 0.03125 0.055
0 0.275625 0.46416666666666667 0.01875 0.035
0 0.20125 0.4391666666666667 0.015 0.021666666666666667
0 0.12 0.43041666666666667 0.0125 0.01916666666666667
0 0.0171875 0.43125 0.011875 0.020833333333333336
1 0.0671875 0.4166666666666667 0.008125 0.016666666666666666
1 0.181875 0.4141666666666667 0.01125 0.018333333333333333
1 0.324375 0.4229166666666667 0.01125 0.01916666666666667
1 0.4290625 0.44 0.015625 0.025
1 0.5765625 0.5070833333333333 0.026875 0.0475
2 0.6275000000000001 0.4604166666666667 0.01875 0.0325
2 0.6596875 0.4366666666666667 0.015625 0.023333333333333334
2 0.6743750000000001 0.42375 0.0125 0.020833333333333336
2 0.6896875 0.41208333333333336 0.010625 0.0175
2 0.7303125 0.41458333333333336 0.010625 0.01916666666666667
2 0.76875 0.41625 0.01125 0.0175
