0 0.29125 0.5904166666666667 0.04125 0.07083333333333333
0 0.6159375 0.4625 0.020625 0.03166666666666667
0 0.7696875 0.4429166666666667 0.015625 0.025833333333333337
0 0.770625 0.39416666666666667 0.00625 0.015000000000000001
0 0.7775 0.3891666666666667 0.0075 0.013333333333333334
1 0.76625 0.4179166666666667 0.01125 0.020833333333333336
1 0.7028125000000001 0.40375000000000005 0.008125 0.015833333333333335
1 0.68 0.3891666666666667 0.00625 0.013333333333333334
1 0.7003125 0.38458333333333333 0.005625 0.0125
1 0.7403125 0.38208333333333333 0.005625 0.0125
2 0.6012500000000001 0.43083333333333335 0.01375 0.025
2 0.6271875 0.41125 0.015625 0.01916666666666667
2 0.5125 0.4079166666666667 0.01125 0.0175
2 0.4553125 0.4229166666666667 0.013125 0.01916666666666667
1 0.22312500000000002 0.38333333333333336 0.01125 0.023333333333333334
0 0.22 0.38208333333333333 0.0125 0.0325
3 0.2353125 0.3854166666666667 0.008125 0.01916666666666667
3 0.2028125 0.38458333333333333 0.009375 0.01916666666666667
3 0.141875 0.3716666666666667 0.0125 0.030000000000000002
3 0.1409375 0.4091666666666667 0.011875 0.028333333333333335
3 0.2853125 0.38083333333333336 0.008125 0.013333333333333334
2 0.3259375 0.38125000000000003 0.005625 0.010833333333333334
2 0.2790625 0.38833333333333336 0.005625 0.015000000000000001
2 0.24656250000000002 0.385 0.005625 0.011666666666666667
2 0.1315625 0.3770833333333334 0.008125 0.020833333333333336
