0 0.054375 0.77625 0.08 0.1275
0 0.2784375 0.5404166666666667 0.030625 0.05583333333333334
0 0.2678125 0.465 0.021875000000000002 0.030000000000000002
0 0.19375 0.4404166666666667 0.01625 0.022500000000000003
0 0.11093750000000001 0.43250000000000005 0.013125 0.02
0 0.0075 0.4345833333333334 0.0125 0.0175
1 0.0571875 0.4191666666666667 0.010625 0.016666666666666666
1 0.1721875 0.4166666666666667 0.011875 0.018333333333333333
1 0.3159375 0.4229166666666667 0.013125 0.01916666666666667
1 0.420625 0.4395833333333334 0.01875 0.025833333333333337
1 0.568125 0.5054166666666667 0.0275 0.04416666666666667
2 0.618125 0.45958333333333334 0.02125 0.030833333333333334
2 0.649375 0.43583333333333335 0.01875 0.023333333333333334
2 0.6640625 0.4241666666666667 0.011875 0.018333333333333333
2 0.6796875 0.41250000000000003 0.010625 0.015000000000000001
2 0.7196875 0.4129166666666667 0.011875 0.01916666666666667
2 0.7565625 0.41625 0.011875 0.0175
2 0.7959375 0.41750000000000004 0.008125 0.018333333333333333
