0 0.0459375 0.7345833333333334 0.069375 0.11916666666666667
0 0.519375 0.48750000000000004 0.02625 0.03833333333333334
0 0.6843750000000001 0.4541666666666667 0.01875 0.02666666666666667
0 0.7171875 0.4104166666666667 0.009375 0.015833333333333335
0 0.755 0.38875000000000004 0.00625 0.0125
0 0.7109375 0.38875000000000004 0.005625 0.014166666666666668
0 0.6778125 0.3929166666666667 0.005625 0.015833333333333335
0 0.6709375 0.39958333333333335 0.006875 0.015833333333333335
0 0.0678125 0.39458333333333334 0.008125 0.035833333333333335
1 0.07187500000000001 0.39583333333333337 0.01375 0.025
1 0.6075 0.4083333333333334 0.00875 0.016666666666666666
1 0.5815625 0.39458333333333334 0.009375 0.0125
1 0.6003125 0.38833333333333336 0.005625 0.015000000000000001
1 0.6403125000000001 0.385 0.005625 0.016666666666666666
1 0.6746875 0.4241666666666667 0.011875 0.021666666666666667
1 0.7915625000000001 0.38625000000000004 0.004375 0.010833333333333334
3 0.11 0.3979166666666667 0.00875 0.020833333333333336
3 0.16718750000000002 0.3904166666666667 0.006875 0.0175
2 0.1253125 0.395 0.006875 0.015000000000000001
2 0.1571875 0.4 0.006875 0.015000000000000001
2 0.2121875 0.3891666666666667 0.005625 0.013333333333333334
2 0.3378125 0.4379166666666667 0.013125 0.029166666666666667
2 0.4053125 0.4166666666666667 0.011875 0.021666666666666667
2 0.5034375 0.44375000000000003 0.018125 0.029166666666666667
2 0.5275 0.42083333333333334 0.01625 0.023333333333333334
