0 0.2728125 0.6041666666666667 0.064375 0.08333333333333334
0 0.639375 0.4625 0.0275 0.043333333333333335
3 0.7353125 0.4091666666666667 0.013125 0.030000000000000002
3 0.785625 0.40208333333333335 0.01625 0.01916666666666667
3 0.6196875000000001 0.3741666666666667 0.009375 0.013333333333333334
3 0.5806250000000001 0.3795833333333334 0.0125 0.0125
3 0.5840625 0.37083333333333335 0.008125 0.018333333333333333
2 0.5575 0.3670833333333334 0.0075 0.0175
2 0.544375 0.375 0.0075 0.016666666666666666
3 0.48875 0.35625 0.00875 0.022500000000000003
3 0.48375 0.38458333333333333 0.01125 0.025833333333333337
3 0.48 0.36000000000000004 0.0075 0.02
