3 0.69125 0.36291666666666667 0.00375 0.014166666666666668
3 0.7887500000000001 0.3791666666666667 0.0025 0.008333333333333333
3 0.794375 0.3754166666666667 0.00375 0.0125
3 0.6925 0.38375000000000004 0.0075 0.015833333333333335
3 0.6965625 0.3579166666666667 0.005625 0.015833333333333335
3 0.725625 0.37333333333333335 0.005 0.013333333333333334
1 0.7540625 0.3695833333333334 0.003125 0.010833333333333334
1 0.7915625000000001 0.5 0.016875 0.043333333333333335
1 0.770625 0.6595833333333334 0.0425 0.08750000000000001
0 0.2775 0.57375 0.03125 0.060833333333333336
0 0.5803125 0.45708333333333334 0.015625 0.029166666666666667
0 0.7515625 0.36583333333333334 0.004375 0.01
0 0.788125 0.43041666666666667 0.01 0.022500000000000003
