0 0.021875000000000002 0.7441666666666668 0.04125 0.13333333333333333
2 0.076875 0.5341666666666667 0.03625 0.060000000000000005
2 0.16468750000000001 0.4579166666666667 0.021875000000000002 0.04416666666666667
0 0.39968750000000003 0.52 0.034375 0.065
1 0.376875 0.4504166666666667 0.0175 0.035833333333333335
1 0.2840625 0.4291666666666667 0.019375 0.030000000000000002
1 0.25906250000000003 0.40625 0.015625 0.020833333333333336
1 0.28500000000000003 0.39666666666666667 0.01125 0.025
1 0.3325 0.3879166666666667 0.00875 0.0175
0 0.5471875 0.4291666666666667 0.016875 0.030000000000000002
0 0.4253125 0.4179166666666667 0.014375 0.022500000000000003
0 0.3675 0.4054166666666667 0.01375 0.0175
0 0.374375 0.39375000000000004 0.01125 0.0175
0 0.411875 0.38958333333333334 0.01 0.014166666666666668
1 0.40875 0.3825 0.01 0.013333333333333334
0 0.45687500000000003 0.385 0.005 0.013333333333333334
1 0.49062500000000003 0.3791666666666667 0.00625 0.015000000000000001
0 0.51625 0.3816666666666667 0.0075 0.013333333333333334
0 0.57875 0.3841666666666667 0.0075 0.013333333333333334
1 0.5853125 0.38083333333333336 0.008125 0.015000000000000001
0 0.64 0.38625000000000004 0.005 0.010833333333333334
1 0.6459375 0.3841666666666667 0.004375 0.011666666666666667
0 0.705 0.38958333333333334 0.01 0.0125
1 0.7212500000000001 0.3866666666666667 0.01 0.015000000000000001
0 0.6884375 0.42750000000000005 0.018125 0.030000000000000002
1 0.7690625 0.5158333333333334 0.038125 0.060000000000000005
3 0.7678125 0.41958333333333336 0.013125 0.0425
0 0.764375 0.395 0.0125 0.016666666666666666
