0 0.2640625 0.5816666666666667 0.035625000000000004 0.07833333333333334
0 0.574375 0.4579166666666667 0.0175 0.0325
0 0.7837500000000001 0.43291666666666667 0.0125 0.0275
1 0.7934375 0.5041666666666667 0.014375 0.05
1 0.7831250000000001 0.68125 0.0275 0.08916666666666667
3 0.6900000000000001 0.3579166666666667 0.0075 0.020833333333333336
3 0.6871875000000001 0.38083333333333336 0.008125 0.02
2 0.6843750000000001 0.3616666666666667 0.00625 0.018333333333333333
1 0.745 0.37000000000000005 0.00875 0.015000000000000001
2 0.7803125 0.38125000000000003 0.006875 0.010833333333333334
3 0.786875 0.3741666666666667 0.00375 0.013333333333333334
