0 0.1696875 0.6533333333333333 0.051875000000000004 0.08833333333333333
0 0.5546875 0.4733333333333334 0.023125 0.03666666666666667
0 0.7121875 0.44583333333333336 0.014375 0.028333333333333335
0 0.75125 0.40625 0.01 0.015833333333333335
0 0.7471875 0.3879166666666667 0.005625 0.009166666666666667
0 0.7928125 0.38458333333333333 0.005625 0.009166666666666667
0 0.7056250000000001 0.39375000000000004 0.0075 0.010833333333333334
0 0.7128125 0.3891666666666667 0.006875 0.011666666666666667
0 0.13 0.385 0.00625 0.02666666666666667
1 0.13593750000000002 0.3875 0.010625 0.021666666666666667
1 0.7828125 0.7829166666666667 0.035625000000000004 0.10916666666666668
1 0.6409375 0.40458333333333335 0.009375 0.0175
1 0.7065625 0.41833333333333333 0.011875 0.021666666666666667
1 0.6759375 0.3816666666666667 0.004375 0.01
1 0.63625 0.385 0.00625 0.01
1 0.6159375 0.39125000000000004 0.005625 0.0125
1 0.748125 0.38 0.005 0.01
2 0.385 0.4291666666666667 0.01375 0.021666666666666667
2 0.44625000000000004 0.40958333333333335 0.01 0.0175
2 0.5396875 0.4354166666666667 0.014375 0.0275
2 0.5646875 0.4129166666666667 0.011875 0.022500000000000003
2 0.25625 0.38375000000000004 0.005 0.009166666666666667
2 0.205625 0.39333333333333337 0.00625 0.013333333333333334
2 0.1728125 0.38958333333333334 0.005625 0.009166666666666667
2 0.0409375 0.38208333333333333 0.006875 0.020833333333333336
3 0.050937500000000004 0.3770833333333334 0.011875 0.030833333333333334
3 0.0521875 0.41750000000000004 0.011875 0.030000000000000002
3 0.1596875 0.39083333333333337 0.008125 0.016666666666666666
3 0.2134375 0.38458333333333333 0.008125 0.015833333333333335
3 0.125 0.39125000000000004 0.00625 0.0175
