0 0.28125 0.56 0.02875 0.055
0 0.040625 0.43125 0.01 0.0175
0 0.141875 0.4320833333333334 0.01 0.0175
0 0.22 0.4420833333333334 0.01375 0.022500000000000003
0 0.29 0.47125000000000006 0.01625 0.030833333333333334
1 0.093125 0.41708333333333336 0.00875 0.014166666666666668
1 0.2065625 0.41583333333333333 0.008125 0.016666666666666666
1 0.3490625 0.42583333333333334 0.013125 0.018333333333333333
1 0.4553125 0.4445833333333334 0.013125 0.02416666666666667
1 0.6071875 0.52375 0.024375 0.0475
2 0.665625 0.4708333333333334 0.01875 0.03166666666666667
2 0.7000000000000001 0.44375000000000003 0.015 0.022500000000000003
2 0.716875 0.42833333333333334 0.01125 0.02
2 0.7325 0.4166666666666667 0.00875 0.018333333333333333
2 0.775625 0.4204166666666667 0.0075 0.015833333333333335
