0 0.19125 0.79125 0.0725 0.10750000000000001
0 0.4709375 0.4966666666666667 0.023125 0.04
0 0.594375 0.44 0.0125 0.02666666666666667
0 0.7303125 0.42333333333333334 0.014375 0.02
1 0.7781250000000001 0.46416666666666667 0.01875 0.03333333333333333
1 0.7853125 0.5291666666666667 0.028125 0.05333333333333334
2 0.12625 0.5358333333333334 0.02625 0.05333333333333334
2 0.11031250000000001 0.4766666666666667 0.016875 0.03333333333333333
2 0.09375 0.4504166666666667 0.0125 0.025833333333333337
2 0.0771875 0.4341666666666667 0.009375 0.02
2 0.03 0.43833333333333335 0.01125 0.023333333333333334
