0 0.33437500000000003 0.47625 0.0225 0.03916666666666667
0 0.1734375 0.45958333333333334 0.018125 0.029166666666666667
0 0.113125 0.43875000000000003 0.0125 0.022500000000000003
0 0.13593750000000002 0.42208333333333337 0.009375 0.0175
0 0.1890625 0.4091666666666667 0.008125 0.016666666666666666
0 0.2484375 0.4008333333333334 0.006875 0.015000000000000001
0 0.31875000000000003 0.395 0.00625 0.011666666666666667
0 0.39156250000000004 0.39333333333333337 0.006875 0.011666666666666667
0 0.4590625 0.39333333333333337 0.005625 0.011666666666666667
0 0.530625 0.395 0.0075 0.013333333333333334
0 0.5953125 0.4008333333333334 0.006875 0.015000000000000001
0 0.661875 0.40875 0.00875 0.0175
0 0.7056250000000001 0.42125 0.0075 0.01916666666666667
0 0.7071875 0.43500000000000005 0.011875 0.021666666666666667
0 0.669375 0.44583333333333336 0.0175 0.028333333333333335
0 0.54 0.46416666666666667 0.02125 0.03166666666666667
3 0.634375 0.44375000000000003 0.0225 0.0475
3 0.6900000000000001 0.43333333333333335 0.02 0.04
1 0.725625 0.40750000000000003 0.00625 0.013333333333333334
1 0.6528125 0.39958333333333335 0.006875 0.0125
1 0.5471875 0.39208333333333334 0.006875 0.0125
1 0.464375 0.38875000000000004 0.00625 0.010833333333333334
1 0.3971875 0.38875000000000004 0.004375 0.010833333333333334
1 0.29125 0.3916666666666667 0.00625 0.011666666666666667
1 0.1953125 0.39666666666666667 0.006875 0.015000000000000001
1 0.093125 0.4108333333333334 0.0075 0.018333333333333333
1 0.0221875 0.4266666666666667 0.010625 0.018333333333333333
1 0.031875 0.55 0.03125 0.055
