0 0.470625 0.5075000000000001 0.02125 0.045000000000000005
0 0.655 0.45958333333333334 0.015 0.029166666666666667
0 0.6793750000000001 0.4083333333333334 0.0075 0.018333333333333333
0 0.63 0.3975 0.00625 0.011666666666666667
0 0.6340625 0.3891666666666667 0.005625 0.011666666666666667
0 0.6690625 0.38708333333333333 0.003125 0.010833333333333334
0 0.7121875 0.3841666666666667 0.005625 0.01
0 0.7715625 0.3829166666666667 0.003125 0.009166666666666667
0 0.78 0.42125 0.00875 0.020833333333333336
1 0.6390625 0.42583333333333334 0.013125 0.025
1 0.564375 0.4083333333333334 0.0075 0.018333333333333333
1 0.536875 0.39208333333333334 0.005 0.014166666666666668
1 0.5571875000000001 0.38583333333333336 0.004375 0.011666666666666667
1 0.5965625 0.38333333333333336 0.004375 0.011666666666666667
1 0.748125 0.38125000000000003 0.00375 0.009166666666666667
1 0.6675 0.38 0.00375 0.01
2 0.2728125 0.4475 0.010625 0.02666666666666667
2 0.349375 0.4204166666666667 0.00875 0.01916666666666667
2 0.453125 0.45375000000000004 0.015 0.030833333333333334
2 0.48125 0.4229166666666667 0.01125 0.022500000000000003
2 0.09 0.4091666666666667 0.005 0.011666666666666667
2 0.093125 0.40458333333333335 0.005 0.010833333333333334
2 0.1521875 0.395 0.005625 0.01
2 0.059687500000000004 0.40208333333333335 0.005625 0.009166666666666667
3 0.0409375 0.405 0.008125 0.02
3 0.1053125 0.39583333333333337 0.008125 0.018333333333333333
3 0.004375 0.40625 0.00625 0.0175
