0 0.0665625 0.7241666666666667 0.065625 0.11
0 0.52375 0.48625 0.025 0.04083333333333333
0 0.6878125 0.4541666666666667 0.016875 0.028333333333333335
0 0.721875 0.4104166666666667 0.01125 0.0175
0 0.675 0.4 0.0075 0.013333333333333334
0 0.68125 0.39375000000000004 0.00625 0.0125
0 0.71625 0.38958333333333334 0.00625 0.0125
0 0.7596875000000001 0.38833333333333336 0.006875 0.011666666666666667
0 0.075 0.3916666666666667 0.00875 0.02666666666666667
1 0.079375 0.39458333333333334 0.0125 0.025833333333333337
1 0.678125 0.42500000000000004 0.01125 0.021666666666666667
1 0.61 0.4091666666666667 0.01 0.018333333333333333
1 0.584375 0.395 0.0075 0.013333333333333334
1 0.605 0.38958333333333334 0.00625 0.010833333333333334
1 0.6440625 0.38583333333333336 0.005625 0.01
1 0.7953125 0.38625000000000004 0.005625 0.009166666666666667
2 0.1634375 0.40166666666666667 0.006875 0.013333333333333334
2 0.1309375 0.3979166666666667 0.005625 0.010833333333333334
2 0.344375 0.43833333333333335 0.015 0.025
2 0.4096875 0.41708333333333336 0.010625 0.01916666666666667
2 0.506875 0.445 0.015 0.02666666666666667
2 0.5321875 0.4204166666666667 0.011875 0.020833333333333336
3 0.116875 0.3983333333333334 0.0075 0.018333333333333333
3 0.17250000000000001 0.39125000000000004 0.0075 0.015833333333333335
2 0.216875 0.39125000000000004 0.005 0.009166666666666667
