1 0.215625 0.4966666666666667 0.01875 0.04166666666666667
1 0.12125 0.45875000000000005 0.01125 0.029166666666666667
1 0.114375 0.4241666666666667 0.00875 0.018333333333333333
1 0.155625 0.40958333333333335 0.00625 0.0175
1 0.21406250000000002 0.4 0.004375 0.01
1 0.3028125 0.3904166666666667 0.004375 0.009166666666666667
1 0.39125 0.3875 0.00375 0.011666666666666667
1 0.49125 0.38625000000000004 0.0025 0.009166666666666667
1 0.5575 0.38833333333333336 0.0025 0.008333333333333333
1 0.6384375 0.3916666666666667 0.004375 0.01
1 0.7415625 0.4033333333333334 0.004375 0.013333333333333334
3 0.7125 0.4366666666666667 0.01625 0.043333333333333335
3 0.766875 0.43041666666666667 0.01375 0.037500000000000006
0 0.7459375 0.44125000000000003 0.013125 0.02416666666666667
0 0.785625 0.4341666666666667 0.00875 0.02
0 0.79 0.4229166666666667 0.00875 0.015833333333333335
0 0.7484375 0.41208333333333336 0.005625 0.0125
0 0.6840625 0.40166666666666667 0.005625 0.011666666666666667
0 0.6215625 0.39416666666666667 0.003125 0.011666666666666667
0 0.5525 0.3916666666666667 0.00375 0.01
0 0.4190625 0.38958333333333334 0.003125 0.010833333333333334
0 0.4875 0.39083333333333337 0.00375 0.008333333333333333
0 0.35375 0.39333333333333337 0.00375 0.01
0 0.3015625 0.39916666666666667 0.004375 0.01
0 0.255 0.40875 0.00375 0.014166666666666668
0 0.2425 0.42250000000000004 0.00625 0.018333333333333333
0 0.3040625 0.4391666666666667 0.011875 0.023333333333333334
0 0.45 0.455 0.015 0.030000000000000002
0 0.6265625 0.45208333333333334 0.015625 0.029166666666666667
0 0.1790625 0.6758333333333334 0.048125 0.09000000000000001
