3 0.0228125 0.6979166666666667 0.044375 0.1275
3 0.1909375 0.5537500000000001 0.045625 0.09416666666666668
3 0.650625 0.5695833333333333 0.05 0.10916666666666668
1 0.6771875 0.6637500000000001 0.054375 0.09083333333333334
1 0.6778125 0.52375 0.028125 0.0475
1 0.7596875000000001 0.48333333333333334 0.024375 0.035
0 0.7209375 0.43875000000000003 0.010625 0.020833333333333336
0 0.5671875000000001 0.4566666666666667 0.013125 0.02666666666666667
1 0.388125 0.45 0.01375 0.025
1 0.26937500000000003 0.4295833333333334 0.01125 0.01916666666666667
0 0.2365625 0.5241666666666667 0.026875 0.04666666666666667
0 0.238125 0.47208333333333335 0.015 0.030833333333333334
0 0.134375 0.61875 0.0475 0.07416666666666667
0 0.17500000000000002 0.44875000000000004 0.01375 0.022500000000000003
1 0.17250000000000001 0.42583333333333334 0.00875 0.018333333333333333
0 0.0834375 0.4416666666666667 0.009375 0.018333333333333333
1 0.0275 0.42875 0.01 0.01916666666666667
2 0.4103125 0.4316666666666667 0.008125 0.018333333333333333
2 0.4284375 0.42083333333333334 0.008125 0.013333333333333334
2 0.43843750000000004 0.4141666666666667 0.006875 0.016666666666666666
2 0.449375 0.4079166666666667 0.0075 0.0125
2 0.4790625 0.4058333333333334 0.006875 0.013333333333333334
2 0.506875 0.40625 0.0075 0.0125
2 0.534375 0.40625 0.0075 0.014166666666666668
2 0.544375 0.4116666666666667 0.0075 0.016666666666666666
2 0.5534375 0.42083333333333334 0.009375 0.015000000000000001
2 0.55875 0.4320833333333334 0.01 0.022500000000000003
