0 0.090625 0.6908333333333334 0.05 0.10666666666666667
0 0.2134375 0.52125 0.029375000000000002 0.05583333333333334
0 0.180625 0.46625000000000005 0.02 0.035833333333333335
0 0.095 0.44875000000000004 0.01625 0.0275
0 0.005625 0.44583333333333336 0.00875 0.025
1 0.0625 0.42791666666666667 0.0175 0.022500000000000003
1 0.2121875 0.43125 0.013125 0.02416666666666667
1 0.3140625 0.44 0.014375 0.025
1 0.4565625 0.4841666666666667 0.020625 0.04166666666666667
2 0.4940625 0.4470833333333334 0.016875 0.0325
2 0.521875 0.42833333333333334 0.015 0.02
2 0.5334375 0.41833333333333333 0.009375 0.021666666666666667
2 0.54875 0.4083333333333334 0.0075 0.016666666666666666
2 0.5834375 0.4083333333333334 0.010625 0.018333333333333333
2 0.615625 0.40875 0.01125 0.0175
2 0.6503125 0.4091666666666667 0.010625 0.02
2 0.66625 0.41833333333333333 0.0125 0.021666666666666667
2 0.68125 0.4320833333333334 0.01 0.02416666666666667
2 0.6984375 0.45625000000000004 0.016875 0.03416666666666667
0 0.7312500000000001 0.5108333333333334 0.0325 0.05333333333333334
