0 0.36562500000000003 0.5508333333333334 0.0375 0.060000000000000005
0 0.6684375 0.4475 0.018125 0.030000000000000002
0 0.5884375000000001 0.3591666666666667 0.006875 0.016666666666666666
1 0.5915625 0.36083333333333334 0.006875 0.015000000000000001
2 0.7621875 0.40208333333333335 0.008125 0.0175
2 0.6531250000000001 0.36750000000000005 0.005 0.008333333333333333
2 0.516875 0.3529166666666667 0.00625 0.0125
2 0.615 0.3716666666666667 0.005 0.01
2 0.6128125 0.37083333333333335 0.004375 0.01
3 0.51875 0.3779166666666667 0.0075 0.01916666666666667
3 0.5234375 0.34958333333333336 0.008125 0.020833333333333336
3 0.5478125 0.36583333333333334 0.006875 0.015000000000000001
3 0.578125 0.36625 0.00625 0.015833333333333335
3 0.6178125 0.36500000000000005 0.005625 0.013333333333333334
