3 0.1409375 0.6075 0.046875 0.12166666666666667
3 0.7440625 0.6470833333333333 0.056875 0.14250000000000002
2 0.42562500000000003 0.43583333333333335 0.00875 0.02
2 0.4459375 0.42250000000000004 0.009375 0.016666666666666666
2 0.45625 0.41375 0.0075 0.015833333333333335
2 0.468125 0.4066666666666667 0.00625 0.011666666666666667
2 0.49875 0.4066666666666667 0.0075 0.015000000000000001
2 0.5275 0.4058333333333334 0.00625 0.013333333333333334
2 0.55625 0.405 0.0075 0.013333333333333334
2 0.56875 0.4129166666666667 0.00875 0.015833333333333335
2 0.5796875 0.42250000000000004 0.010625 0.016666666666666666
2 0.5875 0.4366666666666667 0.01125 0.02
0 0.0459375 0.7100000000000001 0.049375 0.095
0 0.21 0.5575 0.02875 0.055
0 0.22843750000000002 0.48458333333333337 0.018125 0.0325
0 0.168125 0.45333333333333337 0.01375 0.023333333333333334
0 0.075625 0.44333333333333336 0.01 0.018333333333333333
0 0.6015625 0.46708333333333335 0.015625 0.029166666666666667
0 0.7665625 0.4454166666666667 0.011875 0.022500000000000003
1 0.0240625 0.4291666666666667 0.008125 0.015000000000000001
1 0.1728125 0.4266666666666667 0.008125 0.015000000000000001
1 0.2734375 0.43250000000000005 0.009375 0.018333333333333333
1 0.400625 0.45708333333333334 0.015 0.0275
1 0.7540625 0.5645833333333333 0.031875 0.0575
