0 0.318125 0.4829166666666667 0.015 0.037500000000000006
0 0.529375 0.4675 0.01375 0.03333333333333333
3 0.625625 0.445 0.01625 0.055
0 0.660625 0.4504166666666667 0.01 0.029166666666666667
3 0.68125 0.43625 0.01125 0.04083333333333333
0 0.6975 0.43750000000000006 0.01 0.021666666666666667
0 0.69625 0.42125 0.00625 0.014166666666666668
1 0.7146875 0.40750000000000003 0.009375 0.016666666666666666
0 0.6515625 0.41000000000000003 0.008125 0.015000000000000001
1 0.6409375 0.4 0.005625 0.011666666666666667
0 0.584375 0.40166666666666667 0.00875 0.013333333333333334
1 0.5359375000000001 0.39375000000000004 0.005625 0.010833333333333334
0 0.5203125 0.39666666666666667 0.006875 0.011666666666666667
1 0.4534375 0.39125000000000004 0.005625 0.009166666666666667
0 0.4475 0.39625000000000005 0.00625 0.010833333333333334
1 0.38625 0.39083333333333337 0.00625 0.01
0 0.379375 0.39625000000000005 0.0075 0.0125
0 0.30625 0.39666666666666667 0.0075 0.011666666666666667
1 0.2778125 0.39333333333333337 0.010625 0.01
0 0.2340625 0.40375000000000005 0.008125 0.0125
1 0.1809375 0.4004166666666667 0.006875 0.0125
0 0.1753125 0.4116666666666667 0.010625 0.013333333333333334
0 0.1184375 0.42500000000000004 0.009375 0.02
1 0.076875 0.41500000000000004 0.01125 0.018333333333333333
1 0.004375 0.42750000000000005 0.0075 0.02666666666666667
0 0.093125 0.44 0.01375 0.023333333333333334
0 0.154375 0.4625 0.0125 0.030000000000000002
1 0.0103125 0.5520833333333334 0.020625 0.0675
