0 0.3096875 0.5295833333333334 0.025625000000000002 0.050833333333333335
0 0.49625 0.4758333333333334 0.01875 0.03333333333333333
0 0.5375 0.45083333333333336 0.015 0.02666666666666667
0 0.5290625 0.43041666666666667 0.010625 0.01916666666666667
0 0.4753125 0.41625 0.009375 0.015833333333333335
0 0.4 0.4079166666666667 0.00625 0.014166666666666668
0 0.3278125 0.4054166666666667 0.006875 0.0125
0 0.2459375 0.405 0.006875 0.011666666666666667
0 0.1665625 0.4079166666666667 0.006875 0.010833333333333334
0 0.0778125 0.41250000000000003 0.006875 0.011666666666666667
0 0.78 0.4391666666666667 0.01125 0.02
1 0.049375 0.40875 0.00625 0.0125
1 0.1778125 0.4008333333333334 0.006875 0.011666666666666667
1 0.2553125 0.39916666666666667 0.005625 0.01
1 0.3471875 0.39875000000000005 0.005625 0.010833333333333334
1 0.4625 0.4025 0.0075 0.011666666666666667
1 0.5434375 0.41000000000000003 0.009375 0.015000000000000001
1 0.6396875 0.42583333333333334 0.011875 0.02
1 0.769375 0.5104166666666667 0.02375 0.04416666666666667
3 0.45125 0.4791666666666667 0.025 0.06333333333333334
3 0.5190625 0.4554166666666667 0.018125 0.050833333333333335
3 0.78 0.5316666666666667 0.03625 0.08666666666666667
3 0.7809375000000001 0.48125 0.021875000000000002 0.05916666666666667
2 0.66 0.41750000000000004 0.0075 0.015000000000000001
2 0.6778125 0.4116666666666667 0.006875 0.013333333333333334
2 0.688125 0.40708333333333335 0.005 0.0125
2 0.700625 0.4029166666666667 0.005 0.010833333333333334
2 0.7284375 0.4041666666666667 0.004375 0.01
2 0.754375 0.4058333333333334 0.00625 0.01
2 0.78125 0.40750000000000003 0.005 0.011666666666666667
2 0.786875 0.4266666666666667 0.0075 0.015000000000000001
2 0.786875 0.4141666666666667 0.0075 0.015000000000000001
