0 0.104375 0.7254166666666667 0.0575 0.10750000000000001
0 0.599375 0.4525 0.01875 0.030000000000000002
0 0.4175 0.45958333333333334 0.0225 0.029166666666666667
0 0.2675 0.4420833333333334 0.01625 0.025833333333333337
0 0.2059375 0.42500000000000004 0.013125 0.018333333333333333
0 0.2215625 0.4104166666666667 0.008125 0.015833333333333335
0 0.26937500000000003 0.40125000000000005 0.00625 0.010833333333333334
0 0.3228125 0.3929166666666667 0.005625 0.0125
0 0.38906250000000003 0.39 0.005625 0.011666666666666667
0 0.458125 0.38875000000000004 0.005 0.010833333333333334
0 0.52375 0.39125000000000004 0.005 0.010833333333333334
0 0.59375 0.395 0.005 0.011666666666666667
0 0.6565625 0.4004166666666667 0.004375 0.0125
0 0.7209375 0.40958333333333335 0.006875 0.014166666666666668
0 0.7628125 0.42083333333333334 0.010625 0.016666666666666666
0 0.76 0.43291666666666667 0.01125 0.01916666666666667
0 0.7209375 0.44083333333333335 0.015625 0.025
1 0.168125 0.5075000000000001 0.02375 0.043333333333333335
1 0.075625 0.4658333333333334 0.0175 0.030000000000000002
1 0.074375 0.42833333333333334 0.0125 0.018333333333333333
1 0.11750000000000001 0.4133333333333334 0.00875 0.015000000000000001
1 0.17875 0.4025 0.0075 0.011666666666666667
1 0.2715625 0.39208333333333334 0.005625 0.009166666666666667
1 0.361875 0.38625000000000004 0.005 0.009166666666666667
1 0.46375 0.38625000000000004 0.005 0.009166666666666667
1 0.52875 0.3879166666666667 0.005 0.009166666666666667
1 0.61 0.39125000000000004 0.00625 0.010833333333333334
1 0.7134375000000001 0.39958333333333335 0.006875 0.014166666666666668
1 0.786875 0.4091666666666667 0.00875 0.015000000000000001
3 0.6878125 0.43625 0.023125 0.04416666666666667
3 0.7415625 0.43041666666666667 0.018125 0.037500000000000006
