2 0.1390625 0.4041666666666667 0.003125 0.01
2 0.14 0.39875000000000005 0.00625 0.010833333333333334
2 0.1946875 0.39083333333333337 0.004375 0.01
2 0.1071875 0.3983333333333334 0.005625 0.01
3 0.0553125 0.40125000000000005 0.004375 0.015833333333333335
3 0.090625 0.40125000000000005 0.00375 0.0175
3 0.14906250000000001 0.39208333333333334 0.008125 0.014166666666666668
2 0.320625 0.44125000000000003 0.015 0.025833333333333337
2 0.38875 0.41708333333333336 0.01125 0.020833333333333336
2 0.48812500000000003 0.4475 0.015 0.02666666666666667
2 0.5153125000000001 0.42208333333333337 0.011875 0.022500000000000003
0 0.505 0.4916666666666667 0.02625 0.04166666666666667
0 0.6743750000000001 0.45458333333333334 0.01875 0.029166666666666667
0 0.7059375 0.41000000000000003 0.006875 0.015000000000000001
0 0.7425 0.3875 0.00375 0.013333333333333334
0 0.6984375 0.3866666666666667 0.003125 0.008333333333333333
0 0.665 0.39208333333333334 0.00375 0.0125
0 0.6587500000000001 0.3983333333333334 0.005 0.015000000000000001
1 0.5675 0.39375000000000004 0.0075 0.014166666666666668
1 0.5940625 0.40875 0.009375 0.0175
1 0.661875 0.42375 0.01 0.020833333333333336
1 0.5878125 0.3866666666666667 0.004375 0.013333333333333334
1 0.625625 0.3841666666666667 0.005 0.011666666666666667
1 0.7771875 0.3841666666666667 0.003125 0.011666666666666667
1 0.6984375 0.3825 0.003125 0.01
