0 0.0171875 0.65125 0.034375 0.07916666666666668
0 0.031875 0.42833333333333334 0.0075 0.013333333333333334
0 0.1275 0.42375 0.0075 0.014166666666666668
0 0.208125 0.4254166666666667 0.00875 0.014166666666666668
0 0.2915625 0.43041666666666667 0.010625 0.0175
0 0.3496875 0.4470833333333334 0.011875 0.022500000000000003
0 0.35781250000000003 0.47708333333333336 0.016875 0.0325
0 0.3034375 0.5204166666666667 0.024375 0.04416666666666667
0 0.6234375 0.44333333333333336 0.010625 0.021666666666666667
0 0.7690625 0.43333333333333335 0.010625 0.018333333333333333
1 0.0465625 0.42083333333333334 0.005625 0.011666666666666667
1 0.1525 0.41583333333333333 0.00875 0.013333333333333334
1 0.2809375 0.41583333333333333 0.008125 0.013333333333333334
1 0.368125 0.41958333333333336 0.0075 0.015833333333333335
1 0.47250000000000003 0.4345833333333334 0.01 0.0175
1 0.6540625 0.5475 0.026875 0.055
1 0.6925 0.48625 0.0225 0.035833333333333335
1 0.7784375 0.46375000000000005 0.016875 0.029166666666666667
2 0.4925 0.42208333333333337 0.0075 0.0175
2 0.5096875 0.4141666666666667 0.006875 0.015000000000000001
2 0.5184375 0.40875 0.006875 0.014166666666666668
2 0.5296875 0.4054166666666667 0.006875 0.0125
2 0.5571875000000001 0.4054166666666667 0.006875 0.010833333333333334
2 0.5825 0.4041666666666667 0.00625 0.013333333333333334
2 0.608125 0.405 0.00625 0.011666666666666667
2 0.61625 0.41000000000000003 0.0075 0.016666666666666666
2 0.6221875 0.4154166666666667 0.008125 0.0125
2 0.623125 0.4254166666666667 0.01 0.015833333333333335
3 0.23875000000000002 0.5375000000000001 0.03375 0.09000000000000001
3 0.3334375 0.4879166666666667 0.025625000000000002 0.06583333333333334
3 0.6534375 0.5020833333333333 0.028125 0.07250000000000001
3 0.6878125 0.59125 0.046875 0.11750000000000001
