1 0.4896875 0.41375 0.009375 0.01916666666666667
1 0.5703125 0.4316666666666667 0.010625 0.023333333333333334
1 0.5231250000000001 0.38333333333333336 0.00375 0.01
1 0.48281250000000003 0.38833333333333336 0.005625 0.011666666666666667
1 0.4609375 0.39625000000000005 0.005625 0.014166666666666668
1 0.5962500000000001 0.38083333333333336 0.00375 0.008333333333333333
1 0.6740625 0.3795833333333334 0.004375 0.009166666666666667
1 0.770625 0.385 0.005 0.01
0 0.37093750000000003 0.55125 0.026875 0.0575
0 0.593125 0.4758333333333334 0.01625 0.04
0 0.6125 0.41125 0.0075 0.01916666666666667
0 0.719375 0.4241666666666667 0.01 0.023333333333333334
0 0.76375 0.3866666666666667 0.00375 0.01
0 0.6996875 0.3829166666666667 0.004375 0.010833333333333334
0 0.6415625 0.3841666666666667 0.005625 0.011666666666666667
0 0.5978125 0.3866666666666667 0.005625 0.01
0 0.5634375 0.3916666666666667 0.006875 0.011666666666666667
0 0.56 0.39875000000000005 0.0075 0.014166666666666668
2 0.3596875 0.4708333333333334 0.015625 0.03833333333333334
2 0.3990625 0.4316666666666667 0.011875 0.025
2 0.251875 0.43125 0.01125 0.022500000000000003
2 0.15375 0.4666666666666667 0.01375 0.030000000000000002
2 0.051875000000000004 0.4 0.00375 0.011666666666666667
