3 0.7334375 0.42625 0.015625 0.035833333333333335
3 0.785 0.42208333333333337 0.01375 0.0325
0 0.3428125 0.5483333333333333 0.031875 0.055
0 0.5053125 0.4366666666666667 0.014375 0.023333333333333334
0 0.380625 0.42500000000000004 0.01125 0.02
0 0.3209375 0.4108333333333334 0.010625 0.015000000000000001
0 0.328125 0.4008333333333334 0.0075 0.015000000000000001
0 0.366875 0.395 0.005 0.011666666666666667
0 0.41375 0.38875000000000004 0.005 0.010833333333333334
0 0.474375 0.38625000000000004 0.00375 0.010833333333333334
0 0.5378125 0.38708333333333333 0.004375 0.009166666666666667
0 0.5990625 0.39 0.003125 0.008333333333333333
0 0.665 0.39375000000000004 0.005 0.009166666666666667
0 0.7234375000000001 0.39875000000000005 0.005625 0.010833333333333334
0 0.781875 0.40708333333333335 0.00625 0.0125
0 0.765 0.43041666666666667 0.01375 0.020833333333333336
0 0.654375 0.4354166666666667 0.0125 0.022500000000000003
1 0.756875 0.5354166666666667 0.02875 0.052500000000000005
1 0.3234375 0.4629166666666667 0.015625 0.030833333333333334
1 0.22968750000000002 0.4379166666666667 0.014375 0.022500000000000003
1 0.206875 0.4129166666666667 0.00875 0.015833333333333335
1 0.236875 0.40208333333333335 0.00625 0.0125
1 0.285625 0.39375000000000004 0.00375 0.010833333333333334
1 0.36562500000000003 0.38625000000000004 0.00375 0.009166666666666667
1 0.4478125 0.38333333333333336 0.004375 0.008333333333333333
1 0.543125 0.385 0.00375 0.008333333333333333
1 0.605 0.3866666666666667 0.00375 0.008333333333333333
1 0.681875 0.38958333333333334 0.00375 0.010833333333333334
1 0.7803125 0.40125000000000005 0.006875 0.010833333333333334
2 0.09375 0.4766666666666667 0.0175 0.03333333333333333
