3 0.7121875 0.5791666666666667 0.043125000000000004 0.11333333333333334
3 0.6821875000000001 0.4970833333333334 0.025625000000000002 0.07083333333333333
3 0.28875 0.52375 0.0325 0.08416666666666667
3 0.37593750000000004 0.47750000000000004 0.025625000000000002 0.06166666666666667
0 0.085625 0.6162500000000001 0.03375 0.07416666666666667
0 0.34875 0.5091666666666667 0.0225 0.045000000000000005
0 0.3971875 0.4704166666666667 0.015625 0.0325
0 0.389375 0.4425 0.0125 0.025
0 0.659375 0.4404166666666667 0.01 0.020833333333333336
0 0.3325 0.42708333333333337 0.01125 0.0175
0 0.2509375 0.42000000000000004 0.006875 0.013333333333333334
0 0.1728125 0.41875 0.006875 0.014166666666666668
0 0.08 0.4204166666666667 0.0075 0.014166666666666668
1 0.0046875 0.42000000000000004 0.005625 0.011666666666666667
1 0.09468750000000001 0.4129166666666667 0.005625 0.0125
1 0.19593750000000001 0.41000000000000003 0.005625 0.013333333333333334
1 0.320625 0.41125 0.00625 0.014166666666666668
1 0.40625 0.41625 0.00625 0.014166666666666668
1 0.50875 0.4316666666666667 0.01 0.018333333333333333
1 0.6809375 0.5395833333333334 0.019375 0.05583333333333334
1 0.724375 0.4841666666666667 0.01625 0.03666666666666667
2 0.529375 0.42000000000000004 0.005 0.015000000000000001
2 0.54625 0.41208333333333336 0.005 0.0125
2 0.5553125 0.4066666666666667 0.004375 0.013333333333333334
2 0.5665625 0.4025 0.003125 0.01
2 0.59375 0.40125000000000005 0.00375 0.010833333333333334
2 0.619375 0.4029166666666667 0.00375 0.009166666666666667
2 0.645 0.4025 0.00375 0.01
2 0.6534375 0.4091666666666667 0.004375 0.011666666666666667
2 0.658125 0.41500000000000004 0.005 0.013333333333333334
2 0.659375 0.4266666666666667 0.005 0.015000000000000001
