0 0.5078125 0.5079166666666667 0.028125 0.0475
0 0.753125 0.4525 0.02 0.030000000000000002
2 0.6128125 0.41583333333333333 0.011875 0.021666666666666667
2 0.6653125 0.405 0.009375 0.016666666666666666
2 0.745625 0.42791666666666667 0.0125 0.020833333333333336
2 0.774375 0.4133333333333334 0.01125 0.016666666666666666
2 0.4884375 0.3754166666666667 0.004375 0.009166666666666667
2 0.32875 0.36333333333333334 0.00625 0.015000000000000001
2 0.4475 0.38125000000000003 0.00375 0.009166666666666667
3 0.336875 0.36041666666666666 0.01125 0.02416666666666667
3 0.33375 0.3916666666666667 0.01 0.025
3 0.374375 0.37625000000000003 0.00625 0.015833333333333335
3 0.450625 0.37333333333333335 0.005 0.013333333333333334
1 0.413125 0.3695833333333334 0.00875 0.020833333333333336
0 0.40875 0.37000000000000005 0.00625 0.021666666666666667
