0 0.703125 0.4808333333333334 0.02375 0.03666666666666667
0 0.5140625 0.6291666666666667 0.049375 0.08166666666666667
1 0.01625 0.6212500000000001 0.0325 0.07416666666666667
2 0.123125 0.5054166666666667 0.025 0.04083333333333333
2 0.1790625 0.45833333333333337 0.018125 0.030000000000000002
2 0.2015625 0.43750000000000006 0.011875 0.021666666666666667
2 0.2228125 0.42000000000000004 0.009375 0.016666666666666666
2 0.2659375 0.41708333333333336 0.009375 0.01916666666666667
2 0.3046875 0.41583333333333333 0.008125 0.018333333333333333
2 0.3434375 0.4141666666666667 0.009375 0.018333333333333333
2 0.364375 0.42708333333333337 0.01125 0.020833333333333336
2 0.3871875 0.44625000000000004 0.015625 0.0275
2 0.4190625 0.48833333333333334 0.020625 0.03833333333333334
