0 0.06281250000000001 0.7562500000000001 0.064375 0.11916666666666667
0 0.2509375 0.4425 0.016875 0.025
0 0.18937500000000002 0.42375 0.015 0.020833333333333336
0 0.20500000000000002 0.4091666666666667 0.01 0.015000000000000001
0 0.2546875 0.39916666666666667 0.008125 0.013333333333333334
0 0.30843750000000003 0.39083333333333337 0.006875 0.013333333333333334
0 0.37625000000000003 0.38625000000000004 0.00625 0.0125
0 0.403125 0.45875000000000005 0.02 0.0325
0 0.59 0.4504166666666667 0.02125 0.030833333333333334
0 0.713125 0.43750000000000006 0.0175 0.023333333333333334
0 0.7515625 0.42750000000000005 0.013125 0.02
0 0.7518750000000001 0.4154166666666667 0.0125 0.0175
0 0.7109375 0.4041666666666667 0.008125 0.015000000000000001
0 0.645625 0.39583333333333337 0.00875 0.015000000000000001
0 0.5821875 0.39 0.004375 0.011666666666666667
0 0.5121875 0.38708333333333333 0.006875 0.010833333333333334
0 0.44656250000000003 0.385 0.004375 0.011666666666666667
1 0.144375 0.5125000000000001 0.025 0.045000000000000005
1 0.0528125 0.4704166666666667 0.018125 0.0325
1 0.0546875 0.42875 0.013125 0.020833333333333336
1 0.1003125 0.4129166666666667 0.010625 0.015833333333333335
1 0.1625 0.4004166666666667 0.00875 0.014166666666666668
1 0.256875 0.38833333333333336 0.0075 0.013333333333333334
1 0.348125 0.38333333333333336 0.0075 0.011666666666666667
1 0.45125 0.38125000000000003 0.00625 0.0125
1 0.515625 0.3825 0.00625 0.013333333333333334
1 0.5990625 0.38625000000000004 0.008125 0.014166666666666668
1 0.7025 0.39458333333333334 0.0075 0.014166666666666668
1 0.775625 0.4041666666666667 0.01 0.015000000000000001
3 0.733125 0.4254166666666667 0.01875 0.037500000000000006
3 0.6784375 0.4341666666666667 0.021875000000000002 0.04166666666666667
