0 0.213125 0.6587500000000001 0.045 0.08583333333333334
1 0.2384375 0.4904166666666667 0.023125 0.04416666666666667
1 0.145625 0.45625000000000004 0.01625 0.0275
1 0.13625 0.42208333333333337 0.01 0.01916666666666667
1 0.1740625 0.40958333333333335 0.008125 0.015833333333333335
1 0.23093750000000002 0.39875000000000005 0.006875 0.0125
0 0.2609375 0.42125 0.010625 0.0175
0 0.2734375 0.40750000000000003 0.009375 0.016666666666666666
0 0.3209375 0.43750000000000006 0.015625 0.025
0 0.3184375 0.4 0.008125 0.013333333333333334
1 0.3196875 0.39208333333333334 0.006875 0.0125
0 0.3696875 0.3929166666666667 0.006875 0.014166666666666668
1 0.40718750000000004 0.38625000000000004 0.006875 0.0125
0 0.435 0.38958333333333334 0.0075 0.014166666666666668
0 0.46718750000000003 0.45333333333333337 0.020625 0.028333333333333335
0 0.501875 0.39083333333333337 0.005 0.011666666666666667
1 0.5071875 0.385 0.005625 0.011666666666666667
0 0.5671875000000001 0.39125000000000004 0.005625 0.0125
1 0.57125 0.38833333333333336 0.005 0.016666666666666666
0 0.6359375 0.39625000000000005 0.005625 0.0125
1 0.6521875 0.3925 0.005625 0.011666666666666667
0 0.63875 0.45083333333333336 0.02 0.02666666666666667
0 0.6990625 0.40166666666666667 0.006875 0.013333333333333334
1 0.75625 0.39958333333333335 0.005 0.014166666666666668
0 0.7628125 0.4116666666666667 0.008125 0.016666666666666666
0 0.7578125 0.44 0.014375 0.025
3 0.779375 0.43000000000000005 0.015 0.03833333333333334
3 0.725625 0.43500000000000005 0.02 0.043333333333333335
0 0.796875 0.43291666666666667 0.0075 0.022500000000000003
