0 0.550625 0.46208333333333335 0.02125 0.030833333333333334
0 0.3509375 0.47375 0.023125 0.03416666666666667
0 0.19187500000000002 0.45708333333333334 0.0175 0.025833333333333337
0 0.13125 0.4370833333333334 0.0125 0.01916666666666667
0 0.1525 0.42000000000000004 0.00875 0.016666666666666666
0 0.204375 0.4091666666666667 0.00875 0.013333333333333334
0 0.2621875 0.4004166666666667 0.006875 0.0125
0 0.33187500000000003 0.395 0.005 0.01
0 0.4034375 0.3929166666666667 0.005625 0.010833333333333334
0 0.4709375 0.39333333333333337 0.004375 0.01
0 0.5425 0.39708333333333334 0.00625 0.010833333333333334
0 0.6062500000000001 0.40125000000000005 0.00625 0.0125
0 0.6721875 0.40958333333333335 0.008125 0.014166666666666668
0 0.678125 0.445 0.0175 0.025
0 0.716875 0.4345833333333334 0.0125 0.020833333333333336
0 0.7153125 0.42208333333333337 0.010625 0.01916666666666667
1 0.0603125 0.5408333333333334 0.029375000000000002 0.05
1 0.0409375 0.4241666666666667 0.009375 0.018333333333333333
1 0.1090625 0.41125 0.008125 0.015833333333333335
1 0.209375 0.39875000000000005 0.00625 0.010833333333333334
1 0.3040625 0.3925 0.005625 0.01
1 0.4096875 0.38958333333333334 0.005625 0.010833333333333334
1 0.47625 0.3904166666666667 0.00625 0.009166666666666667
1 0.558125 0.3929166666666667 0.00625 0.010833333333333334
1 0.6634375 0.4008333333333334 0.006875 0.013333333333333334
1 0.7365625 0.40875 0.008125 0.014166666666666668
3 0.6440625 0.4416666666666667 0.023125 0.04666666666666667
3 0.698125 0.43291666666666667 0.01875 0.04083333333333333
