1 0.481875 0.4404166666666667 0.0125 0.0275
1 0.39625 0.41958333333333336 0.01125 0.020833333333333336
1 0.36875 0.4004166666666667 0.00625 0.014166666666666668
1 0.3925 0.39 0.005 0.011666666666666667
1 0.4353125 0.38583333333333336 0.004375 0.01
1 0.509375 0.38 0.00375 0.01
1 0.5884375000000001 0.3795833333333334 0.004375 0.009166666666666667
1 0.6825 0.3816666666666667 0.00375 0.01
1 0.745 0.38708333333333333 0.005 0.010833333333333334
0 0.508125 0.49583333333333335 0.02125 0.045000000000000005
0 0.22062500000000002 0.6195833333333334 0.03625 0.07916666666666668
0 0.5271875 0.4129166666666667 0.010625 0.01916666666666667
0 0.4703125 0.4008333333333334 0.006875 0.015000000000000001
0 0.47625 0.3916666666666667 0.00625 0.013333333333333334
0 0.511875 0.3866666666666667 0.005 0.011666666666666667
0 0.5565625 0.38375000000000004 0.004375 0.010833333333333334
0 0.61375 0.3829166666666667 0.005 0.010833333333333334
0 0.676875 0.3854166666666667 0.005 0.0125
0 0.7390625000000001 0.3879166666666667 0.005625 0.0125
0 0.6409375 0.4266666666666667 0.013125 0.021666666666666667
0 0.779375 0.43250000000000005 0.01375 0.025
2 0.23875000000000002 0.4970833333333334 0.01875 0.04583333333333334
2 0.29281250000000003 0.4429166666666667 0.014375 0.029166666666666667
2 0.131875 0.44583333333333336 0.01375 0.025
2 0.0071875 0.49250000000000005 0.014375 0.03833333333333334
