0 0.2028125 0.63 0.051875000000000004 0.08166666666666667
0 0.4965625 0.49583333333333335 0.024375 0.043333333333333335
0 0.6303125 0.42625 0.014375 0.022500000000000003
0 0.770625 0.43000000000000005 0.015 0.023333333333333334
0 0.516875 0.41250000000000003 0.0125 0.018333333333333333
0 0.4615625 0.4008333333333334 0.008125 0.015000000000000001
0 0.4659375 0.39125000000000004 0.004375 0.010833333333333334
0 0.501875 0.38625000000000004 0.00625 0.010833333333333334
0 0.545625 0.3825 0.00625 0.011666666666666667
0 0.604375 0.38125000000000003 0.005 0.009166666666666667
0 0.6675 0.3841666666666667 0.005 0.01
0 0.7290625000000001 0.38833333333333336 0.005625 0.01
0 0.7959375 0.39333333333333337 0.004375 0.011666666666666667
1 0.47125 0.43875000000000003 0.015 0.0275
1 0.3859375 0.41958333333333336 0.011875 0.020833333333333336
1 0.3575 0.3983333333333334 0.0075 0.016666666666666666
1 0.3815625 0.39083333333333337 0.006875 0.011666666666666667
1 0.425 0.38458333333333333 0.00625 0.010833333333333334
1 0.4996875 0.3804166666666667 0.005625 0.010833333333333334
1 0.57875 0.3791666666666667 0.00625 0.01
1 0.673125 0.3825 0.005 0.01
1 0.7353125 0.38583333333333336 0.005625 0.01
2 0.2228125 0.49833333333333335 0.024375 0.043333333333333335
2 0.2809375 0.44375000000000003 0.015625 0.0275
2 0.1178125 0.44625000000000004 0.013125 0.025833333333333337
