3 0.0934375 0.6625000000000001 0.073125 0.15333333333333335
0 0.1928125 0.5879166666666668 0.039375 0.06583333333333334
0 0.22968750000000002 0.49625 0.020625 0.037500000000000006
0 0.17500000000000002 0.4575 0.01375 0.025
0 0.0840625 0.4441666666666667 0.011875 0.021666666666666667
1 0.0375 0.42833333333333334 0.01 0.016666666666666666
1 0.1853125 0.42750000000000005 0.009375 0.018333333333333333
1 0.2884375 0.43583333333333335 0.011875 0.02
1 0.419375 0.4654166666666667 0.0175 0.030833333333333334
2 0.4484375 0.44125000000000003 0.013125 0.022500000000000003
2 0.46968750000000004 0.42458333333333337 0.009375 0.0175
2 0.4809375 0.41583333333333333 0.008125 0.015000000000000001
2 0.49343750000000003 0.4083333333333334 0.006875 0.016666666666666666
2 0.525 0.40875 0.00875 0.014166666666666668
2 0.555625 0.40958333333333335 0.00875 0.014166666666666668
2 0.585 0.40958333333333335 0.0075 0.014166666666666668
2 0.59875 0.4179166666666667 0.01 0.0175
2 0.6103125 0.42625 0.010625 0.020833333333333336
2 0.6209375 0.4445833333333334 0.013125 0.022500000000000003
0 0.638125 0.48125 0.01875 0.03416666666666667
