0 0.3303125 0.5658333333333334 0.033125 0.06666666666666667
0 0.505625 0.4395833333333334 0.0175 0.0275
0 0.6603125 0.4391666666666667 0.018125 0.023333333333333334
0 0.771875 0.43291666666666667 0.01375 0.022500000000000003
0 0.725625 0.4004166666666667 0.005 0.0125
0 0.66625 0.3929166666666667 0.005 0.0125
0 0.37593750000000004 0.42458333333333337 0.013125 0.020833333333333336
0 0.3165625 0.41125 0.008125 0.01916666666666667
0 0.324375 0.4004166666666667 0.0075 0.014166666666666668
0 0.3646875 0.3925 0.006875 0.011666666666666667
0 0.4115625 0.39 0.005625 0.011666666666666667
0 0.6003125 0.38875000000000004 0.005625 0.009166666666666667
0 0.5378125 0.38625000000000004 0.005625 0.009166666666666667
0 0.4734375 0.3854166666666667 0.006875 0.010833333333333334
2 0.0759375 0.47958333333333336 0.021875000000000002 0.035833333333333335
3 0.74 0.42750000000000005 0.01875 0.04
3 0.7915625000000001 0.4229166666666667 0.016875 0.037500000000000006
1 0.7746875 0.5516666666666667 0.035625000000000004 0.060000000000000005
1 0.3153125 0.46625000000000005 0.019375 0.035833333333333335
1 0.2215625 0.4391666666666667 0.014375 0.02666666666666667
1 0.200625 0.41250000000000003 0.00875 0.018333333333333333
1 0.230625 0.40125000000000005 0.0075 0.015833333333333335
1 0.280625 0.39375000000000004 0.00625 0.0125
1 0.44625000000000004 0.38083333333333336 0.00375 0.01
1 0.5428125 0.3829166666666667 0.004375 0.009166666666666667
1 0.605625 0.38625000000000004 0.005 0.009166666666666667
1 0.683125 0.3904166666666667 0.00625 0.010833333333333334
