0 0.3784375 0.5495833333333334 0.036875 0.0575
0 0.5975 0.4733333333333334 0.0225 0.03666666666666667
0 0.72375 0.42250000000000004 0.0175 0.021666666666666667
0 0.7690625 0.38583333333333336 0.004375 0.01
0 0.7046875 0.3825 0.005625 0.011666666666666667
0 0.64625 0.3829166666666667 0.005 0.009166666666666667
0 0.618125 0.40875 0.0125 0.0175
0 0.6028125 0.3854166666666667 0.006875 0.014166666666666668
0 0.56875 0.3891666666666667 0.0075 0.013333333333333334
0 0.56375 0.3979166666666667 0.00875 0.015833333333333335
1 0.5753125 0.43041666666666667 0.013125 0.0275
1 0.49593750000000003 0.4129166666666667 0.013125 0.01916666666666667
1 0.46625 0.395 0.01 0.013333333333333334
1 0.486875 0.38708333333333333 0.00625 0.0125
1 0.52875 0.38208333333333333 0.01 0.0125
1 0.6 0.3775 0.005 0.011666666666666667
1 0.6790625 0.3795833333333334 0.006875 0.014166666666666668
1 0.7753125000000001 0.3825 0.006875 0.01
2 0.3665625 0.4708333333333334 0.019375 0.03166666666666667
2 0.40468750000000003 0.43125 0.016875 0.02416666666666667
2 0.2603125 0.43250000000000005 0.011875 0.021666666666666667
2 0.1653125 0.4675 0.019375 0.030000000000000002
2 0.06 0.4029166666666667 0.0075 0.0125
3 0.0053125 0.4033333333333334 0.008125 0.02
