0 0.1053125 0.7000000000000001 0.058125 0.10500000000000001
0 0.5375 0.4808333333333334 0.02375 0.03833333333333334
0 0.698125 0.4504166666666667 0.01625 0.029166666666666667
0 0.7340625000000001 0.40708333333333335 0.009375 0.0175
0 0.7731250000000001 0.3854166666666667 0.00375 0.0125
0 0.72875 0.38833333333333336 0.00375 0.01
0 0.6884375 0.39708333333333334 0.006875 0.014166666666666668
0 0.694375 0.38958333333333334 0.00875 0.0125
0 0.0971875 0.39208333333333334 0.006875 0.025833333333333337
1 0.1003125 0.39416666666666667 0.010625 0.030000000000000002
2 0.3596875 0.4354166666666667 0.013125 0.02416666666666667
2 0.42375 0.41500000000000004 0.00875 0.02
2 0.5203125 0.44125000000000003 0.015625 0.0275
2 0.5459375 0.41708333333333336 0.011875 0.020833333333333336
2 0.18 0.3979166666666667 0.005 0.0125
2 0.1478125 0.39583333333333337 0.004375 0.01
2 0.2325 0.38958333333333334 0.005 0.009166666666666667
3 0.1875 0.38875000000000004 0.005 0.0175
3 0.13375 0.39708333333333334 0.0075 0.0175
3 0.017812500000000002 0.42458333333333337 0.011875 0.029166666666666667
3 0.0184375 0.38333333333333336 0.016875 0.030000000000000002
2 0.0053125 0.3879166666666667 0.008125 0.020833333333333336
1 0.690625 0.42208333333333337 0.0125 0.022500000000000003
1 0.6234375 0.4079166666666667 0.009375 0.01916666666666667
1 0.5971875 0.39333333333333337 0.006875 0.011666666666666667
1 0.6178125 0.3875 0.005625 0.011666666666666667
1 0.6565625 0.38333333333333336 0.004375 0.011666666666666667
