0 0.3353125 0.5687500000000001 0.034375 0.0775
0 0.649375 0.45833333333333337 0.0175 0.04
2 0.4903125 0.42125 0.011875 0.020833333333333336
2 0.5465625000000001 0.4041666666666667 0.006875 0.018333333333333333
2 0.6365625 0.42875 0.013125 0.020833333333333336
2 0.6596875 0.4104166666666667 0.015625 0.020833333333333336
1 0.7384375 0.4025 0.011875 0.015000000000000001
1 0.71375 0.39083333333333337 0.01125 0.013333333333333334
1 0.73625 0.3854166666666667 0.0075 0.010833333333333334
1 0.7759375000000001 0.3841666666666667 0.009375 0.01
2 0.36125 0.38083333333333336 0.00625 0.01
2 0.314375 0.3866666666666667 0.00875 0.013333333333333334
3 0.32156250000000003 0.3779166666666667 0.008125 0.015833333333333335
2 0.2834375 0.38375000000000004 0.005625 0.010833333333333334
1 0.26375 0.3795833333333334 0.01125 0.0175
3 0.18375 0.3691666666666667 0.00875 0.02666666666666667
2 0.17500000000000002 0.3716666666666667 0.01 0.015000000000000001
3 0.1809375 0.40375000000000005 0.009375 0.030833333333333334
