3 0.0975 0.3979166666666667 0.00625 0.020833333333333336
3 0.06125 0.3979166666666667 0.00625 0.01916666666666667
3 0.1546875 0.39125000000000004 0.004375 0.015833333333333335
2 0.1446875 0.4008333333333334 0.003125 0.015000000000000001
2 0.113125 0.3954166666666667 0.00375 0.009166666666666667
2 0.199375 0.38875000000000004 0.00375 0.009166666666666667
2 0.3253125 0.43875000000000003 0.014375 0.02416666666666667
2 0.39437500000000003 0.4141666666666667 0.01 0.02
2 0.49375 0.4420833333333334 0.015 0.0275
2 0.519375 0.41833333333333333 0.01125 0.02
0 0.0496875 0.39416666666666667 0.006875 0.025
0 0.019375 0.7708333333333334 0.0375 0.11
0 0.5096875 0.48833333333333334 0.023125 0.04166666666666667
0 0.6784375 0.4516666666666667 0.015625 0.02666666666666667
0 0.7106250000000001 0.4054166666666667 0.00875 0.015833333333333335
0 0.663125 0.39416666666666667 0.00625 0.011666666666666667
0 0.669375 0.38875000000000004 0.00375 0.010833333333333334
0 0.703125 0.38458333333333333 0.00625 0.009166666666666667
0 0.7475 0.3841666666666667 0.00375 0.008333333333333333
1 0.7021875 0.38083333333333336 0.003125 0.01
1 0.63125 0.38125000000000003 0.0025 0.010833333333333334
1 0.5925 0.38583333333333336 0.0025 0.011666666666666667
1 0.5725 0.3925 0.00625 0.01
1 0.5984375000000001 0.4054166666666667 0.009375 0.015833333333333335
1 0.66625 0.42083333333333334 0.00875 0.02
1 0.0534375 0.3975 0.006875 0.025
