3 0.051875000000000004 0.6379166666666667 0.05625 0.1325
0 0.163125 0.5916666666666667 0.02625 0.06833333333333334
3 0.2121875 0.5354166666666667 0.033125 0.09083333333333334
0 0.251875 0.5125000000000001 0.02 0.04833333333333334
0 0.2521875 0.4683333333333334 0.023125 0.035
0 0.1890625 0.4441666666666667 0.014375 0.030000000000000002
0 0.0990625 0.4404166666666667 0.013125 0.020833333333333336
0 0.005625 0.4416666666666667 0.00625 0.02
1 0.0409375 0.4291666666666667 0.010625 0.013333333333333334
1 0.18156250000000002 0.42625 0.010625 0.0175
1 0.27718750000000003 0.42833333333333334 0.006875 0.02
1 0.39375 0.4470833333333334 0.01 0.025833333333333337
2 0.4165625 0.42875 0.008125 0.020833333333333336
2 0.4328125 0.42125 0.008125 0.0175
2 0.441875 0.4108333333333334 0.0075 0.018333333333333333
2 0.453125 0.4066666666666667 0.0075 0.011666666666666667
2 0.484375 0.40750000000000003 0.01125 0.013333333333333334
2 0.509375 0.40625 0.005 0.014166666666666668
2 0.536875 0.405 0.0075 0.011666666666666667
2 0.5459375 0.4116666666666667 0.009375 0.013333333333333334
2 0.55625 0.41833333333333333 0.01 0.011666666666666667
2 0.56 0.43000000000000005 0.00875 0.02
0 0.5653125 0.45125000000000004 0.014375 0.030833333333333334
3 0.7575000000000001 0.7362500000000001 0.07 0.1925
1 0.6587500000000001 0.6241666666666668 0.02625 0.08
3 0.63875 0.5487500000000001 0.0325 0.09916666666666667
1 0.668125 0.5116666666666667 0.02375 0.05
1 0.75 0.47458333333333336 0.015 0.04083333333333333
0 0.7171875 0.4354166666666667 0.009375 0.022500000000000003
