0 0.0184375 0.43333333333333335 0.011875 0.02
1 0.0725 0.4179166666666667 0.01 0.0175
0 0.12 0.43500000000000005 0.0075 0.018333333333333333
1 0.18625 0.4166666666666667 0.01125 0.016666666666666666
0 0.1990625 0.4425 0.014375 0.021666666666666667
0 0.2709375 0.47458333333333336 0.019375 0.029166666666666667
0 0.2575 0.5633333333333334 0.03 0.05666666666666667
1 0.33187500000000003 0.4254166666666667 0.01125 0.020833333333333336
1 0.4371875 0.44583333333333336 0.013125 0.02666666666666667
1 0.594375 0.5275000000000001 0.02125 0.05666666666666667
2 0.649375 0.4683333333333334 0.0175 0.03666666666666667
2 0.6843750000000001 0.4425 0.0125 0.02666666666666667
2 0.6996875 0.42875 0.009375 0.022500000000000003
2 0.7175 0.4141666666666667 0.0125 0.021666666666666667
2 0.759375 0.41708333333333336 0.01 0.020833333333333336
2 0.798125 0.4191666666666667 0.005 0.021666666666666667
