0 0.3328125 0.5625 0.026875 0.060000000000000005
0 0.316875 0.41458333333333336 0.0075 0.0175
0 0.32406250000000003 0.4025 0.005625 0.013333333333333334
0 0.3765625 0.42500000000000004 0.009375 0.02
0 0.50375 0.4391666666666667 0.01375 0.025
0 0.6584375 0.43750000000000006 0.013125 0.023333333333333334
0 0.7709375 0.43250000000000005 0.013125 0.02
0 0.785 0.40708333333333335 0.005 0.014166666666666668
0 0.7246875 0.39958333333333335 0.005625 0.014166666666666668
0 0.6659375 0.39333333333333337 0.004375 0.011666666666666667
0 0.5990625 0.39 0.004375 0.01
0 0.5359375000000001 0.3875 0.004375 0.008333333333333333
0 0.4728125 0.3866666666666667 0.003125 0.01
0 0.411875 0.3891666666666667 0.005 0.01
0 0.3640625 0.39416666666666667 0.004375 0.01
1 0.315625 0.4679166666666667 0.01375 0.035833333333333335
1 0.2234375 0.44125000000000003 0.013125 0.025833333333333337
1 0.20125 0.41458333333333336 0.00875 0.0175
1 0.231875 0.40166666666666667 0.005 0.013333333333333334
1 0.2809375 0.39416666666666667 0.005625 0.011666666666666667
1 0.3628125 0.3875 0.005625 0.01
1 0.44625000000000004 0.3841666666666667 0.00375 0.011666666666666667
1 0.541875 0.38375000000000004 0.00375 0.009166666666666667
1 0.6046875 0.3866666666666667 0.004375 0.011666666666666667
1 0.6821875000000001 0.39083333333333337 0.004375 0.01
1 0.7815625 0.4 0.004375 0.013333333333333334
1 0.7703125000000001 0.54625 0.025625000000000002 0.05583333333333334
2 0.08 0.48125 0.015 0.0325
3 0.738125 0.42708333333333337 0.01375 0.03916666666666667
3 0.790625 0.42333333333333334 0.01375 0.03666666666666667
