2 0.099375 0.5095833333333334 0.01625 0.03916666666666667
2 0.1575 0.4625 0.01125 0.030000000000000002
2 0.18156250000000002 0.4404166666666667 0.009375 0.020833333333333336
2 0.203125 0.42250000000000004 0.01 0.02
2 0.24656250000000002 0.41958333333333336 0.009375 0.0175
2 0.2859375 0.41708333333333336 0.008125 0.0175
2 0.3253125 0.41625 0.008125 0.0175
2 0.3459375 0.4295833333333334 0.010625 0.020833333333333336
2 0.368125 0.44875000000000004 0.01375 0.0275
2 0.39968750000000003 0.4904166666666667 0.016875 0.04083333333333333
0 0.4971875 0.6354166666666667 0.031875 0.08583333333333334
0 0.6859375 0.48250000000000004 0.018125 0.03833333333333334
