0 0.1153125 0.6395833333333334 0.041875 0.08583333333333334
0 0.233125 0.5325000000000001 0.01875 0.05166666666666667
0 0.239375 0.47458333333333336 0.015 0.0325
0 0.1771875 0.45 0.013125 0.023333333333333334
0 0.085 0.4420833333333334 0.01125 0.020833333333333336
0 0.581875 0.4579166666666667 0.01875 0.030833333333333334
0 0.739375 0.43833333333333335 0.01375 0.021666666666666667
1 0.0303125 0.43000000000000005 0.008125 0.02
1 0.1753125 0.42791666666666667 0.010625 0.01916666666666667
1 0.27468750000000003 0.43041666666666667 0.009375 0.020833333333333336
1 0.3965625 0.44958333333333333 0.014375 0.029166666666666667
1 0.7271875 0.70625 0.061875 0.10750000000000001
1 0.7078125000000001 0.5325000000000001 0.023125 0.05333333333333334
1 0.786875 0.48708333333333337 0.01875 0.0425
2 0.4190625 0.43125 0.010625 0.01916666666666667
2 0.43875000000000003 0.41833333333333333 0.01 0.016666666666666666
2 0.4478125 0.4108333333333334 0.008125 0.013333333333333334
2 0.4596875 0.4066666666666667 0.008125 0.011666666666666667
2 0.4884375 0.4054166666666667 0.009375 0.010833333333333334
2 0.5159375 0.405 0.006875 0.015000000000000001
2 0.543125 0.40458333333333335 0.00875 0.0125
2 0.555625 0.4104166666666667 0.0075 0.015833333333333335
2 0.5650000000000001 0.4191666666666667 0.0075 0.016666666666666666
2 0.5721875 0.43083333333333335 0.008125 0.021666666666666667
3 0.183125 0.5679166666666667 0.03625 0.10250000000000001
3 0.68625 0.5866666666666667 0.045 0.11666666666666667
