3 0.164375 0.5825 0.0375 0.10833333333333334
3 0.7096875 0.6091666666666667 0.046875 0.12666666666666668
0 0.08375 0.6691666666666667 0.04625 0.085
0 0.22187500000000002 0.5416666666666667 0.02625 0.05
0 0.233125 0.4766666666666667 0.015 0.03166666666666667
0 0.171875 0.4475 0.01125 0.021666666666666667
0 0.07875 0.43875000000000003 0.01 0.0175
0 0.5896875 0.46 0.013125 0.028333333333333335
0 0.750625 0.4395833333333334 0.0125 0.022500000000000003
1 0.759375 0.7495833333333334 0.06125 0.11416666666666668
1 0.73 0.5458333333333334 0.02125 0.055
1 0.39687500000000003 0.4516666666666667 0.015 0.025
1 0.2725 0.42791666666666667 0.0075 0.0175
1 0.1728125 0.42375 0.008125 0.015833333333333335
1 0.0253125 0.42583333333333334 0.006875 0.015000000000000001
2 0.4215625 0.43083333333333335 0.011875 0.023333333333333334
2 0.44 0.41833333333333333 0.01 0.016666666666666666
2 0.45125 0.4108333333333334 0.00875 0.016666666666666666
2 0.46187500000000004 0.40375000000000005 0.00625 0.014166666666666668
2 0.4925 0.4041666666666667 0.00625 0.013333333333333334
2 0.5203125 0.4033333333333334 0.005625 0.011666666666666667
2 0.5493750000000001 0.40208333333333335 0.00625 0.0125
2 0.5596875 0.4104166666666667 0.008125 0.015833333333333335
2 0.5709375 0.41833333333333333 0.009375 0.018333333333333333
2 0.578125 0.43291666666666667 0.0125 0.022500000000000003
