0 0.3175 0.5829166666666667 0.03625 0.07083333333333333
2 0.06125 0.48125 0.02125 0.04916666666666667
1 0.30875 0.46625000000000005 0.01625 0.0425
1 0.2159375 0.4395833333333334 0.016875 0.035833333333333335
1 0.1953125 0.41125 0.019375 0.029166666666666667
1 0.22968750000000002 0.40125000000000005 0.011875 0.02416666666666667
1 0.2815625 0.39083333333333337 0.013125 0.02
0 0.50625 0.44083333333333335 0.025 0.03333333333333333
0 0.37343750000000003 0.42375 0.015625 0.029166666666666667
0 0.315625 0.41125 0.01375 0.025833333333333337
0 0.324375 0.3983333333333334 0.01 0.023333333333333334
0 0.3640625 0.3929166666666667 0.010625 0.014166666666666668
1 0.365 0.38625000000000004 0.01 0.0125
0 0.413125 0.38958333333333334 0.00875 0.015833333333333335
1 0.4503125 0.38375000000000004 0.015625 0.0125
0 0.473125 0.38708333333333333 0.01625 0.0175
0 0.540625 0.3866666666666667 0.01 0.013333333333333334
1 0.54625 0.38333333333333336 0.0075 0.013333333333333334
0 0.6065625 0.39125000000000004 0.013125 0.0125
1 0.610625 0.3875 0.00625 0.011666666666666667
0 0.6725 0.395 0.0075 0.013333333333333334
1 0.68875 0.3916666666666667 0.00625 0.016666666666666666
0 0.668125 0.44333333333333336 0.02375 0.03333333333333333
0 0.73375 0.4008333333333334 0.01125 0.015000000000000001
3 0.7496875000000001 0.4320833333333334 0.024375 0.04583333333333334
0 0.7840625 0.4370833333333334 0.020625 0.02416666666666667
0 0.7937500000000001 0.4116666666666667 0.01 0.018333333333333333
1 0.79125 0.4033333333333334 0.0075 0.016666666666666666
1 0.7896875 0.5595833333333333 0.021875000000000002 0.09083333333333334
