2 0.6584375 0.4708333333333334 0.016875 0.03333333333333333
2 0.69375 0.4416666666666667 0.01125 0.025
2 0.71 0.42875 0.00875 0.0175
2 0.7253125 0.41583333333333333 0.008125 0.016666666666666666
2 0.7665625 0.4191666666666667 0.010625 0.016666666666666666
1 0.6012500000000001 0.5258333333333334 0.025 0.04833333333333334
1 0.44625000000000004 0.44625000000000004 0.01625 0.025833333333333337
1 0.3425 0.42625 0.00875 0.022500000000000003
1 0.198125 0.4179166666666667 0.0075 0.015833333333333335
1 0.084375 0.41958333333333336 0.00625 0.015833333333333335
0 0.03 0.43250000000000005 0.00875 0.018333333333333333
0 0.13125 0.4345833333333334 0.01 0.01916666666666667
0 0.211875 0.44333333333333336 0.01125 0.023333333333333334
0 0.28250000000000003 0.47375 0.015 0.030833333333333334
0 0.27 0.5616666666666666 0.03 0.058333333333333334
