0 0.2146875 0.6229166666666667 0.049375 0.0825
0 0.571875 0.4658333333333334 0.02375 0.035
0 0.7275 0.44125000000000003 0.01625 0.0275
0 0.769375 0.40375000000000005 0.01 0.015833333333333335
0 0.72375 0.3929166666666667 0.00625 0.0125
0 0.7309375 0.38708333333333333 0.006875 0.0125
0 0.7659375 0.38458333333333333 0.005625 0.010833333333333334
0 0.1596875 0.3779166666666667 0.008125 0.025833333333333337
1 0.1634375 0.38083333333333336 0.010625 0.023333333333333334
1 0.7790625 0.7304166666666667 0.043125000000000004 0.11583333333333334
1 0.7228125 0.41500000000000004 0.011875 0.021666666666666667
1 0.6587500000000001 0.4008333333333334 0.01125 0.018333333333333333
1 0.635 0.3866666666666667 0.0075 0.013333333333333334
1 0.655625 0.3829166666666667 0.0075 0.014166666666666668
1 0.6950000000000001 0.3795833333333334 0.00625 0.010833333333333334
1 0.7675000000000001 0.3791666666666667 0.005 0.01
2 0.55875 0.43083333333333335 0.015 0.025
2 0.5828125000000001 0.40958333333333335 0.013125 0.020833333333333336
2 0.4059375 0.4241666666666667 0.013125 0.023333333333333334
2 0.46625 0.4054166666666667 0.01 0.01916666666666667
2 0.0703125 0.3775 0.009375 0.021666666666666667
2 0.2778125 0.38083333333333336 0.005625 0.011666666666666667
2 0.228125 0.3891666666666667 0.00625 0.013333333333333334
2 0.195625 0.38583333333333336 0.005 0.011666666666666667
3 0.2353125 0.3804166666666667 0.006875 0.014166666666666668
3 0.1834375 0.38708333333333333 0.006875 0.0175
3 0.149375 0.3866666666666667 0.0075 0.015000000000000001
3 0.0809375 0.41125 0.011875 0.030833333333333334
3 0.0803125 0.3716666666666667 0.009375 0.028333333333333335
