0 0.15031250000000002 0.6804166666666667 0.046875 0.08916666666666667
0 0.61125 0.47625 0.01875 0.037500000000000006
2 0.7056250000000001 0.4129166666666667 0.0075 0.0175
2 0.756875 0.4041666666666667 0.0075 0.015000000000000001
0 0.51625 0.3670833333333334 0.00625 0.01916666666666667
1 0.5209375 0.3670833333333334 0.008125 0.01916666666666667
2 0.5465625000000001 0.38083333333333336 0.004375 0.008333333333333333
2 0.5446875 0.37833333333333335 0.004375 0.01
2 0.5853125 0.3745833333333334 0.004375 0.009166666666666667
2 0.4403125 0.36083333333333334 0.005625 0.015000000000000001
3 0.4434375 0.3866666666666667 0.008125 0.021666666666666667
3 0.4478125 0.3579166666666667 0.006875 0.020833333333333336
3 0.4765625 0.37375 0.003125 0.014166666666666668
3 0.5078125 0.37375 0.005625 0.014166666666666668
3 0.5493750000000001 0.3725 0.00375 0.011666666666666667
