3 0.5278125 0.4633333333333334 0.023125 0.058333333333333334
3 0.5884375000000001 0.4454166666666667 0.019375 0.0475
2 0.7284375 0.4154166666666667 0.006875 0.014166666666666668
2 0.7490625 0.41000000000000003 0.005625 0.013333333333333334
2 0.76 0.4066666666666667 0.0075 0.011666666666666667
2 0.774375 0.4033333333333334 0.00625 0.013333333333333334
0 0.125 0.5387500000000001 0.02 0.050833333333333335
0 0.408125 0.5025000000000001 0.02 0.043333333333333335
0 0.5684375 0.4625 0.016875 0.030000000000000002
0 0.6065625 0.4429166666666667 0.013125 0.02416666666666667
0 0.5996875 0.4254166666666667 0.010625 0.0175
0 0.5490625 0.4129166666666667 0.008125 0.015833333333333335
0 0.4765625 0.40458333333333335 0.006875 0.014166666666666668
0 0.40718750000000004 0.39958333333333335 0.004375 0.010833333333333334
0 0.32937500000000003 0.39958333333333335 0.005 0.010833333333333334
0 0.254375 0.4033333333333334 0.005 0.011666666666666667
0 0.17250000000000001 0.4058333333333334 0.00625 0.013333333333333334
0 0.0890625 0.4179166666666667 0.006875 0.014166666666666668
0 0.0134375 0.43125 0.008125 0.015833333333333335
1 0.0303125 0.41625 0.006875 0.0125
1 0.14375000000000002 0.4041666666666667 0.00625 0.01
1 0.2628125 0.39583333333333337 0.004375 0.01
1 0.3359375 0.39458333333333334 0.004375 0.010833333333333334
1 0.424375 0.39583333333333337 0.005 0.011666666666666667
1 0.536875 0.39958333333333335 0.00625 0.014166666666666668
1 0.614375 0.40708333333333335 0.0075 0.014166666666666668
1 0.706875 0.4229166666666667 0.01 0.01916666666666667
