0 0.07187500000000001 0.7191666666666667 0.0675 0.10500000000000001
0 0.7659375 0.5204166666666667 0.028125 0.0475
0 0.22125 0.5279166666666667 0.0275 0.04916666666666667
0 0.1928125 0.4654166666666667 0.018125 0.029166666666666667
0 0.11093750000000001 0.4454166666666667 0.014375 0.022500000000000003
0 0.02125 0.4416666666666667 0.01125 0.02
1 0.08125 0.42458333333333337 0.01 0.0175
1 0.2290625 0.42583333333333334 0.010625 0.02
1 0.333125 0.4379166666666667 0.015 0.02416666666666667
1 0.47500000000000003 0.48625 0.02375 0.03916666666666667
2 0.5165625 0.4479166666666667 0.014375 0.0275
2 0.5446875 0.42750000000000005 0.011875 0.021666666666666667
2 0.5590625 0.41583333333333333 0.008125 0.016666666666666666
2 0.5728125000000001 0.4058333333333334 0.006875 0.015000000000000001
2 0.6090625000000001 0.4066666666666667 0.006875 0.015000000000000001
2 0.6428125 0.4066666666666667 0.006875 0.015000000000000001
2 0.6771875 0.40708333333333335 0.008125 0.015833333333333335
2 0.6946875 0.41958333333333336 0.009375 0.0175
2 0.7109375 0.43333333333333335 0.013125 0.023333333333333334
2 0.73 0.45833333333333337 0.01625 0.030000000000000002
