0 0.1809375 0.5800000000000001 0.040625 0.065
0 0.2625 0.5058333333333334 0.025 0.04
0 0.25906250000000003 0.46166666666666667 0.013125 0.028333333333333335
0 0.1965625 0.44083333333333335 0.013125 0.023333333333333334
0 0.1071875 0.4341666666666667 0.008125 0.018333333333333333
0 0.0175 0.43500000000000005 0.01125 0.016666666666666666
0 0.569375 0.4479166666666667 0.01125 0.022500000000000003
0 0.7190625 0.4320833333333334 0.010625 0.020833333333333336
1 0.6481250000000001 0.6129166666666667 0.045 0.07916666666666668
1 0.6653125 0.5070833333333333 0.026875 0.04416666666666667
1 0.74875 0.4729166666666667 0.02375 0.03416666666666667
1 0.400625 0.44125000000000003 0.01375 0.02416666666666667
1 0.2846875 0.42500000000000004 0.009375 0.018333333333333333
1 0.1909375 0.4216666666666667 0.009375 0.016666666666666666
1 0.050625 0.42333333333333334 0.00875 0.016666666666666666
3 0.08 0.6225 0.06625 0.13333333333333333
3 0.7353125 0.7154166666666667 0.088125 0.1875
3 0.63 0.5387500000000001 0.0375 0.09583333333333334
3 0.2265625 0.5275000000000001 0.040625 0.085
2 0.4215625 0.42458333333333337 0.006875 0.0175
2 0.4390625 0.4154166666666667 0.008125 0.015833333333333335
2 0.44875 0.4083333333333334 0.0075 0.015000000000000001
2 0.45937500000000003 0.40166666666666667 0.005 0.013333333333333334
2 0.4884375 0.40125000000000005 0.005625 0.015833333333333335
2 0.51375 0.40375000000000005 0.00625 0.0125
2 0.541875 0.4029166666666667 0.005 0.0125
2 0.550625 0.4083333333333334 0.00625 0.013333333333333334
2 0.5593750000000001 0.4154166666666667 0.0075 0.0175
2 0.56375 0.42500000000000004 0.00875 0.021666666666666667
