1 0.4121875 0.46416666666666667 0.015625 0.030000000000000002
1 0.7903125 0.5883333333333334 0.020625 0.07666666666666667
1 0.283125 0.4370833333333334 0.01 0.020833333333333336
1 0.1821875 0.43083333333333335 0.008125 0.015000000000000001
1 0.033125 0.43083333333333335 0.00875 0.015000000000000001
3 0.1121875 0.6425000000000001 0.068125 0.14
3 0.78 0.7229166666666668 0.04 0.1525
0 0.2 0.5783333333333334 0.0375 0.060000000000000005
0 0.22875 0.4945833333333334 0.02125 0.035833333333333335
0 0.1734375 0.45875000000000005 0.013125 0.0275
0 0.08125 0.4475 0.01 0.018333333333333333
0 0.623125 0.4783333333333334 0.0175 0.03166666666666667
0 0.795 0.4541666666666667 0.00875 0.023333333333333334
2 0.440625 0.4404166666666667 0.01 0.020833333333333336
2 0.46125 0.42625 0.0075 0.01916666666666667
2 0.47250000000000003 0.41875 0.00625 0.0175
2 0.4840625 0.4108333333333334 0.004375 0.013333333333333334
2 0.5165625 0.4091666666666667 0.004375 0.013333333333333334
2 0.544375 0.41000000000000003 0.00375 0.015000000000000001
2 0.574375 0.40958333333333335 0.005 0.015833333333333335
2 0.5875 0.4179166666666667 0.005 0.0175
2 0.599375 0.42833333333333334 0.005 0.013333333333333334
2 0.60875 0.445 0.00875 0.02
