0 0.0496875 0.43041666666666667 0.011875 0.01916666666666667
0 0.13625 0.42875 0.00875 0.022500000000000003
0 0.224375 0.43625 0.01 0.01916666666666667
0 0.284375 0.45333333333333337 0.0125 0.02666666666666667
0 0.2909375 0.49083333333333334 0.018125 0.03666666666666667
0 0.2240625 0.5466666666666667 0.025625000000000002 0.058333333333333334
0 0.5771875 0.4441666666666667 0.011875 0.028333333333333335
0 0.7240625 0.4291666666666667 0.013125 0.021666666666666667
1 0.4190625 0.4379166666666667 0.013125 0.0275
1 0.635625 0.5770833333333334 0.0325 0.07083333333333333
1 0.66 0.49250000000000005 0.02125 0.04666666666666667
1 0.74875 0.465 0.02625 0.04166666666666667
1 0.305625 0.4204166666666667 0.01125 0.0175
1 0.215625 0.4166666666666667 0.01625 0.013333333333333334
1 0.08 0.41875 0.00875 0.01916666666666667
2 0.4375 0.42208333333333337 0.0075 0.022500000000000003
2 0.455625 0.4133333333333334 0.0075 0.016666666666666666
2 0.4634375 0.40625 0.006875 0.014166666666666668
2 0.47500000000000003 0.4025 0.0075 0.018333333333333333
2 0.5025000000000001 0.4025 0.00875 0.013333333333333334
2 0.5284375 0.4008333333333334 0.009375 0.013333333333333334
2 0.5546875 0.40166666666666667 0.005625 0.013333333333333334
2 0.56375 0.40625 0.0075 0.0125
2 0.5709375 0.41375 0.006875 0.014166666666666668
2 0.5734375 0.42583333333333334 0.008125 0.016666666666666666
3 0.1428125 0.58125 0.045625 0.12083333333333333
3 0.260625 0.5075000000000001 0.0275 0.07666666666666667
3 0.6259375 0.5175000000000001 0.029375000000000002 0.08666666666666667
3 0.691875 0.6429166666666667 0.0525 0.14583333333333334
