0 0.213125 0.5129166666666667 0.02875 0.04583333333333334
0 0.031875 0.48875 0.02125 0.03416666666666667
0 0.0175 0.4370833333333334 0.01125 0.01916666666666667
0 0.0853125 0.4204166666666667 0.009375 0.014166666666666668
0 0.15375 0.41000000000000003 0.0075 0.015000000000000001
0 0.23125 0.40208333333333335 0.00625 0.0125
0 0.3096875 0.39875000000000005 0.004375 0.0125
0 0.3825 0.3983333333333334 0.005 0.011666666666666667
0 0.45875 0.4 0.005 0.011666666666666667
0 0.4653125 0.48958333333333337 0.023125 0.04083333333333333
0 0.52625 0.40458333333333335 0.0075 0.0125
0 0.5978125 0.41375 0.006875 0.0175
0 0.61375 0.4591666666666667 0.02 0.03166666666666667
0 0.6525 0.4429166666666667 0.0125 0.02416666666666667
0 0.6453125000000001 0.42583333333333334 0.009375 0.018333333333333333
1 0.0975 0.40750000000000003 0.00625 0.011666666666666667
1 0.2034375 0.39875000000000005 0.006875 0.010833333333333334
1 0.47500000000000003 0.3954166666666667 0.00625 0.0125
1 0.38875 0.39458333333333334 0.00625 0.010833333333333334
1 0.3178125 0.39375000000000004 0.005625 0.009166666666666667
1 0.5856250000000001 0.4025 0.00625 0.013333333333333334
1 0.6625 0.40958333333333335 0.00875 0.015833333333333335
1 0.7521875 0.4266666666666667 0.010625 0.02
3 0.5765625 0.45833333333333337 0.025625000000000002 0.055
3 0.6353125000000001 0.4429166666666667 0.018125 0.04916666666666667
2 0.77625 0.42000000000000004 0.0075 0.016666666666666666
2 0.79625 0.41458333333333336 0.005 0.015833333333333335
