3 0.1003125 0.6533333333333333 0.068125 0.14833333333333334
2 0.4453125 0.4391666666666667 0.009375 0.023333333333333334
2 0.46718750000000003 0.42458333333333337 0.008125 0.01916666666666667
2 0.47781250000000003 0.4154166666666667 0.008125 0.015833333333333335
2 0.4909375 0.40750000000000003 0.006875 0.015000000000000001
2 0.5221875 0.40750000000000003 0.006875 0.015000000000000001
2 0.5515625000000001 0.40750000000000003 0.005625 0.015000000000000001
2 0.5815625 0.4091666666666667 0.005625 0.015000000000000001
2 0.5946875 0.4154166666666667 0.008125 0.015833333333333335
2 0.6062500000000001 0.4254166666666667 0.01125 0.020833333333333336
2 0.6165625 0.44375000000000003 0.010625 0.02416666666666667
1 0.2871875 0.4341666666666667 0.011875 0.021666666666666667
1 0.185 0.42750000000000005 0.00875 0.018333333333333333
1 0.0365625 0.42708333333333337 0.009375 0.0175
1 0.418125 0.4633333333333334 0.0175 0.03166666666666667
0 0.195625 0.5841666666666667 0.035 0.06666666666666667
0 0.230625 0.4941666666666667 0.02 0.03833333333333334
0 0.1753125 0.4566666666666667 0.015625 0.025
0 0.0834375 0.445 0.013125 0.02
0 0.6334375 0.4783333333333334 0.016875 0.03333333333333333
