0 0.275 0.5962500000000001 0.0525 0.07583333333333334
1 0.7809375000000001 0.6920833333333334 0.038125 0.10583333333333333
0 0.605 0.4675 0.0175 0.04166666666666667
2 0.5909375 0.43125 0.020625 0.03916666666666667
2 0.4415625 0.4241666666666667 0.020625 0.028333333333333335
2 0.50125 0.4079166666666667 0.015 0.0175
2 0.61625 0.4116666666666667 0.015 0.023333333333333334
0 0.7571875 0.44333333333333336 0.019375 0.028333333333333335
1 0.7546875000000001 0.41583333333333333 0.013125 0.025
1 0.6925 0.40375000000000005 0.01125 0.020833333333333336
1 0.6684375 0.38875000000000004 0.010625 0.015833333333333335
1 0.6884375 0.38458333333333333 0.011875 0.0175
1 0.729375 0.38208333333333333 0.01125 0.0125
0 0.7646875 0.3904166666666667 0.009375 0.015833333333333335
0 0.7565625 0.39583333333333337 0.013125 0.018333333333333333
2 0.3146875 0.3795833333333334 0.009375 0.010833333333333334
2 0.26625 0.38708333333333333 0.01 0.020833333333333336
3 0.2734375 0.37833333333333335 0.009375 0.018333333333333333
2 0.2334375 0.3841666666666667 0.006875 0.015000000000000001
3 0.2225 0.39 0.01 0.02
1 0.20875 0.3816666666666667 0.0125 0.030000000000000002
3 0.1884375 0.38833333333333336 0.011875 0.016666666666666666
3 0.1290625 0.37125 0.018125 0.037500000000000006
3 0.1259375 0.4079166666666667 0.014375 0.035833333333333335
2 0.1171875 0.3779166666666667 0.010625 0.029166666666666667
