0 0.02375 0.7908333333333334 0.04625 0.10666666666666667
0 0.171875 0.4320833333333334 0.01 0.01916666666666667
0 0.18937500000000002 0.41583333333333333 0.0075 0.015000000000000001
0 0.2384375 0.40458333333333335 0.008125 0.0125
0 0.295 0.3979166666666667 0.00625 0.0125
0 0.3625 0.39208333333333334 0.00625 0.010833333333333334
0 0.433125 0.3904166666666667 0.00625 0.010833333333333334
0 0.499375 0.39083333333333337 0.00625 0.011666666666666667
0 0.5703125 0.3925 0.004375 0.01
0 0.6334375 0.3983333333333334 0.006875 0.011666666666666667
0 0.6984375 0.4058333333333334 0.006875 0.013333333333333334
0 0.7418750000000001 0.4166666666666667 0.00875 0.016666666666666666
0 0.74125 0.42875 0.01125 0.020833333333333336
0 0.7028125000000001 0.4391666666666667 0.013125 0.025
0 0.57875 0.45458333333333334 0.015 0.029166666666666667
0 0.388125 0.465 0.01625 0.03166666666666667
0 0.233125 0.44958333333333333 0.0125 0.025833333333333337
1 0.1203125 0.5241666666666667 0.025625000000000002 0.045000000000000005
1 0.03 0.47958333333333336 0.0175 0.030833333333333334
1 0.035625000000000004 0.4379166666666667 0.01125 0.01916666666666667
1 0.083125 0.42125 0.0075 0.0175
1 0.146875 0.4083333333333334 0.0075 0.011666666666666667
1 0.2425 0.3954166666666667 0.005 0.009166666666666667
1 0.33437500000000003 0.3879166666666667 0.00625 0.009166666666666667
1 0.43843750000000004 0.3854166666666667 0.004375 0.009166666666666667
1 0.505 0.38583333333333336 0.00375 0.008333333333333333
1 0.58625 0.38875000000000004 0.005 0.009166666666666667
1 0.6903125 0.39666666666666667 0.005625 0.011666666666666667
1 0.7634375 0.405 0.009375 0.015000000000000001
3 0.6687500000000001 0.43625 0.01875 0.04583333333333334
3 0.7234375000000001 0.42791666666666667 0.018125 0.03916666666666667
