0 0.25125000000000003 0.58625 0.03875 0.06916666666666667
0 0.570625 0.4608333333333334 0.0175 0.03166666666666667
0 0.7809375000000001 0.43125 0.011875 0.022500000000000003
1 0.7915625000000001 0.5083333333333334 0.018125 0.045000000000000005
1 0.77875 0.69125 0.0425 0.0975
1 0.7434375 0.36833333333333335 0.006875 0.015000000000000001
0 0.740625 0.36791666666666667 0.00625 0.0175
2 0.7775 0.3804166666666667 0.00375 0.0125
3 0.7825 0.3741666666666667 0.005 0.013333333333333334
3 0.7140625 0.3729166666666667 0.006875 0.014166666666666668
3 0.6871875000000001 0.35958333333333337 0.008125 0.0175
3 0.683125 0.38375000000000004 0.0075 0.01916666666666667
2 0.6796875 0.3616666666666667 0.004375 0.015000000000000001
