1 0.010625 0.39916666666666667 0.01375 0.03833333333333334
3 0.0265625 0.4008333333333334 0.009375 0.028333333333333335
3 0.0625 0.4004166666666667 0.0125 0.025833333333333337
2 0.07968750000000001 0.39708333333333334 0.009375 0.01916666666666667
2 0.1128125 0.4041666666666667 0.008125 0.01
2 0.1146875 0.40166666666666667 0.005625 0.015000000000000001
3 0.1246875 0.3925 0.009375 0.016666666666666666
2 0.1715625 0.39125000000000004 0.008125 0.015833333333333335
2 0.2946875 0.4429166666666667 0.018125 0.03416666666666667
2 0.368125 0.4191666666666667 0.01375 0.02666666666666667
2 0.47125 0.4475 0.0275 0.035
2 0.4971875 0.42375 0.015625 0.029166666666666667
0 0.4890625 0.4979166666666667 0.026875 0.050833333333333335
0 0.6665625000000001 0.4575 0.024375 0.03833333333333334
1 0.649375 0.42458333333333337 0.0125 0.02416666666666667
1 0.5784375 0.4079166666666667 0.018125 0.022500000000000003
1 0.550625 0.39458333333333334 0.01 0.0175
1 0.56875 0.3866666666666667 0.01 0.018333333333333333
1 0.61 0.385 0.0075 0.018333333333333333
0 0.6921875000000001 0.4091666666666667 0.013125 0.023333333333333334
0 0.7884375 0.42250000000000004 0.014375 0.025
0 0.64375 0.39625000000000005 0.00875 0.020833333333333336
0 0.6484375 0.39208333333333334 0.008125 0.01916666666666667
0 0.6821875000000001 0.3866666666666667 0.009375 0.015000000000000001
0 0.7246875 0.38458333333333333 0.008125 0.014166666666666668
1 0.7603125000000001 0.3829166666666667 0.008125 0.014166666666666668
0 0.7846875 0.38708333333333333 0.006875 0.0125
