0 0.1415625 0.6116666666666667 0.050625 0.07333333333333333
0 0.2371875 0.5216666666666667 0.025625000000000002 0.045000000000000005
0 0.23875000000000002 0.4679166666666667 0.0175 0.0325
0 0.1753125 0.4466666666666667 0.015625 0.021666666666666667
0 0.085 0.43875000000000003 0.0125 0.01916666666666667
0 0.5653125 0.4529166666666667 0.016875 0.029166666666666667
0 0.7184375000000001 0.43500000000000005 0.011875 0.021666666666666667
1 0.6684375 0.6520833333333333 0.053125 0.09083333333333334
1 0.7540625 0.47958333333333336 0.025625000000000002 0.037500000000000006
1 0.671875 0.5216666666666667 0.03 0.055
1 0.3859375 0.4475 0.016875 0.025
1 0.27 0.42750000000000005 0.01375 0.018333333333333333
1 0.1721875 0.4241666666666667 0.008125 0.013333333333333334
1 0.0290625 0.42750000000000005 0.011875 0.016666666666666666
3 0.0275 0.6708333333333334 0.055 0.155
3 0.1953125 0.5479166666666667 0.046875 0.0975
3 0.764375 0.7783333333333334 0.0725 0.15000000000000002
3 0.6440625 0.5633333333333334 0.045625 0.10666666666666667
2 0.41000000000000003 0.4295833333333334 0.01125 0.020833333333333336
2 0.42875 0.41833333333333333 0.01 0.016666666666666666
2 0.43875000000000003 0.41000000000000003 0.0075 0.016666666666666666
2 0.4496875 0.40750000000000003 0.006875 0.013333333333333334
2 0.478125 0.4054166666666667 0.01 0.015833333333333335
2 0.5059375 0.40625 0.006875 0.014166666666666668
2 0.5337500000000001 0.40375000000000005 0.00625 0.0125
2 0.5415625000000001 0.41000000000000003 0.006875 0.016666666666666666
2 0.551875 0.42125 0.0075 0.0175
2 0.556875 0.43000000000000005 0.00875 0.018333333333333333
