1 0.0815625 0.47708333333333336 0.024375 0.04083333333333333
1 0.23125 0.5675 0.045 0.06666666666666667
2 0.314375 0.4808333333333334 0.02375 0.05166666666666667
2 0.355 0.4441666666666667 0.0175 0.03333333333333333
2 0.3740625 0.42833333333333334 0.013125 0.02666666666666667
2 0.39 0.4133333333333334 0.015 0.016666666666666666
2 0.4325 0.4141666666666667 0.01 0.021666666666666667
2 0.4709375 0.4129166666666667 0.015625 0.022500000000000003
2 0.5065625 0.4141666666666667 0.013125 0.018333333333333333
2 0.5259375000000001 0.4266666666666667 0.016875 0.02666666666666667
2 0.5540625 0.4454166666666667 0.016875 0.0325
2 0.5853125 0.48583333333333334 0.028125 0.04666666666666667
0 0.681875 0.6116666666666667 0.05625 0.08
