2 0.6109375 0.4666666666666667 0.018125 0.035
2 0.64625 0.43833333333333335 0.0125 0.023333333333333334
2 0.6615625 0.42375 0.010625 0.01916666666666667
2 0.67625 0.4104166666666667 0.00875 0.01916666666666667
2 0.720625 0.4133333333333334 0.00875 0.016666666666666666
2 0.75875 0.41500000000000004 0.00875 0.016666666666666666
1 0.5525 0.5258333333333334 0.02875 0.05166666666666667
1 0.3990625 0.44375000000000003 0.016875 0.029166666666666667
1 0.29125 0.42583333333333334 0.01125 0.021666666666666667
1 0.1459375 0.4179166666666667 0.009375 0.0175
1 0.028125 0.4216666666666667 0.00875 0.016666666666666666
0 0.0753125 0.43583333333333335 0.011875 0.02
0 0.1559375 0.4445833333333334 0.011875 0.02416666666666667
0 0.2253125 0.4733333333333334 0.016875 0.03333333333333333
0 0.20875 0.5729166666666667 0.03 0.06416666666666668
