2 0.013125 0.5583333333333333 0.02625 0.06666666666666667
2 0.1128125 0.47500000000000003 0.019375 0.04
0 0.3571875 0.5429166666666667 0.030625 0.06416666666666668
1 0.3378125 0.46125000000000005 0.020625 0.04083333333333333
1 0.244375 0.4379166666666667 0.015 0.029166666666666667
1 0.22 0.41250000000000003 0.01125 0.02
1 0.24781250000000002 0.4033333333333334 0.008125 0.018333333333333333
1 0.29531250000000003 0.39375000000000004 0.008125 0.015833333333333335
0 0.51375 0.43583333333333335 0.0175 0.028333333333333335
0 0.39156250000000004 0.4229166666666667 0.014375 0.02416666666666667
0 0.3328125 0.41250000000000003 0.014375 0.021666666666666667
0 0.3390625 0.4 0.010625 0.016666666666666666
0 0.3775 0.395 0.00875 0.015000000000000001
1 0.3746875 0.38625000000000004 0.008125 0.014166666666666668
0 0.4234375 0.39 0.006875 0.013333333333333334
1 0.45687500000000003 0.38333333333333336 0.00625 0.013333333333333334
0 0.483125 0.38625000000000004 0.0075 0.014166666666666668
0 0.54625 0.3879166666666667 0.00875 0.014166666666666668
1 0.551875 0.38375000000000004 0.005 0.0125
0 0.6078125 0.3904166666666667 0.008125 0.015833333333333335
1 0.613125 0.38625000000000004 0.00625 0.010833333333333334
0 0.6725 0.39375000000000004 0.00625 0.015833333333333335
0 0.661875 0.43333333333333335 0.01625 0.03333333333333333
1 0.689375 0.39125000000000004 0.0075 0.0175
3 0.74125 0.4241666666666667 0.0225 0.04166666666666667
0 0.7715625 0.4295833333333334 0.010625 0.02416666666666667
3 0.791875 0.4216666666666667 0.0125 0.04
0 0.7321875 0.39916666666666667 0.010625 0.016666666666666666
1 0.75875 0.5304166666666666 0.03375 0.07083333333333333
