0 0.2965625 0.5895833333333333 0.044375 0.06916666666666667
0 0.5496875 0.4879166666666667 0.023125 0.03916666666666667
0 0.67875 0.42791666666666667 0.015 0.022500000000000003
0 0.568125 0.41458333333333336 0.01 0.0175
0 0.5140625 0.4025 0.008125 0.015000000000000001
0 0.5181250000000001 0.39416666666666667 0.005 0.011666666666666667
0 0.5528125 0.38958333333333334 0.005625 0.010833333333333334
0 0.596875 0.38708333333333333 0.00375 0.009166666666666667
0 0.655 0.38625000000000004 0.005 0.010833333333333334
0 0.7184375000000001 0.38833333333333336 0.004375 0.01
0 0.78125 0.3925 0.005 0.01
1 0.525 0.43833333333333335 0.01375 0.025
1 0.441875 0.41958333333333336 0.0125 0.020833333333333336
1 0.4121875 0.4008333333333334 0.008125 0.015000000000000001
1 0.435625 0.39375000000000004 0.00625 0.010833333333333334
1 0.4771875 0.3875 0.004375 0.008333333333333333
1 0.550625 0.38333333333333336 0.00375 0.008333333333333333
1 0.629375 0.3829166666666667 0.005 0.009166666666666667
1 0.7246875 0.38625000000000004 0.004375 0.009166666666666667
1 0.7884375 0.39 0.004375 0.008333333333333333
2 0.2975 0.48750000000000004 0.0225 0.03833333333333334
2 0.344375 0.44125000000000003 0.015 0.025833333333333337
2 0.19062500000000002 0.4416666666666667 0.01125 0.021666666666666667
2 0.07843750000000001 0.48375 0.020625 0.0325
