1 0.55125 0.4370833333333334 0.01125 0.025833333333333337
1 0.469375 0.4166666666666667 0.00875 0.02
1 0.4396875 0.3979166666666667 0.005625 0.0125
1 0.46218750000000003 0.39 0.005625 0.01
1 0.5040625 0.38458333333333333 0.004375 0.010833333333333334
1 0.57625 0.3825 0.0025 0.011666666666666667
1 0.6559375000000001 0.3816666666666667 0.003125 0.008333333333333333
1 0.7503125 0.3875 0.004375 0.01
0 0.745 0.3875 0.005 0.011666666666666667
0 0.7028125000000001 0.42583333333333334 0.009375 0.021666666666666667
0 0.68 0.38583333333333336 0.005 0.01
0 0.6221875 0.385 0.004375 0.011666666666666667
0 0.5934375000000001 0.41208333333333336 0.008125 0.0175
0 0.5403125 0.39916666666666667 0.005625 0.015000000000000001
0 0.5437500000000001 0.3925 0.00625 0.013333333333333334
0 0.5778125000000001 0.3875 0.004375 0.01
0 0.5746875 0.4791666666666667 0.015625 0.03666666666666667
0 0.33968750000000003 0.5654166666666667 0.029375000000000002 0.060833333333333336
2 0.335 0.47625 0.015 0.037500000000000006
2 0.37625000000000003 0.4341666666666667 0.01125 0.02666666666666667
2 0.226875 0.43500000000000005 0.01 0.021666666666666667
2 0.024375 0.40125000000000005 0.005 0.010833333333333334
2 0.123125 0.47125000000000006 0.015 0.0325
