2 0.0925 0.37833333333333335 0.00625 0.015000000000000001
2 0.21531250000000002 0.3866666666666667 0.004375 0.008333333333333333
2 0.2471875 0.3904166666666667 0.004375 0.010833333333333334
2 0.29531250000000003 0.3829166666666667 0.003125 0.009166666666666667
3 0.2534375 0.38125000000000003 0.005625 0.014166666666666668
3 0.2040625 0.3891666666666667 0.006875 0.016666666666666666
3 0.1684375 0.38625000000000004 0.003125 0.015833333333333335
3 0.10312500000000001 0.3754166666666667 0.00875 0.0275
3 0.10187500000000001 0.4108333333333334 0.0075 0.028333333333333335
2 0.42375 0.4254166666666667 0.01 0.022500000000000003
2 0.481875 0.4083333333333334 0.00875 0.018333333333333333
2 0.57375 0.43291666666666667 0.01375 0.025833333333333337
2 0.5984375000000001 0.41458333333333336 0.010625 0.01916666666666667
1 0.184375 0.3841666666666667 0.00875 0.018333333333333333
1 0.780625 0.71125 0.04 0.11416666666666668
1 0.6734375 0.40375000000000005 0.008125 0.0175
1 0.7368750000000001 0.41833333333333333 0.01 0.018333333333333333
1 0.6509375000000001 0.38958333333333334 0.005625 0.014166666666666668
1 0.6709375 0.385 0.004375 0.013333333333333334
1 0.70875 0.3825 0.00375 0.01
1 0.7831250000000001 0.3825 0.00375 0.011666666666666667
0 0.7825 0.3875 0.0025 0.01
0 0.7471875 0.3875 0.004375 0.01
0 0.74 0.39666666666666667 0.005 0.013333333333333334
0 0.7840625 0.40750000000000003 0.006875 0.015000000000000001
0 0.7418750000000001 0.4441666666666667 0.01375 0.02666666666666667
0 0.586875 0.46708333333333335 0.02375 0.03416666666666667
0 0.24406250000000002 0.6125 0.048125 0.07666666666666667
