0 0.4459375 0.5175000000000001 0.023125 0.045000000000000005
0 0.708125 0.44583333333333336 0.015 0.025
3 0.575625 0.35625 0.00625 0.0175
3 0.57125 0.3841666666666667 0.00625 0.018333333333333333
3 0.6284375 0.37333333333333335 0.005625 0.013333333333333334
3 0.668125 0.3725 0.005 0.011666666666666667
1 0.6403125000000001 0.3666666666666667 0.005625 0.015000000000000001
2 0.569375 0.35958333333333337 0.00625 0.0125
2 0.6659375 0.3791666666666667 0.004375 0.008333333333333333
2 0.703125 0.37583333333333335 0.00375 0.01
3 0.5990625 0.3716666666666667 0.005625 0.015000000000000001
