3 0.0315625 0.40166666666666667 0.005625 0.016666666666666666
2 0.0140625 0.41583333333333333 0.005625 0.011666666666666667
2 0.018125 0.4104166666666667 0.00375 0.010833333333333334
2 0.084375 0.39916666666666667 0.00625 0.01
2 0.19375 0.46166666666666667 0.015 0.028333333333333335
2 0.2840625 0.42875 0.009375 0.020833333333333336
2 0.39125 0.46625000000000005 0.01625 0.030833333333333334
2 0.4259375 0.43041666666666667 0.011875 0.022500000000000003
0 0.4040625 0.5387500000000001 0.028125 0.052500000000000005
0 0.6125 0.47125000000000006 0.01875 0.03416666666666667
0 0.7390625000000001 0.42375 0.011875 0.020833333333333336
0 0.634375 0.41125 0.01 0.0175
0 0.5821875 0.39916666666666667 0.008125 0.013333333333333334
0 0.5865625 0.39125000000000004 0.006875 0.010833333333333334
0 0.6203125 0.3875 0.004375 0.011666666666666667
0 0.6640625 0.38583333333333336 0.004375 0.011666666666666667
0 0.723125 0.3854166666666667 0.00375 0.010833333333333334
0 0.7878125 0.3879166666666667 0.004375 0.009166666666666667
1 0.5925 0.4316666666666667 0.0125 0.023333333333333334
1 0.5140625 0.4133333333333334 0.011875 0.02
1 0.484375 0.39666666666666667 0.00625 0.013333333333333334
1 0.5059375 0.3891666666666667 0.006875 0.011666666666666667
1 0.54625 0.38375000000000004 0.00625 0.009166666666666667
1 0.6978125000000001 0.3825 0.003125 0.01
1 0.7940625 0.38583333333333336 0.004375 0.008333333333333333
