0 0.3878125 0.5445833333333334 0.035625000000000004 0.05583333333333334
0 0.6775 0.4525 0.02 0.028333333333333335
0 0.6003125 0.36500000000000005 0.006875 0.016666666666666666
1 0.6028125 0.36750000000000005 0.006875 0.015000000000000001
2 0.771875 0.4083333333333334 0.00875 0.016666666666666666
2 0.5296875 0.36125 0.006875 0.014166666666666668
2 0.664375 0.3754166666666667 0.005 0.009166666666666667
2 0.6271875 0.37833333333333335 0.004375 0.01
2 0.6253125 0.37583333333333335 0.004375 0.01
3 0.5315625 0.3841666666666667 0.008125 0.021666666666666667
3 0.53625 0.35750000000000004 0.0075 0.02
3 0.629375 0.3725 0.005 0.011666666666666667
3 0.5896875 0.3741666666666667 0.005625 0.015000000000000001
3 0.5603125 0.37333333333333335 0.005625 0.013333333333333334
