0 0.466875 0.52 0.025 0.04666666666666667
0 0.7228125 0.45333333333333337 0.015625 0.028333333333333335
2 0.58 0.41625 0.01 0.020833333333333336
2 0.6328125 0.405 0.008125 0.016666666666666666
2 0.7159375 0.42750000000000005 0.011875 0.021666666666666667
2 0.7428125 0.41208333333333336 0.009375 0.0175
2 0.453125 0.375 0.005 0.008333333333333333
2 0.411875 0.38208333333333333 0.00375 0.009166666666666667
2 0.2890625 0.36541666666666667 0.006875 0.015833333333333335
0 0.37 0.37083333333333335 0.00625 0.02
1 0.3740625 0.37125 0.010625 0.0175
3 0.2940625 0.39458333333333334 0.008125 0.025833333333333337
3 0.2965625 0.36083333333333334 0.008125 0.023333333333333334
3 0.3384375 0.3775 0.005625 0.013333333333333334
3 0.415625 0.3745833333333334 0.005 0.0125
