0 0.373125 0.5487500000000001 0.0375 0.05916666666666667
0 0.670625 0.4491666666666667 0.02125 0.030000000000000002
2 0.7646875 0.4054166666666667 0.009375 0.015833333333333335
0 0.5915625 0.3616666666666667 0.008125 0.016666666666666666
1 0.5946875 0.36291666666666667 0.006875 0.015833333333333335
2 0.5203125 0.35625 0.006875 0.014166666666666668
2 0.655625 0.37041666666666667 0.005 0.009166666666666667
2 0.618125 0.37583333333333335 0.00375 0.008333333333333333
2 0.6168750000000001 0.3745833333333334 0.005 0.009166666666666667
3 0.5228125 0.38 0.009375 0.021666666666666667
3 0.5278125 0.3529166666666667 0.006875 0.020833333333333336
3 0.55125 0.36750000000000005 0.00625 0.015000000000000001
3 0.58125 0.3695833333333334 0.005 0.015833333333333335
3 0.6209375 0.36791666666666667 0.005625 0.0125
