0 0.1484375 0.5916666666666667 0.046875 0.07333333333333333
3 0.33375 0.5145833333333334 0.03125 0.08916666666666667
0 0.38906250000000003 0.50375 0.028125 0.052500000000000005
3 0.4175 0.4758333333333334 0.0275 0.07333333333333333
0 0.4375 0.4679166666666667 0.02125 0.03916666666666667
0 0.42812500000000003 0.4395833333333334 0.01625 0.0275
0 0.3728125 0.42625 0.015625 0.020833333333333336
0 0.2925 0.4179166666666667 0.01125 0.01916666666666667
0 0.2159375 0.4166666666666667 0.010625 0.021666666666666667
0 0.12687500000000002 0.4179166666666667 0.0125 0.020833333333333336
0 0.0390625 0.42625 0.010625 0.02416666666666667
1 0.0534375 0.41708333333333336 0.011875 0.01916666666666667
1 0.139375 0.41375 0.01 0.0175
1 0.23875000000000002 0.41000000000000003 0.01 0.016666666666666666
1 0.36062500000000003 0.41208333333333336 0.01375 0.020833333333333336
1 0.4453125 0.41708333333333336 0.010625 0.0175
1 0.546875 0.43250000000000005 0.01 0.021666666666666667
2 0.56625 0.42125 0.0075 0.020833333333333336
2 0.583125 0.4133333333333334 0.00875 0.02
2 0.5928125 0.40958333333333335 0.008125 0.0175
2 0.604375 0.4058333333333334 0.01125 0.016666666666666666
2 0.630625 0.40458333333333335 0.0075 0.015833333333333335
2 0.655625 0.4079166666666667 0.01 0.015833333333333335
2 0.6821875000000001 0.40708333333333335 0.008125 0.015833333333333335
2 0.68875 0.41125 0.00875 0.01916666666666667
2 0.6959375 0.4154166666666667 0.009375 0.014166666666666668
2 0.6959375 0.42875 0.011875 0.015833333333333335
0 0.6925 0.4420833333333334 0.01375 0.022500000000000003
3 0.7340625000000001 0.5675 0.048125 0.12333333333333334
1 0.7078125000000001 0.5341666666666667 0.028125 0.060000000000000005
3 0.71375 0.49125 0.0325 0.0825
1 0.7571875 0.4841666666666667 0.024375 0.04666666666666667
