0 0.079375 0.4295833333333334 0.00875 0.015833333333333335
0 0.1634375 0.4295833333333334 0.008125 0.015833333333333335
0 0.2490625 0.4341666666666667 0.010625 0.018333333333333333
0 0.309375 0.4516666666666667 0.01375 0.023333333333333334
0 0.31625000000000003 0.48458333333333337 0.01875 0.03416666666666667
0 0.2565625 0.5345833333333334 0.026875 0.04916666666666667
0 0.5909375 0.4420833333333334 0.010625 0.022500000000000003
0 0.7359375 0.43000000000000005 0.008125 0.018333333333333333
3 0.1853125 0.5575 0.038125 0.09666666666666668
3 0.29031250000000003 0.49750000000000005 0.025625000000000002 0.07
3 0.62875 0.50875 0.03 0.0775
3 0.6784375 0.6120833333333334 0.048125 0.12916666666666668
1 0.1071875 0.4204166666666667 0.005625 0.0125
1 0.23875000000000002 0.41750000000000004 0.00625 0.011666666666666667
1 0.3284375 0.42125 0.008125 0.0175
1 0.435625 0.43583333333333335 0.01 0.02
1 0.6325000000000001 0.5587500000000001 0.03 0.0575
1 0.6665625000000001 0.4879166666666667 0.018125 0.037500000000000006
1 0.7521875 0.4625 0.014375 0.028333333333333335
2 0.45625 0.42333333333333334 0.0075 0.016666666666666666
2 0.47375 0.4141666666666667 0.0075 0.013333333333333334
2 0.4825 0.4079166666666667 0.0075 0.014166666666666668
2 0.49343750000000003 0.4041666666666667 0.005625 0.011666666666666667
2 0.52125 0.40208333333333335 0.005 0.010833333333333334
2 0.54625 0.4033333333333334 0.00625 0.011666666666666667
2 0.5721875 0.4029166666666667 0.005625 0.0125
2 0.5809375 0.40708333333333335 0.006875 0.014166666666666668
2 0.5878125 0.4141666666666667 0.006875 0.016666666666666666
2 0.5896875 0.42500000000000004 0.009375 0.016666666666666666
