0 0.0609375 0.7379166666666667 0.053125 0.10583333333333333
0 0.2390625 0.53 0.024375 0.04833333333333334
0 0.218125 0.4633333333333334 0.015 0.028333333333333335
0 0.13875 0.4416666666666667 0.01125 0.021666666666666667
0 0.0521875 0.4366666666666667 0.010625 0.018333333333333333
1 0.1134375 0.4191666666666667 0.008125 0.015000000000000001
1 0.2596875 0.42208333333333337 0.009375 0.01916666666666667
1 0.36375 0.4366666666666667 0.01125 0.023333333333333334
1 0.5071875 0.4904166666666667 0.020625 0.03916666666666667
2 0.551875 0.44875000000000004 0.01625 0.0275
2 0.581875 0.42708333333333337 0.01125 0.020833333333333336
2 0.595625 0.4154166666666667 0.01 0.0175
2 0.610625 0.4041666666666667 0.00625 0.015000000000000001
2 0.6484375 0.40625 0.008125 0.014166666666666668
2 0.683125 0.40708333333333335 0.00875 0.015833333333333335
2 0.719375 0.40875 0.00875 0.0175
2 0.7368750000000001 0.42125 0.01125 0.0175
2 0.7546875000000001 0.43583333333333335 0.013125 0.023333333333333334
2 0.775625 0.4629166666666667 0.01625 0.030833333333333334
