0 0.35781250000000003 0.5579166666666667 0.029375000000000002 0.0575
0 0.6665625000000001 0.4516666666666667 0.016875 0.028333333333333335
0 0.5853125 0.36125 0.005625 0.0175
1 0.5884375000000001 0.36375 0.006875 0.015833333333333335
2 0.76 0.4041666666666667 0.01 0.016666666666666666
2 0.61125 0.3741666666666667 0.005 0.01
2 0.5146875 0.35583333333333333 0.004375 0.013333333333333334
3 0.5159375 0.38083333333333336 0.006875 0.02
3 0.52125 0.35458333333333336 0.0075 0.020833333333333336
3 0.545 0.36875 0.00625 0.0125
3 0.5746875 0.37041666666666667 0.006875 0.0125
3 0.615 0.36875 0.00625 0.0125
