0 0.1184375 0.6791666666666667 0.041875 0.08666666666666667
0 0.5390625 0.4741666666666667 0.013125 0.035
0 0.76125 0.43500000000000005 0.01125 0.025
0 0.7096875 0.36458333333333337 0.004375 0.014166666666666668
1 0.7128125 0.36541666666666667 0.004375 0.014166666666666668
2 0.645625 0.35833333333333334 0.005 0.011666666666666667
2 0.7403125 0.3745833333333334 0.003125 0.009166666666666667
2 0.7425 0.37875000000000003 0.00375 0.009166666666666667
2 0.78125 0.3741666666666667 0.00375 0.01
3 0.7459375 0.3729166666666667 0.004375 0.0125
3 0.6775 0.3691666666666667 0.00375 0.015000000000000001
3 0.6525 0.3541666666666667 0.005 0.016666666666666666
3 0.6490625 0.3795833333333334 0.005625 0.020833333333333336
