0 0.0571875 0.7029166666666667 0.064375 0.10083333333333334
0 0.21281250000000002 0.5541666666666667 0.031875 0.05333333333333334
0 0.22875 0.4816666666666667 0.01875 0.035
0 0.16875 0.45208333333333334 0.015 0.022500000000000003
0 0.0753125 0.4420833333333334 0.009375 0.01916666666666667
0 0.5975 0.46458333333333335 0.01625 0.029166666666666667
0 0.7609375 0.4425 0.010625 0.021666666666666667
1 0.7453125 0.5604166666666667 0.033125 0.060833333333333336
1 0.398125 0.45458333333333334 0.01625 0.0275
1 0.27187500000000003 0.43041666666666667 0.01125 0.020833333333333336
1 0.171875 0.4241666666666667 0.01 0.018333333333333333
1 0.023125 0.42708333333333337 0.0075 0.014166666666666668
2 0.424375 0.4316666666666667 0.01125 0.021666666666666667
2 0.44375000000000003 0.4191666666666667 0.00875 0.016666666666666666
2 0.45406250000000004 0.41125 0.008125 0.015833333333333335
2 0.4653125 0.40458333333333335 0.006875 0.0125
2 0.4965625 0.40458333333333335 0.006875 0.014166666666666668
2 0.5246875 0.4041666666666667 0.006875 0.013333333333333334
2 0.5543750000000001 0.4041666666666667 0.00625 0.013333333333333334
2 0.5659375 0.41125 0.009375 0.015833333333333335
2 0.5759375 0.42083333333333334 0.009375 0.016666666666666666
2 0.5846875 0.4345833333333334 0.010625 0.020833333333333336
3 0.734375 0.6379166666666667 0.0675 0.14250000000000002
3 0.1453125 0.6029166666666667 0.058125 0.12250000000000001
