0 0.140625 0.67125 0.043750000000000004 0.08583333333333334
0 0.5471875 0.4733333333333334 0.019375 0.035
0 0.706875 0.4445833333333334 0.015 0.0275
0 0.6978125000000001 0.3929166666666667 0.005625 0.0125
0 0.7034375 0.38583333333333336 0.006875 0.01
0 0.74375 0.4029166666666667 0.00875 0.015833333333333335
0 0.73875 0.3825 0.00375 0.01
0 0.7831250000000001 0.38125000000000003 0.005 0.009166666666666667
1 0.699375 0.4166666666666667 0.01 0.021666666666666667
1 0.6334375 0.40208333333333335 0.009375 0.0175
1 0.608125 0.38833333333333336 0.00625 0.011666666666666667
1 0.6278125 0.38208333333333333 0.005625 0.010833333333333334
1 0.6675 0.38 0.00625 0.01
2 0.37375 0.43041666666666667 0.01125 0.020833333333333336
2 0.435 0.4108333333333334 0.0075 0.016666666666666666
2 0.5315625 0.4354166666666667 0.014375 0.02416666666666667
2 0.55625 0.4129166666666667 0.01125 0.01916666666666667
2 0.245 0.38583333333333336 0.00375 0.008333333333333333
2 0.1940625 0.39666666666666667 0.005625 0.013333333333333334
2 0.160625 0.39125000000000004 0.005 0.009166666666666667
2 0.0234375 0.3866666666666667 0.006875 0.018333333333333333
3 0.0365625 0.42250000000000004 0.010625 0.03166666666666667
3 0.034375 0.38125000000000003 0.0125 0.030833333333333334
3 0.148125 0.395 0.0075 0.018333333333333333
3 0.2015625 0.3875 0.005625 0.013333333333333334
0 0.115 0.3879166666666667 0.00625 0.0275
1 0.11750000000000001 0.38958333333333334 0.01125 0.02416666666666667
