0 0.5109375 0.4879166666666667 0.019375 0.04083333333333333
0 0.74625 0.4391666666666667 0.01375 0.025
2 0.755 0.37583333333333335 0.005 0.01
2 0.71625 0.3795833333333334 0.00375 0.010833333333333334
2 0.6209375 0.3591666666666667 0.004375 0.011666666666666667
3 0.72 0.37375 0.005 0.0125
3 0.6225 0.38125000000000003 0.00625 0.0175
3 0.62625 0.3554166666666667 0.0075 0.0175
3 0.6803125 0.3741666666666667 0.006875 0.015000000000000001
3 0.65125 0.37083333333333335 0.00375 0.013333333333333334
1 0.689375 0.36583333333333334 0.0075 0.016666666666666666
