2 0.21406250000000002 0.49083333333333334 0.024375 0.04
2 0.2628125 0.4504166666666667 0.019375 0.0275
2 0.2828125 0.43125 0.014375 0.022500000000000003
2 0.3021875 0.41500000000000004 0.010625 0.015000000000000001
2 0.3434375 0.4141666666666667 0.011875 0.016666666666666666
2 0.38125000000000003 0.41125 0.01375 0.0175
2 0.4184375 0.41250000000000003 0.011875 0.016666666666666666
2 0.440625 0.4266666666666667 0.01125 0.023333333333333334
2 0.46218750000000003 0.4445833333333334 0.020625 0.025833333333333337
2 0.4978125 0.4841666666666667 0.025625000000000002 0.04
0 0.593125 0.6158333333333333 0.04875 0.07833333333333334
0 0.7809375000000001 0.48750000000000004 0.020625 0.04166666666666667
1 0.11875000000000001 0.5945833333333334 0.043750000000000004 0.07083333333333333
