3 0.2275 0.5420833333333334 0.045 0.09583333333333334
3 0.323125 0.49000000000000005 0.0325 0.06666666666666667
3 0.6459375 0.5016666666666667 0.031875 0.07500000000000001
3 0.6871875000000001 0.5945833333333334 0.058125 0.12416666666666668
1 0.6478125 0.5483333333333333 0.030625 0.058333333333333334
1 0.6859375 0.4841666666666667 0.023125 0.03666666666666667
1 0.77375 0.4604166666666667 0.0225 0.029166666666666667
0 0.7609375 0.42833333333333334 0.010625 0.02
0 0.614375 0.44 0.01125 0.021666666666666667
2 0.615625 0.42333333333333334 0.00875 0.016666666666666666
2 0.6128125 0.4129166666666667 0.008125 0.015833333333333335
2 0.6071875 0.40708333333333335 0.006875 0.0175
2 0.599375 0.40208333333333335 0.00625 0.0125
2 0.5734375 0.40125000000000005 0.008125 0.010833333333333334
2 0.5478125 0.40125000000000005 0.005625 0.0125
2 0.5203125 0.40166666666666667 0.006875 0.013333333333333334
2 0.509375 0.4066666666666667 0.00625 0.013333333333333334
2 0.5 0.41208333333333336 0.0075 0.015833333333333335
2 0.4834375 0.4204166666666667 0.010625 0.0175
1 0.4634375 0.43375 0.013125 0.020833333333333336
1 0.3575 0.4179166666666667 0.00875 0.015833333333333335
1 0.27 0.4154166666666667 0.0075 0.015833333333333335
1 0.1415625 0.41583333333333333 0.010625 0.015000000000000001
1 0.03375 0.42333333333333334 0.00875 0.013333333333333334
0 0.0184375 0.43083333333333335 0.010625 0.016666666666666666
0 0.11625 0.42625 0.01 0.014166666666666668
0 0.1978125 0.42583333333333334 0.009375 0.015000000000000001
0 0.2809375 0.43125 0.013125 0.022500000000000003
0 0.34 0.44833333333333336 0.01375 0.025
0 0.348125 0.47750000000000004 0.01875 0.035
0 0.291875 0.52375 0.03 0.0475
