1 0.74375 0.5216666666666667 0.02625 0.04833333333333334
1 0.793125 0.4758333333333334 0.01375 0.035
1 0.598125 0.42708333333333337 0.01125 0.020833333333333336
1 0.4990625 0.41125 0.008125 0.015833333333333335
1 0.4159375 0.4058333333333334 0.006875 0.013333333333333334
1 0.29812500000000003 0.40166666666666667 0.005 0.011666666666666667
1 0.2028125 0.4029166666666667 0.005625 0.010833333333333334
1 0.121875 0.4066666666666667 0.0075 0.011666666666666667
3 0.3990625 0.49375 0.034375 0.07416666666666667
3 0.473125 0.46375000000000005 0.025 0.05916666666666667
3 0.761875 0.55 0.04125 0.1
3 0.7496875000000001 0.48750000000000004 0.028125 0.07
0 0.7421875 0.44 0.011875 0.023333333333333334
0 0.23875000000000002 0.5579166666666667 0.0375 0.0625
0 0.44906250000000003 0.4879166666666667 0.023125 0.04083333333333333
0 0.49375 0.4579166666666667 0.01625 0.030833333333333334
0 0.483125 0.4345833333333334 0.0125 0.022500000000000003
0 0.429375 0.41750000000000004 0.00875 0.02
0 0.3503125 0.4108333333333334 0.008125 0.013333333333333334
0 0.27718750000000003 0.4083333333333334 0.006875 0.015000000000000001
0 0.1925 0.40958333333333335 0.0075 0.014166666666666668
0 0.1090625 0.4133333333333334 0.008125 0.015000000000000001
0 0.0134375 0.4204166666666667 0.009375 0.015833333333333335
2 0.6175 0.41833333333333333 0.0075 0.016666666666666666
2 0.635 0.41125 0.0075 0.015833333333333335
2 0.6453125000000001 0.4066666666666667 0.006875 0.015000000000000001
2 0.6565625 0.40125000000000005 0.005625 0.0125
2 0.68375 0.40375000000000005 0.005 0.010833333333333334
2 0.7106250000000001 0.405 0.00625 0.011666666666666667
2 0.7368750000000001 0.40625 0.005 0.0125
2 0.74375 0.4104166666666667 0.005 0.014166666666666668
2 0.749375 0.4154166666666667 0.01 0.0175
2 0.7465625 0.4241666666666667 0.009375 0.02
