3 0.4684375 0.4754166666666667 0.021875000000000002 0.06583333333333334
3 0.5337500000000001 0.45208333333333334 0.02 0.050833333333333335
3 0.7878125 0.5233333333333333 0.024375 0.08
3 0.790625 0.47708333333333336 0.01875 0.0675
0 0.0096875 0.5766666666666667 0.019375 0.05666666666666667
0 0.3334375 0.5220833333333333 0.023125 0.04583333333333334
0 0.5125 0.47208333333333335 0.015 0.03416666666666667
0 0.5525 0.4470833333333334 0.0125 0.025833333333333337
0 0.544375 0.4266666666666667 0.00875 0.018333333333333333
0 0.4915625 0.4141666666666667 0.008125 0.015000000000000001
0 0.4165625 0.4079166666666667 0.005625 0.014166666666666668
0 0.345625 0.405 0.00625 0.013333333333333334
0 0.265 0.4058333333333334 0.00625 0.015000000000000001
0 0.1853125 0.4083333333333334 0.005625 0.015000000000000001
0 0.0990625 0.4141666666666667 0.005625 0.016666666666666666
0 0.0065625 0.42583333333333334 0.006875 0.016666666666666666
1 0.0703125 0.41125 0.005625 0.014166666666666668
1 0.19718750000000002 0.40208333333333335 0.005625 0.014166666666666668
1 0.36375 0.39958333333333335 0.005 0.010833333333333334
1 0.2725 0.4 0.005 0.011666666666666667
1 0.4790625 0.40166666666666667 0.005625 0.013333333333333334
1 0.5590625 0.40708333333333335 0.006875 0.015833333333333335
1 0.6540625 0.4229166666666667 0.008125 0.01916666666666667
2 0.6740625 0.41458333333333336 0.006875 0.014166666666666668
2 0.6934375 0.4083333333333334 0.005625 0.013333333333333334
2 0.7034375 0.40375000000000005 0.005625 0.010833333333333334
2 0.71625 0.39958333333333335 0.005 0.0125
2 0.7440625 0.4008333333333334 0.005625 0.011666666666666667
2 0.7696875 0.40166666666666667 0.004375 0.01
2 0.796875 0.4033333333333334 0.005 0.013333333333333334
1 0.78 0.5020833333333333 0.0175 0.0425
0 0.7934375 0.43375 0.009375 0.022500000000000003
