0 0.26 0.61375 0.0475 0.0775
0 0.6390625 0.46125000000000005 0.021875000000000002 0.03416666666666667
2 0.7325 0.4066666666666667 0.01 0.018333333333333333
2 0.7831250000000001 0.39916666666666667 0.0075 0.015000000000000001
0 0.55 0.3616666666666667 0.0075 0.016666666666666666
1 0.5534375 0.36291666666666667 0.005625 0.015833333333333335
2 0.475625 0.3554166666666667 0.00625 0.014166666666666668
2 0.6159375 0.37041666666666667 0.005625 0.010833333333333334
2 0.578125 0.37583333333333335 0.005 0.008333333333333333
2 0.576875 0.37375 0.005 0.009166666666666667
3 0.47750000000000004 0.3816666666666667 0.01 0.021666666666666667
3 0.4825 0.3529166666666667 0.0075 0.020833333333333336
3 0.50875 0.36750000000000005 0.00625 0.015000000000000001
3 0.539375 0.37000000000000005 0.00625 0.015000000000000001
3 0.5803125 0.3670833333333334 0.005625 0.0125
