0 0.5053125 0.48833333333333334 0.025625000000000002 0.05166666666666667
0 0.7440625 0.44125000000000003 0.015625 0.035833333333333335
2 0.7503125 0.3716666666666667 0.013125 0.02
2 0.71125 0.3775 0.00625 0.013333333333333334
3 0.7178125 0.3720833333333334 0.010625 0.014166666666666668
1 0.6878125 0.36500000000000005 0.013125 0.018333333333333333
3 0.67625 0.3741666666666667 0.00875 0.018333333333333333
3 0.6240625 0.35583333333333333 0.009375 0.021666666666666667
3 0.6190625 0.3804166666666667 0.013125 0.022500000000000003
2 0.6168750000000001 0.3579166666666667 0.00625 0.020833333333333336
