0 0.53 0.49875 0.02125 0.04583333333333334
0 0.7681250000000001 0.4470833333333334 0.015 0.025833333333333337
2 0.6315625 0.4129166666666667 0.013125 0.022500000000000003
2 0.6840625 0.4033333333333334 0.009375 0.016666666666666666
2 0.7615625 0.4229166666666667 0.013125 0.02416666666666667
2 0.7909375000000001 0.4104166666666667 0.013125 0.014166666666666668
2 0.5078125 0.37375 0.011875 0.009166666666666667
2 0.466875 0.3825 0.0075 0.008333333333333333
3 0.47000000000000003 0.37375 0.0075 0.014166666666666668
1 0.4340625 0.37125 0.006875 0.015833333333333335
3 0.3934375 0.375 0.008125 0.013333333333333334
3 0.35875 0.36000000000000004 0.0075 0.02
2 0.3509375 0.36500000000000005 0.009375 0.013333333333333334
3 0.3546875 0.39208333333333334 0.011875 0.022500000000000003
