0 0.19718750000000002 0.58125 0.038125 0.06416666666666668
0 0.229375 0.49250000000000005 0.02125 0.03666666666666667
0 0.6290625 0.4783333333333334 0.018125 0.03333333333333333
0 0.1734375 0.45625000000000004 0.016875 0.025833333333333337
0 0.081875 0.4429166666666667 0.0125 0.020833333333333336
1 0.4140625 0.46375000000000005 0.016875 0.030833333333333334
1 0.2846875 0.4345833333333334 0.011875 0.020833333333333336
1 0.1840625 0.4266666666666667 0.010625 0.02
1 0.0346875 0.42791666666666667 0.009375 0.015833333333333335
2 0.443125 0.4395833333333334 0.01125 0.020833333333333336
2 0.46375 0.4254166666666667 0.01 0.0175
2 0.475625 0.4166666666666667 0.0075 0.016666666666666666
2 0.486875 0.4079166666666667 0.00625 0.0125
2 0.5196875 0.4091666666666667 0.006875 0.015000000000000001
2 0.548125 0.41000000000000003 0.0075 0.015000000000000001
2 0.5784375 0.4091666666666667 0.006875 0.015000000000000001
2 0.5909375 0.4179166666666667 0.008125 0.015833333333333335
2 0.603125 0.42791666666666667 0.01 0.01916666666666667
2 0.613125 0.4441666666666667 0.01375 0.023333333333333334
3 0.1065625 0.6479166666666667 0.069375 0.14416666666666667
