3 0.4390625 0.4829166666666667 0.028125 0.07083333333333333
3 0.506875 0.45625000000000004 0.02125 0.05416666666666667
3 0.776875 0.5333333333333333 0.03625 0.09000000000000001
3 0.7746875 0.4804166666666667 0.024375 0.06416666666666668
1 0.7646875 0.51125 0.023125 0.0425
1 0.6275000000000001 0.42458333333333337 0.01 0.01916666666666667
1 0.5315625 0.4079166666666667 0.005625 0.015833333333333335
1 0.450625 0.40166666666666667 0.0075 0.011666666666666667
1 0.3340625 0.39958333333333335 0.004375 0.0125
1 0.2409375 0.4 0.004375 0.01
1 0.1640625 0.40208333333333335 0.003125 0.009166666666666667
1 0.0328125 0.4116666666666667 0.005625 0.01
0 0.29125 0.5370833333333334 0.0275 0.05416666666666667
0 0.483125 0.4783333333333334 0.0175 0.03166666666666667
0 0.5265625 0.45125000000000004 0.016875 0.029166666666666667
0 0.516875 0.42875 0.01125 0.01916666666666667
0 0.46218750000000003 0.41583333333333333 0.005625 0.016666666666666666
0 0.7684375 0.43625 0.009375 0.020833333333333336
0 0.38625 0.40750000000000003 0.01 0.015000000000000001
0 0.315625 0.40458333333333335 0.0075 0.0125
0 0.23093750000000002 0.4058333333333334 0.005625 0.011666666666666667
0 0.1509375 0.40958333333333335 0.006875 0.014166666666666668
0 0.0603125 0.41583333333333333 0.004375 0.013333333333333334
2 0.6481250000000001 0.4154166666666667 0.005 0.015833333333333335
2 0.6671875 0.4079166666666667 0.005625 0.0125
2 0.678125 0.405 0.005 0.013333333333333334
2 0.6890625 0.4 0.004375 0.008333333333333333
2 0.7165625 0.40166666666666667 0.004375 0.01
2 0.7425 0.4025 0.005 0.01
2 0.77 0.4025 0.005 0.01
2 0.775625 0.4079166666666667 0.00375 0.015833333333333335
2 0.779375 0.4141666666666667 0.005 0.013333333333333334
2 0.7778125 0.42458333333333337 0.005625 0.0125
