0 0.5665625 0.48750000000000004 0.024375 0.04166666666666667
0 0.793125 0.44583333333333336 0.0125 0.02666666666666667
0 0.469375 0.36583333333333334 0.00625 0.016666666666666666
1 0.47375 0.3670833333333334 0.0075 0.0175
2 0.6653125 0.4108333333333334 0.010625 0.02
2 0.71625 0.40166666666666667 0.0075 0.016666666666666666
2 0.793125 0.42250000000000004 0.01125 0.021666666666666667
2 0.39125 0.36125 0.0075 0.015833333333333335
2 0.5421875 0.37333333333333335 0.005625 0.01
2 0.5021875 0.37875000000000003 0.005625 0.010833333333333334
2 0.500625 0.3770833333333334 0.005 0.010833333333333334
3 0.3984375 0.3566666666666667 0.008125 0.021666666666666667
3 0.3946875 0.38708333333333333 0.006875 0.025833333333333337
3 0.4315625 0.3729166666666667 0.006875 0.014166666666666668
3 0.4628125 0.3741666666666667 0.005625 0.016666666666666666
3 0.5053125 0.3716666666666667 0.004375 0.013333333333333334
