0 0.21406250000000002 0.6508333333333334 0.051875000000000004 0.08666666666666667
0 0.6284375 0.4716666666666667 0.021875000000000002 0.03666666666666667
0 0.5359375000000001 0.36833333333333335 0.006875 0.015000000000000001
1 0.539375 0.37000000000000005 0.0075 0.015000000000000001
2 0.7215625 0.4108333333333334 0.011875 0.018333333333333333
2 0.7734375 0.4033333333333334 0.008125 0.015000000000000001
2 0.46125 0.3641666666666667 0.00625 0.015000000000000001
2 0.603125 0.3754166666666667 0.005 0.009166666666666667
2 0.5653125 0.38083333333333336 0.004375 0.01
2 0.56375 0.37875000000000003 0.00375 0.009166666666666667
3 0.4640625 0.38958333333333334 0.009375 0.022500000000000003
3 0.4675 0.36000000000000004 0.00875 0.023333333333333334
3 0.4953125 0.3754166666666667 0.006875 0.014166666666666668
3 0.5265625 0.37625000000000003 0.006875 0.014166666666666668
3 0.5678125 0.37333333333333335 0.005625 0.013333333333333334
