0 0.10312500000000001 0.5954166666666667 0.0425 0.07250000000000001
0 0.13468750000000002 0.48708333333333337 0.023125 0.037500000000000006
0 0.06375 0.4554166666666667 0.01625 0.025833333333333337
1 0.055625 0.4266666666666667 0.0125 0.02
1 0.208125 0.43083333333333335 0.0125 0.021666666666666667
1 0.315 0.44958333333333333 0.015 0.025833333333333337
1 0.469375 0.5329166666666667 0.035 0.050833333333333335
2 0.531875 0.4679166666666667 0.02 0.0325
2 0.566875 0.43750000000000006 0.015 0.023333333333333334
2 0.5825 0.4229166666666667 0.0125 0.01916666666666667
2 0.5984375000000001 0.4091666666666667 0.009375 0.016666666666666666
2 0.64 0.4104166666666667 0.01125 0.0175
2 0.6775 0.41208333333333336 0.01125 0.01916666666666667
2 0.716875 0.4133333333333334 0.01 0.02
2 0.7396875 0.42750000000000005 0.011875 0.023333333333333334
2 0.764375 0.4475 0.01375 0.028333333333333335
2 0.794375 0.48708333333333337 0.01125 0.037500000000000006
