0 0.318125 0.5766666666666667 0.04125 0.07
0 0.650625 0.45333333333333337 0.02125 0.03166666666666667
2 0.7425 0.4033333333333334 0.00875 0.018333333333333333
2 0.794375 0.3954166666666667 0.00625 0.014166666666666668
2 0.630625 0.36791666666666667 0.005 0.009166666666666667
2 0.5928125 0.37333333333333335 0.004375 0.008333333333333333
2 0.5915625 0.37083333333333335 0.004375 0.008333333333333333
2 0.49343750000000003 0.3554166666666667 0.006875 0.014166666666666668
3 0.49562500000000004 0.3804166666666667 0.0075 0.020833333333333336
3 0.4990625 0.35333333333333333 0.006875 0.018333333333333333
3 0.525 0.36625 0.005 0.015833333333333335
3 0.5543750000000001 0.37000000000000005 0.00625 0.013333333333333334
0 0.5659375 0.3616666666666667 0.009375 0.023333333333333334
1 0.5684375 0.36083333333333334 0.009375 0.021666666666666667
3 0.5959375 0.36583333333333334 0.005625 0.013333333333333334
