2 0.0903125 0.4779166666666667 0.021875000000000002 0.03416666666666667
0 0.34 0.5520833333333334 0.0325 0.0575
1 0.320625 0.4629166666666667 0.01875 0.035833333333333335
1 0.228125 0.43875000000000003 0.01375 0.02416666666666667
1 0.2040625 0.4116666666666667 0.009375 0.018333333333333333
1 0.234375 0.40166666666666667 0.00875 0.015000000000000001
1 0.2840625 0.39333333333333337 0.006875 0.013333333333333334
0 0.31875000000000003 0.41125 0.00875 0.0175
0 0.32625 0.4004166666666667 0.0075 0.0125
0 0.3784375 0.42500000000000004 0.011875 0.018333333333333333
0 0.36562500000000003 0.39375000000000004 0.00625 0.0125
1 0.3640625 0.3866666666666667 0.005625 0.013333333333333334
0 0.4121875 0.38833333333333336 0.004375 0.011666666666666667
1 0.44625000000000004 0.38333333333333336 0.005 0.01
0 0.473125 0.38458333333333333 0.005 0.0125
0 0.505 0.4366666666666667 0.01625 0.02666666666666667
0 0.5371875 0.38708333333333333 0.004375 0.010833333333333334
1 0.541875 0.38333333333333336 0.005 0.01
0 0.5984375000000001 0.38833333333333336 0.004375 0.011666666666666667
1 0.60375 0.38583333333333336 0.005 0.011666666666666667
0 0.664375 0.3925 0.005 0.011666666666666667
1 0.6803125 0.39 0.005625 0.011666666666666667
0 0.7225 0.3983333333333334 0.005 0.011666666666666667
1 0.7803125 0.39875000000000005 0.006875 0.0125
0 0.7821875 0.40625 0.006875 0.014166666666666668
0 0.7659375 0.4295833333333334 0.014375 0.022500000000000003
0 0.655 0.43583333333333335 0.0175 0.023333333333333334
3 0.7334375 0.42583333333333334 0.015625 0.035
3 0.785625 0.42208333333333337 0.01625 0.0325
1 0.76 0.5387500000000001 0.03125 0.0575
