0 0.5340625 0.49583333333333335 0.026875 0.04166666666666667
0 0.7703125000000001 0.44583333333333336 0.019375 0.028333333333333335
2 0.76625 0.42333333333333334 0.01125 0.018333333333333333
2 0.7953125 0.4091666666666667 0.009375 0.018333333333333333
2 0.68875 0.39958333333333335 0.01 0.0175
2 0.63625 0.4104166666666667 0.01 0.0175
2 0.4721875 0.3775 0.006875 0.011666666666666667
2 0.51125 0.37125 0.00625 0.009166666666666667
2 0.4684375 0.3745833333333334 0.004375 0.009166666666666667
3 0.474375 0.3691666666666667 0.00625 0.013333333333333334
1 0.43875000000000003 0.36583333333333334 0.01 0.02
0 0.43625 0.36500000000000005 0.0075 0.02666666666666667
3 0.43062500000000004 0.3720833333333334 0.00625 0.020833333333333336
3 0.4 0.37083333333333335 0.01 0.016666666666666666
3 0.3603125 0.3875 0.008125 0.025
3 0.3640625 0.35500000000000004 0.006875 0.025
2 0.3559375 0.35958333333333337 0.009375 0.020833333333333336
