2 0.2628125 0.36083333333333334 0.009375 0.018333333333333333
2 0.39125 0.3791666666666667 0.005 0.01
2 0.389375 0.37583333333333335 0.005 0.01
2 0.3596875 0.37375 0.004375 0.009166666666666667
2 0.561875 0.4141666666666667 0.0125 0.02
2 0.615625 0.4008333333333334 0.01 0.016666666666666666
2 0.7015625 0.4254166666666667 0.014375 0.01916666666666667
2 0.7278125 0.4083333333333334 0.011875 0.02
1 0.784375 0.39 0.00625 0.011666666666666667
1 0.3484375 0.36750000000000005 0.010625 0.018333333333333333
0 0.4375 0.5304166666666666 0.03375 0.05416666666666667
0 0.7096875 0.4525 0.019375 0.03166666666666667
0 0.3459375 0.3691666666666667 0.008125 0.02666666666666667
3 0.2678125 0.39083333333333337 0.010625 0.025
3 0.27 0.35708333333333336 0.0075 0.025833333333333337
3 0.395625 0.3691666666666667 0.005 0.013333333333333334
2 0.43343750000000003 0.37000000000000005 0.003125 0.008333333333333333
