2 0.4459375 0.4704166666666667 0.018125 0.03416666666666667
2 0.4834375 0.4379166666666667 0.013125 0.02416666666666667
2 0.499375 0.4216666666666667 0.01125 0.018333333333333333
2 0.515625 0.4083333333333334 0.01 0.016666666666666666
2 0.5565625 0.4079166666666667 0.009375 0.0175
2 0.7128125 0.48208333333333336 0.020625 0.035833333333333335
2 0.59375 0.40958333333333335 0.01 0.0175
2 0.6315625 0.41000000000000003 0.008125 0.015000000000000001
2 0.6540625 0.42375 0.010625 0.020833333333333336
2 0.678125 0.44375000000000003 0.015 0.025833333333333337
1 0.37875000000000003 0.5416666666666667 0.0275 0.05333333333333334
1 0.2246875 0.45583333333333337 0.014375 0.02666666666666667
1 0.11375 0.4391666666666667 0.0125 0.021666666666666667
0 0.0275 0.5016666666666667 0.0225 0.03833333333333334
