0 0.474375 0.50625 0.02375 0.04416666666666667
0 0.655 0.4591666666666667 0.0175 0.030000000000000002
0 0.7821875 0.42208333333333337 0.013125 0.020833333333333336
0 0.6815625 0.4083333333333334 0.009375 0.016666666666666666
0 0.6325000000000001 0.3979166666666667 0.00625 0.014166666666666668
0 0.6375000000000001 0.39125000000000004 0.005 0.010833333333333334
0 0.67125 0.3879166666666667 0.00625 0.009166666666666667
0 0.715 0.3854166666666667 0.00375 0.009166666666666667
0 0.774375 0.38458333333333333 0.005 0.009166666666666667
2 0.278125 0.4475 0.01375 0.02666666666666667
2 0.35375 0.42208333333333337 0.01125 0.020833333333333336
2 0.4565625 0.4525 0.015625 0.028333333333333335
2 0.485 0.42375 0.01125 0.020833333333333336
2 0.06375 0.4025 0.00625 0.01
2 0.09531250000000001 0.4104166666666667 0.005625 0.010833333333333334
2 0.0978125 0.4054166666666667 0.005625 0.010833333333333334
2 0.1565625 0.39333333333333337 0.005625 0.01
3 0.0090625 0.40625 0.006875 0.01916666666666667
3 0.0459375 0.4054166666666667 0.009375 0.01916666666666667
3 0.10875 0.39625000000000005 0.0075 0.015833333333333335
1 0.64 0.42583333333333334 0.0125 0.021666666666666667
1 0.566875 0.4091666666666667 0.01 0.016666666666666666
1 0.539375 0.39333333333333337 0.0075 0.013333333333333334
1 0.5593750000000001 0.38583333333333336 0.00625 0.013333333333333334
1 0.59875 0.38375000000000004 0.00625 0.010833333333333334
1 0.749375 0.3816666666666667 0.00375 0.008333333333333333
1 0.6703125 0.3825 0.004375 0.008333333333333333
