0 0.1565625 0.52375 0.024375 0.04583333333333334
0 0.429375 0.4941666666666667 0.01625 0.03833333333333334
3 0.5453125 0.45583333333333337 0.020625 0.058333333333333334
0 0.5853125 0.45625000000000004 0.014375 0.0275
3 0.604375 0.4416666666666667 0.02 0.05
0 0.620625 0.44125000000000003 0.01 0.030833333333333334
0 0.6159375 0.4204166666666667 0.008125 0.015833333333333335
1 0.7221875 0.42125 0.010625 0.01916666666666667
2 0.7446875000000001 0.4133333333333334 0.005625 0.015000000000000001
2 0.764375 0.40958333333333335 0.00875 0.015833333333333335
2 0.775625 0.4058333333333334 0.00875 0.01
2 0.789375 0.4004166666666667 0.00875 0.009166666666666667
1 0.6303125 0.40375000000000005 0.009375 0.014166666666666668
0 0.564375 0.40875 0.0075 0.0125
1 0.551875 0.3979166666666667 0.0075 0.010833333333333334
0 0.4921875 0.40125000000000005 0.006875 0.0125
1 0.44125000000000003 0.3929166666666667 0.00625 0.0125
0 0.4246875 0.4 0.011875 0.013333333333333334
0 0.348125 0.39958333333333335 0.01125 0.0175
1 0.3540625 0.3916666666666667 0.006875 0.011666666666666667
1 0.281875 0.39333333333333337 0.0075 0.008333333333333333
0 0.2728125 0.39916666666666667 0.008125 0.011666666666666667
0 0.19125 0.4033333333333334 0.00875 0.015000000000000001
1 0.165 0.4008333333333334 0.00875 0.013333333333333334
0 0.11031250000000001 0.4129166666666667 0.010625 0.014166666666666668
1 0.053125 0.4116666666666667 0.0075 0.02
0 0.0375 0.42625 0.01 0.015833333333333335
