0 0.7553125 0.6029166666666667 0.034375 0.07250000000000001
1 0.32 0.55125 0.03 0.0575
1 0.0528125 0.4466666666666667 0.010625 0.025
1 0.16593750000000002 0.46375000000000005 0.015625 0.029166666666666667
2 0.3921875 0.47458333333333336 0.019375 0.035833333333333335
2 0.43062500000000004 0.44 0.01375 0.02666666666666667
2 0.4471875 0.42375 0.009375 0.01916666666666667
2 0.464375 0.40958333333333335 0.00875 0.015833333333333335
2 0.50375 0.40958333333333335 0.00875 0.015833333333333335
2 0.541875 0.4079166666666667 0.0075 0.015833333333333335
2 0.5796875 0.4091666666666667 0.006875 0.016666666666666666
2 0.601875 0.42375 0.01 0.022500000000000003
2 0.6265625 0.44125000000000003 0.015625 0.0275
2 0.6609375000000001 0.48208333333333336 0.018125 0.037500000000000006
