0 0.1 0.6833333333333333 0.058750000000000004 0.095
0 0.211875 0.5204166666666667 0.025 0.04416666666666667
0 0.175625 0.465 0.0175 0.028333333333333335
0 0.0896875 0.4470833333333334 0.013125 0.022500000000000003
1 0.055 0.42791666666666667 0.01 0.0175
1 0.204375 0.42791666666666667 0.01125 0.020833333333333336
1 0.30875 0.43750000000000006 0.0125 0.025
1 0.4475 0.4808333333333334 0.02375 0.03666666666666667
0 0.7175 0.5058333333333334 0.025 0.043333333333333335
2 0.6875 0.4529166666666667 0.015 0.0275
2 0.6715625000000001 0.43000000000000005 0.011875 0.021666666666666667
2 0.6575 0.41708333333333336 0.01125 0.015833333333333335
2 0.6403125000000001 0.40708333333333335 0.006875 0.0125
2 0.6071875 0.40708333333333335 0.008125 0.015833333333333335
2 0.5753125 0.4058333333333334 0.006875 0.015000000000000001
2 0.539375 0.40625 0.0075 0.014166666666666668
2 0.5259375000000001 0.41500000000000004 0.008125 0.018333333333333333
2 0.5128125 0.4266666666666667 0.010625 0.02
2 0.486875 0.44375000000000003 0.01375 0.029166666666666667
