0 0.3003125 0.5587500000000001 0.034375 0.05916666666666667
0 0.5890625 0.455 0.016875 0.028333333333333335
0 0.795 0.4295833333333334 0.00875 0.01916666666666667
0 0.7603125000000001 0.3691666666666667 0.004375 0.016666666666666666
1 0.7640625 0.37041666666666667 0.005625 0.0125
1 0.793125 0.49750000000000005 0.015 0.043333333333333335
1 0.76125 0.6383333333333334 0.043750000000000004 0.08
3 0.70375 0.3854166666666667 0.005 0.0175
3 0.7084375 0.35958333333333337 0.005625 0.0175
2 0.7015625 0.36291666666666667 0.003125 0.0125
2 0.7371875 0.3745833333333334 0.006875 0.0125
2 0.775 0.37583333333333335 0.0025 0.01
