0 0.3565625 0.6875 0.044375 0.09333333333333334
0 0.5625 0.48708333333333337 0.015 0.035833333333333335
0 0.6793750000000001 0.4445833333333334 0.01 0.02416666666666667
2 0.2603125 0.51125 0.019375 0.04583333333333334
2 0.2315625 0.4629166666666667 0.015625 0.0325
2 0.2109375 0.44125000000000003 0.008125 0.02416666666666667
2 0.19062500000000002 0.42708333333333337 0.0075 0.01916666666666667
2 0.14906250000000001 0.43041666666666667 0.009375 0.01916666666666667
2 0.1059375 0.43583333333333335 0.009375 0.02
2 0.0584375 0.4379166666666667 0.008125 0.01916666666666667
2 0.029687500000000002 0.46 0.011875 0.023333333333333334
