0 0.0725 0.5491666666666667 0.025 0.05166666666666667
0 0.3721875 0.5054166666666667 0.024375 0.04916666666666667
3 0.5015625 0.46458333333333335 0.023125 0.06416666666666668
0 0.543125 0.4633333333333334 0.0175 0.03333333333333333
3 0.563125 0.4441666666666667 0.01375 0.05
0 0.58375 0.4429166666666667 0.015 0.025833333333333337
0 0.5740625 0.4241666666666667 0.006875 0.018333333333333333
0 0.5225 0.40958333333333335 0.00875 0.0175
0 0.44875 0.40375000000000005 0.00875 0.014166666666666668
0 0.3775 0.40125000000000005 0.01 0.014166666666666668
0 0.29875 0.4 0.00625 0.01
0 0.2228125 0.4008333333333334 0.009375 0.011666666666666667
0 0.1390625 0.40750000000000003 0.008125 0.015000000000000001
0 0.051562500000000004 0.41958333333333336 0.006875 0.015833333333333335
1 0.11031250000000001 0.40708333333333335 0.005625 0.0125
1 0.233125 0.39666666666666667 0.0075 0.013333333333333334
1 0.3065625 0.39625000000000005 0.008125 0.010833333333333334
1 0.3965625 0.3954166666666667 0.006875 0.010833333333333334
1 0.509375 0.39916666666666667 0.0075 0.011666666666666667
1 0.58875 0.4054166666666667 0.01375 0.015833333333333335
1 0.6821875000000001 0.42083333333333334 0.006875 0.02
2 0.7021875 0.4116666666666667 0.009375 0.018333333333333333
2 0.7221875 0.4066666666666667 0.006875 0.016666666666666666
2 0.7328125 0.40375000000000005 0.004375 0.0125
2 0.74625 0.39916666666666667 0.0075 0.015000000000000001
2 0.7725 0.4008333333333334 0.005 0.011666666666666667
1 0.7946875 0.49375 0.011875 0.04416666666666667
2 0.795625 0.52125 0.00875 0.06416666666666668
