1 0.763125 0.6325000000000001 0.035 0.08
1 0.795625 0.49375 0.00875 0.04416666666666667
0 0.7965625000000001 0.43000000000000005 0.006875 0.023333333333333334
0 0.5940625 0.45375000000000004 0.013125 0.030833333333333334
0 0.31 0.5533333333333333 0.02625 0.055
0 0.7665625 0.3670833333333334 0.005625 0.0125
1 0.7684375 0.3691666666666667 0.004375 0.011666666666666667
2 0.7059375 0.36083333333333334 0.005625 0.01
3 0.708125 0.3829166666666667 0.0075 0.0175
3 0.7128125 0.36000000000000004 0.006875 0.016666666666666666
