0 0.0671875 0.7229166666666668 0.054375 0.0975
0 0.2278125 0.5295833333333334 0.035625000000000004 0.05416666666666667
0 0.2040625 0.4666666666666667 0.016875 0.03333333333333333
0 0.1209375 0.4466666666666667 0.011875 0.025
0 0.0334375 0.4416666666666667 0.010625 0.018333333333333333
0 0.7871875 0.5208333333333334 0.024375 0.043333333333333335
1 0.0928125 0.4241666666666667 0.009375 0.016666666666666666
1 0.240625 0.42708333333333337 0.0075 0.01916666666666667
1 0.3453125 0.4379166666666667 0.009375 0.025833333333333337
1 0.4884375 0.48625 0.018125 0.037500000000000006
2 0.5325 0.4454166666666667 0.01625 0.025833333333333337
2 0.55875 0.42458333333333337 0.01 0.022500000000000003
2 0.573125 0.41375 0.00875 0.015833333333333335
2 0.5871875 0.4029166666666667 0.006875 0.014166666666666668
2 0.625 0.4041666666666667 0.01 0.015000000000000001
2 0.6584375 0.40458333333333335 0.009375 0.0125
2 0.6934375 0.4066666666666667 0.010625 0.013333333333333334
2 0.71125 0.41625 0.00875 0.01916666666666667
2 0.7284375 0.4316666666666667 0.008125 0.021666666666666667
2 0.7490625 0.4566666666666667 0.011875 0.03333333333333333
