0 0.3184375 0.5745833333333333 0.033125 0.0625
0 0.561875 0.4841666666666667 0.02 0.03833333333333334
0 0.6900000000000001 0.42833333333333334 0.0125 0.02
0 0.5809375 0.4133333333333334 0.008125 0.018333333333333333
0 0.526875 0.40166666666666667 0.0075 0.015000000000000001
0 0.53125 0.39458333333333334 0.0075 0.010833333333333334
0 0.5665625 0.38958333333333334 0.005625 0.010833333333333334
0 0.6096875 0.38708333333333333 0.005625 0.009166666666666667
0 0.6675 0.3866666666666667 0.005 0.01
0 0.7312500000000001 0.39 0.00625 0.01
0 0.7940625 0.39333333333333337 0.005625 0.01
1 0.5378125 0.43750000000000006 0.014375 0.02666666666666667
1 0.4571875 0.41750000000000004 0.009375 0.02
1 0.4265625 0.39916666666666667 0.008125 0.013333333333333334
1 0.449375 0.3916666666666667 0.00625 0.011666666666666667
1 0.49062500000000003 0.3854166666666667 0.005 0.009166666666666667
1 0.56375 0.3841666666666667 0.005 0.01
1 0.6421875 0.38333333333333336 0.004375 0.01
1 0.7375 0.38625000000000004 0.00375 0.009166666666666667
2 0.1015625 0.4766666666666667 0.016875 0.03333333333333333
2 0.20750000000000002 0.4379166666666667 0.0125 0.022500000000000003
2 0.3171875 0.4816666666666667 0.021875000000000002 0.03666666666666667
2 0.3603125 0.4379166666666667 0.015625 0.02416666666666667
2 0.0065625 0.405 0.006875 0.01
