0 0.11875000000000001 0.70125 0.065 0.10583333333333333
0 0.6053125 0.4733333333333334 0.018125 0.04666666666666667
2 0.6996875 0.4083333333333334 0.014375 0.023333333333333334
2 0.75125 0.40125000000000005 0.01375 0.01916666666666667
2 0.5784375 0.3716666666666667 0.004375 0.013333333333333334
2 0.5384375 0.3779166666666667 0.005625 0.0125
3 0.5421875 0.36791666666666667 0.005625 0.014166666666666668
1 0.513125 0.36375 0.01125 0.022500000000000003
3 0.500625 0.3716666666666667 0.01 0.018333333333333333
3 0.439375 0.35458333333333336 0.01125 0.0275
2 0.434375 0.36000000000000004 0.01125 0.018333333333333333
3 0.4353125 0.38375000000000004 0.011875 0.022500000000000003
0 0.509375 0.36250000000000004 0.0075 0.021666666666666667
