0 0.295 0.5991666666666667 0.035 0.07166666666666667
2 0.0396875 0.4891666666666667 0.019375 0.03666666666666667
1 0.2975 0.47500000000000003 0.01625 0.035
1 0.2021875 0.4445833333333334 0.019375 0.030833333333333334
1 0.1865625 0.41375 0.009375 0.015833333333333335
1 0.2196875 0.40166666666666667 0.010625 0.02
1 0.2740625 0.3954166666666667 0.009375 0.014166666666666668
0 0.3175 0.4029166666666667 0.01125 0.015833333333333335
0 0.305625 0.4141666666666667 0.01375 0.016666666666666666
0 0.36625 0.42875 0.0125 0.020833333333333336
0 0.5034375 0.44583333333333336 0.013125 0.028333333333333335
0 0.358125 0.39583333333333337 0.0075 0.01
1 0.3575 0.3866666666666667 0.0075 0.008333333333333333
0 0.4078125 0.3904166666666667 0.006875 0.0125
1 0.4440625 0.38458333333333333 0.009375 0.009166666666666667
0 0.47000000000000003 0.38708333333333333 0.00875 0.010833333333333334
0 0.5371875 0.38875000000000004 0.005625 0.009166666666666667
1 0.5425 0.38583333333333336 0.005 0.011666666666666667
0 0.599375 0.39125000000000004 0.0075 0.010833333333333334
1 0.6059375 0.3891666666666667 0.005625 0.008333333333333333
0 0.6671875 0.4470833333333334 0.010625 0.030833333333333334
0 0.669375 0.39666666666666667 0.0075 0.016666666666666666
1 0.6843750000000001 0.39333333333333337 0.005 0.015000000000000001
0 0.7303125 0.40208333333333335 0.009375 0.015833333333333335
3 0.75 0.43291666666666667 0.01625 0.04083333333333333
0 0.785 0.4395833333333334 0.01 0.020833333333333336
0 0.7937500000000001 0.4116666666666667 0.00625 0.015000000000000001
1 0.7890625 0.4033333333333334 0.006875 0.013333333333333334
