2 0.204375 0.4591666666666667 0.0175 0.03333333333333333
2 0.0234375 0.41458333333333336 0.006875 0.0125
2 0.028125 0.4091666666666667 0.0075 0.011666666666666667
2 0.093125 0.3983333333333334 0.00625 0.008333333333333333
2 0.293125 0.42833333333333334 0.0125 0.021666666666666667
2 0.39968750000000003 0.46416666666666667 0.018125 0.03333333333333333
2 0.43375 0.42875 0.01375 0.02416666666666667
0 0.4134375 0.535 0.034375 0.05666666666666667
0 0.619375 0.4704166666666667 0.02 0.03416666666666667
0 0.640625 0.40958333333333335 0.0125 0.0175
0 0.7453125 0.4229166666666667 0.014375 0.020833333333333336
0 0.589375 0.39958333333333335 0.0075 0.0125
0 0.59375 0.39083333333333337 0.0075 0.013333333333333334
0 0.6278125 0.38708333333333333 0.004375 0.009166666666666667
0 0.670625 0.385 0.005 0.01
0 0.729375 0.38375000000000004 0.005 0.010833333333333334
0 0.794375 0.38625000000000004 0.00625 0.010833333333333334
3 0.0415625 0.4008333333333334 0.009375 0.02
1 0.52125 0.41208333333333336 0.01125 0.020833333333333336
1 0.4921875 0.3954166666666667 0.006875 0.0125
1 0.5134375 0.3875 0.006875 0.015000000000000001
1 0.553125 0.3825 0.0075 0.011666666666666667
1 0.599375 0.43000000000000005 0.01375 0.025
1 0.625 0.37833333333333335 0.00625 0.008333333333333333
1 0.704375 0.38 0.005 0.008333333333333333
