0 0.39687500000000003 0.5383333333333333 0.03625 0.055
0 0.6090625000000001 0.4683333333333334 0.020625 0.035
0 0.7353125 0.41958333333333336 0.014375 0.020833333333333336
0 0.629375 0.40625 0.01125 0.015833333333333335
0 0.5771875 0.3954166666666667 0.008125 0.014166666666666668
0 0.581875 0.3879166666666667 0.005 0.010833333333333334
0 0.6159375 0.38333333333333336 0.005625 0.01
0 0.659375 0.3804166666666667 0.005 0.010833333333333334
0 0.718125 0.38083333333333336 0.005 0.01
0 0.7825 0.38375000000000004 0.005 0.010833333333333334
1 0.5871875 0.42708333333333337 0.013125 0.02416666666666667
1 0.50875 0.4083333333333334 0.01125 0.02
1 0.4790625 0.39208333333333334 0.008125 0.014166666666666668
1 0.5009375 0.38458333333333333 0.005625 0.010833333333333334
1 0.5415625000000001 0.38083333333333336 0.005625 0.011666666666666667
1 0.61375 0.3770833333333334 0.005 0.009166666666666667
1 0.6928125 0.37833333333333335 0.005625 0.01
1 0.789375 0.3804166666666667 0.005 0.009166666666666667
2 0.3834375 0.46375000000000005 0.019375 0.03416666666666667
2 0.4190625 0.42791666666666667 0.015625 0.02416666666666667
2 0.2765625 0.42708333333333337 0.010625 0.020833333333333336
2 0.185 0.46125000000000005 0.01875 0.029166666666666667
2 0.0765625 0.39916666666666667 0.005625 0.01
2 0.005625 0.41625 0.00625 0.010833333333333334
2 0.0103125 0.4104166666666667 0.005625 0.010833333333333334
3 0.023125 0.4008333333333334 0.00625 0.018333333333333333
