3 0.01625 0.7783333333333334 0.0325 0.11166666666666668
0 0.146875 0.6295833333333334 0.03875 0.0775
0 0.2190625 0.5041666666666667 0.020625 0.04166666666666667
0 0.67625 0.48625 0.01625 0.037500000000000006
0 0.1715625 0.4575 0.013125 0.028333333333333335
0 0.081875 0.44375000000000003 0.0125 0.022500000000000003
1 0.0421875 0.4254166666666667 0.006875 0.015833333333333335
1 0.1925 0.4229166666666667 0.00875 0.01916666666666667
1 0.29531250000000003 0.43291666666666667 0.010625 0.022500000000000003
1 0.4321875 0.4683333333333334 0.015625 0.035
2 0.464375 0.4379166666666667 0.01375 0.02416666666666667
2 0.48812500000000003 0.4191666666666667 0.00875 0.018333333333333333
2 0.500625 0.4104166666666667 0.00625 0.014166666666666668
2 0.51375 0.40125000000000005 0.00625 0.014166666666666668
2 0.5475 0.4004166666666667 0.00625 0.0125
2 0.578125 0.40166666666666667 0.005 0.013333333333333334
2 0.609375 0.40166666666666667 0.0075 0.013333333333333334
2 0.6240625 0.4104166666666667 0.008125 0.014166666666666668
2 0.6384375 0.42250000000000004 0.008125 0.018333333333333333
2 0.651875 0.4425 0.01 0.02666666666666667
