2 0.012812500000000001 0.46166666666666667 0.014375 0.02666666666666667
2 0.043125000000000004 0.4391666666666667 0.01 0.021666666666666667
2 0.0915625 0.43500000000000005 0.008125 0.018333333333333333
2 0.1340625 0.4316666666666667 0.009375 0.018333333333333333
2 0.176875 0.42875 0.00875 0.01916666666666667
2 0.1965625 0.44333333333333336 0.009375 0.02
2 0.216875 0.465 0.0125 0.030000000000000002
2 0.245 0.5129166666666667 0.02375 0.0425
0 0.33875 0.6933333333333334 0.04875 0.09166666666666667
0 0.5503125 0.48833333333333334 0.019375 0.03833333333333334
0 0.6665625000000001 0.4416666666666667 0.013125 0.023333333333333334
