0 0.36062500000000003 0.5566666666666668 0.04125 0.06333333333333334
0 0.5865625 0.4766666666666667 0.021875000000000002 0.03833333333333334
0 0.7134375000000001 0.4241666666666667 0.015625 0.023333333333333334
0 0.6062500000000001 0.41000000000000003 0.01125 0.016666666666666666
0 0.553125 0.39916666666666667 0.00875 0.015000000000000001
0 0.5575 0.39125000000000004 0.0075 0.0125
0 0.5915625 0.38708333333333333 0.008125 0.0125
0 0.635625 0.3841666666666667 0.0075 0.013333333333333334
0 0.6934375 0.38333333333333336 0.006875 0.011666666666666667
0 0.7578125 0.3866666666666667 0.006875 0.011666666666666667
1 0.5640625 0.43250000000000005 0.015625 0.02666666666666667
1 0.48375 0.41375 0.0125 0.022500000000000003
1 0.4546875 0.39583333333333337 0.010625 0.016666666666666666
1 0.475625 0.38708333333333333 0.0075 0.015833333333333335
1 0.5171875 0.38333333333333336 0.009375 0.013333333333333334
1 0.668125 0.38083333333333336 0.0075 0.011666666666666667
1 0.76375 0.38583333333333336 0.00625 0.013333333333333334
2 0.35125 0.47250000000000003 0.02125 0.03833333333333334
2 0.39187500000000003 0.43291666666666667 0.0175 0.025833333333333337
2 0.2446875 0.43250000000000005 0.013125 0.023333333333333334
2 0.1453125 0.4683333333333334 0.023125 0.03333333333333333
2 0.0440625 0.4 0.009375 0.013333333333333334
