0 0.0565625 0.7662500000000001 0.075625 0.12083333333333333
0 0.26687500000000003 0.5366666666666667 0.03 0.05333333333333334
0 0.253125 0.46458333333333335 0.02 0.029166666666666667
0 0.176875 0.4391666666666667 0.01375 0.023333333333333334
0 0.0934375 0.43250000000000005 0.011875 0.018333333333333333
1 0.038125 0.41958333333333336 0.01 0.0175
1 0.1546875 0.4166666666666667 0.010625 0.018333333333333333
1 0.299375 0.42083333333333334 0.01125 0.02
1 0.40375 0.43750000000000006 0.01625 0.02666666666666667
1 0.5493750000000001 0.4991666666666667 0.02625 0.043333333333333335
2 0.5984375000000001 0.4541666666666667 0.016875 0.030000000000000002
2 0.6284375 0.43125 0.014375 0.02416666666666667
2 0.64375 0.42083333333333334 0.01125 0.018333333333333333
2 0.6590625 0.4079166666666667 0.009375 0.0175
2 0.6978125000000001 0.40958333333333335 0.010625 0.0175
2 0.734375 0.4116666666666667 0.01125 0.016666666666666666
2 0.7725 0.4133333333333334 0.00875 0.016666666666666666
2 0.7921875 0.42625 0.010625 0.020833333333333336
