3 0.08125 0.6741666666666667 0.05625 0.14833333333333334
2 0.4534375 0.44 0.010625 0.021666666666666667
2 0.475625 0.42500000000000004 0.00875 0.018333333333333333
2 0.486875 0.41625 0.0075 0.014166666666666668
2 0.4996875 0.40750000000000003 0.005625 0.013333333333333334
2 0.5321875 0.40750000000000003 0.006875 0.011666666666666667
2 0.5625 0.40750000000000003 0.00625 0.011666666666666667
2 0.593125 0.4079166666666667 0.00625 0.0125
2 0.605625 0.41583333333333333 0.0075 0.015000000000000001
2 0.61875 0.42625 0.00875 0.0175
2 0.629375 0.44375000000000003 0.01 0.022500000000000003
0 0.18812500000000001 0.5970833333333334 0.0325 0.06416666666666668
0 0.23125 0.49833333333333335 0.01875 0.03833333333333334
0 0.176875 0.4591666666666667 0.01375 0.025
0 0.0859375 0.4470833333333334 0.010625 0.01916666666666667
0 0.646875 0.4808333333333334 0.01875 0.03333333333333333
1 0.0415625 0.43041666666666667 0.009375 0.015833333333333335
1 0.19062500000000002 0.42875 0.00875 0.015833333333333335
1 0.2921875 0.43583333333333335 0.008125 0.02
1 0.4240625 0.46625000000000005 0.013125 0.029166666666666667
