0 0.23 0.615 0.0375 0.07333333333333333
0 0.58 0.46416666666666667 0.01875 0.03333333333333333
0 0.1709375 0.38083333333333336 0.006875 0.023333333333333334
0 0.735 0.4395833333333334 0.01375 0.025833333333333337
0 0.7771875 0.4025 0.008125 0.016666666666666666
0 0.7325 0.39208333333333334 0.005 0.0125
0 0.739375 0.3854166666666667 0.005 0.010833333333333334
0 0.7746875 0.3825 0.005625 0.01
2 0.41531250000000003 0.42333333333333334 0.010625 0.021666666666666667
2 0.474375 0.4058333333333334 0.00875 0.016666666666666666
2 0.56625 0.43000000000000005 0.01375 0.025
2 0.5915625 0.4104166666666667 0.010625 0.0175
2 0.2384375 0.3916666666666667 0.005625 0.011666666666666667
2 0.286875 0.38 0.005 0.008333333333333333
2 0.20625000000000002 0.385 0.00375 0.008333333333333333
2 0.0825 0.37875000000000003 0.0075 0.0175
3 0.0934375 0.4116666666666667 0.010625 0.030000000000000002
3 0.0928125 0.37333333333333335 0.010625 0.02666666666666667
3 0.15937500000000002 0.3879166666666667 0.00625 0.015833333333333335
3 0.1934375 0.3875 0.006875 0.016666666666666666
3 0.245 0.3816666666666667 0.00875 0.015000000000000001
1 0.7837500000000001 0.7175 0.0325 0.10666666666666667
1 0.6431250000000001 0.38625000000000004 0.005 0.0125
1 0.6634375 0.38125000000000003 0.005625 0.009166666666666667
1 0.6675 0.39958333333333335 0.00625 0.0175
1 0.7303125 0.41500000000000004 0.010625 0.02
1 0.703125 0.3791666666666667 0.00375 0.01
1 0.17500000000000002 0.38375000000000004 0.01 0.020833333333333336
