0 0.080625 0.60375 0.043750000000000004 0.07083333333333333
0 0.114375 0.48958333333333337 0.0225 0.035833333333333335
0 0.0440625 0.45833333333333337 0.018125 0.02666666666666667
1 0.0365625 0.43000000000000005 0.010625 0.016666666666666666
1 0.19 0.43375 0.0125 0.022500000000000003
1 0.29875 0.45083333333333336 0.0175 0.028333333333333335
1 0.451875 0.5358333333333334 0.0325 0.055
2 0.515625 0.46875000000000006 0.02 0.0325
2 0.5515625000000001 0.4379166666666667 0.014375 0.02416666666666667
2 0.5665625 0.4229166666666667 0.013125 0.020833333333333336
2 0.5828125000000001 0.4104166666666667 0.010625 0.0175
2 0.6234375 0.4108333333333334 0.008125 0.016666666666666666
2 0.6609375000000001 0.4108333333333334 0.009375 0.016666666666666666
2 0.7003125 0.4129166666666667 0.009375 0.0175
2 0.7228125 0.42708333333333337 0.011875 0.020833333333333336
2 0.7471875 0.4466666666666667 0.013125 0.02666666666666667
2 0.7825 0.48583333333333334 0.02125 0.03833333333333334
