3 0.683125 0.43500000000000005 0.02 0.045000000000000005
3 0.7353125 0.42708333333333337 0.015625 0.03916666666666667
0 0.08375 0.7420833333333334 0.0575 0.11083333333333334
0 0.25875 0.44375000000000003 0.015 0.0275
0 0.19718750000000002 0.42708333333333337 0.010625 0.020833333333333336
0 0.2125 0.4104166666666667 0.0075 0.015833333333333335
0 0.260625 0.40208333333333335 0.00625 0.0125
0 0.3153125 0.3925 0.005625 0.011666666666666667
0 0.381875 0.3904166666666667 0.005 0.0125
0 0.4096875 0.4591666666666667 0.019375 0.03166666666666667
0 0.4521875 0.38958333333333334 0.004375 0.0125
0 0.5175 0.39125000000000004 0.00375 0.010833333333333334
0 0.594375 0.4529166666666667 0.0175 0.030833333333333334
0 0.58875 0.39458333333333334 0.00375 0.010833333333333334
0 0.6503125 0.39875000000000005 0.004375 0.0125
0 0.7153125 0.4066666666666667 0.006875 0.013333333333333334
0 0.75625 0.4320833333333334 0.00875 0.022500000000000003
0 0.7571875 0.41750000000000004 0.006875 0.02
0 0.7165625 0.4395833333333334 0.011875 0.02416666666666667
1 0.15625 0.5104166666666667 0.02375 0.04583333333333334
1 0.06375 0.46958333333333335 0.01875 0.030833333333333334
1 0.06375 0.43041666666666667 0.01375 0.020833333333333336
1 0.1078125 0.41500000000000004 0.008125 0.015000000000000001
1 0.1696875 0.40375000000000005 0.006875 0.0125
1 0.26375 0.39333333333333337 0.005 0.011666666666666667
1 0.354375 0.3866666666666667 0.00375 0.013333333333333334
1 0.4584375 0.3841666666666667 0.003125 0.01
1 0.5228125 0.38833333333333336 0.005625 0.01
1 0.6028125 0.39083333333333337 0.004375 0.011666666666666667
1 0.706875 0.3979166666666667 0.00375 0.0125
1 0.7796875 0.40625 0.006875 0.014166666666666668
