0 0.2421875 0.6316666666666667 0.059375000000000004 0.095
0 0.636875 0.4691666666666667 0.0225 0.03833333333333334
2 0.72875 0.4091666666666667 0.0125 0.018333333333333333
2 0.78 0.4004166666666667 0.01375 0.01916666666666667
2 0.6121875 0.37375 0.005625 0.014166666666666668
2 0.5725 0.3791666666666667 0.00625 0.01
3 0.5759375 0.37041666666666667 0.006875 0.015833333333333335
1 0.5484375 0.36875 0.005625 0.0175
3 0.535 0.3766666666666667 0.01 0.018333333333333333
3 0.4790625 0.35833333333333334 0.009375 0.023333333333333334
3 0.5040625 0.37083333333333335 0.008125 0.02
3 0.4734375 0.3866666666666667 0.009375 0.025
2 0.47000000000000003 0.3591666666666667 0.0075 0.018333333333333333
