0 0.4209375 0.5329166666666667 0.031875 0.0625
0 0.694375 0.45333333333333337 0.01875 0.035
2 0.79125 0.41125 0.0125 0.022500000000000003
2 0.685 0.3779166666666667 0.00625 0.014166666666666668
2 0.6459375 0.3829166666666667 0.006875 0.0125
3 0.6496875 0.3754166666666667 0.005625 0.01916666666666667
1 0.6218750000000001 0.3729166666666667 0.00625 0.015833333333333335
3 0.6109375 0.37833333333333335 0.006875 0.016666666666666666
3 0.5571875000000001 0.3616666666666667 0.005625 0.02
2 0.5509375 0.36458333333333337 0.009375 0.014166666666666668
3 0.553125 0.3879166666666667 0.01 0.0275
