2 0.0175 0.5520833333333334 0.025 0.05583333333333334
2 0.1190625 0.4691666666666667 0.015625 0.03166666666666667
3 0.7425 0.42583333333333334 0.015 0.03833333333333334
3 0.794375 0.42208333333333337 0.0125 0.0325
0 0.7921875 0.4083333333333334 0.005625 0.011666666666666667
0 0.7734375 0.43125 0.010625 0.01916666666666667
0 0.663125 0.43583333333333335 0.0125 0.021666666666666667
0 0.7353125 0.4008333333333334 0.004375 0.013333333333333334
0 0.6765625000000001 0.39375000000000004 0.003125 0.0125
0 0.610625 0.38875000000000004 0.00375 0.0125
0 0.55 0.38625000000000004 0.00375 0.010833333333333334
0 0.4865625 0.385 0.004375 0.01
0 0.4275 0.3875 0.005 0.01
0 0.395 0.4216666666666667 0.01 0.02
0 0.33625 0.4091666666666667 0.00875 0.015000000000000001
0 0.3425 0.39875000000000005 0.00625 0.0125
0 0.3809375 0.3916666666666667 0.005625 0.011666666666666667
0 0.5175 0.43500000000000005 0.01125 0.025
0 0.3615625 0.5358333333333334 0.024375 0.05333333333333334
1 0.76 0.5304166666666666 0.0275 0.050833333333333335
1 0.3409375 0.45625000000000004 0.014375 0.029166666666666667
1 0.248125 0.43333333333333335 0.01125 0.023333333333333334
1 0.2234375 0.4079166666666667 0.005625 0.014166666666666668
1 0.25125000000000003 0.39875000000000005 0.00625 0.014166666666666668
1 0.3 0.39208333333333334 0.005 0.010833333333333334
1 0.3796875 0.3841666666666667 0.003125 0.008333333333333333
1 0.460625 0.38208333333333333 0.005 0.009166666666666667
1 0.5546875 0.38333333333333336 0.004375 0.01
1 0.6153125 0.38625000000000004 0.004375 0.009166666666666667
1 0.693125 0.39125000000000004 0.005 0.009166666666666667
1 0.7921875 0.4 0.004375 0.011666666666666667
