0 0.3090625 0.48000000000000004 0.024375 0.055
0 0.1428125 0.46125000000000005 0.016875 0.0425
0 0.0828125 0.44125000000000003 0.020625 0.0275
0 0.1084375 0.41875 0.013125 0.02416666666666667
1 0.068125 0.4116666666666667 0.015 0.016666666666666666
0 0.16593750000000002 0.40875 0.011875 0.020833333333333336
1 0.1728125 0.39708333333333334 0.009375 0.022500000000000003
0 0.225625 0.4 0.01125 0.016666666666666666
1 0.26937500000000003 0.39083333333333337 0.0125 0.013333333333333334
0 0.29875 0.395 0.01 0.015000000000000001
0 0.3715625 0.3925 0.006875 0.018333333333333333
1 0.3775 0.38625000000000004 0.00875 0.0175
0 0.44 0.3929166666666667 0.01 0.020833333333333336
1 0.4459375 0.3879166666666667 0.005625 0.0175
0 0.511875 0.39375000000000004 0.0125 0.020833333333333336
1 0.5290625 0.39 0.006875 0.015000000000000001
0 0.5771875 0.39958333333333335 0.009375 0.015833333333333335
0 0.520625 0.4625 0.02875 0.05
3 0.6209375 0.44583333333333336 0.021875000000000002 0.05333333333333334
0 0.6546875 0.4466666666666667 0.014375 0.03333333333333333
3 0.675 0.43583333333333335 0.02 0.05166666666666667
0 0.6925 0.43500000000000005 0.01125 0.02666666666666667
0 0.6915625 0.4216666666666667 0.013125 0.023333333333333334
0 0.6471875 0.4091666666666667 0.011875 0.02
1 0.6365625 0.39958333333333335 0.010625 0.01916666666666667
1 0.7090625 0.405 0.011875 0.021666666666666667
1 0.793125 0.4216666666666667 0.0125 0.023333333333333334
