0 0.32875 0.5687500000000001 0.03125 0.06583333333333334
0 0.569375 0.4841666666666667 0.01625 0.03833333333333334
0 0.58625 0.41250000000000003 0.00875 0.016666666666666666
0 0.6965625 0.42750000000000005 0.009375 0.021666666666666667
0 0.5334375 0.40166666666666667 0.005625 0.015000000000000001
0 0.53625 0.3929166666666667 0.005 0.0125
0 0.57125 0.3879166666666667 0.00375 0.0125
0 0.615 0.38583333333333336 0.005 0.011666666666666667
0 0.6734375 0.38625000000000004 0.004375 0.010833333333333334
0 0.7368750000000001 0.38875000000000004 0.00375 0.010833333333333334
2 0.0153125 0.40208333333333335 0.005625 0.010833333333333334
2 0.11093750000000001 0.4741666666666667 0.015625 0.035
2 0.2165625 0.4354166666666667 0.009375 0.02416666666666667
2 0.32406250000000003 0.4783333333333334 0.016875 0.03833333333333334
2 0.3678125 0.43625 0.011875 0.0275
1 0.545 0.4366666666666667 0.01125 0.023333333333333334
1 0.463125 0.41708333333333336 0.01 0.020833333333333336
1 0.4328125 0.3979166666666667 0.008125 0.014166666666666668
1 0.4553125 0.39 0.005625 0.011666666666666667
1 0.496875 0.3854166666666667 0.005 0.009166666666666667
1 0.569375 0.38208333333333333 0.00375 0.009166666666666667
1 0.6481250000000001 0.38208333333333333 0.00375 0.0125
1 0.74375 0.38708333333333333 0.00375 0.009166666666666667
