2 0.16625 0.52875 0.02625 0.04916666666666667
2 0.1459375 0.4729166666666667 0.016875 0.0325
2 0.1278125 0.44875000000000004 0.013125 0.025833333333333337
2 0.111875 0.4316666666666667 0.01 0.021666666666666667
2 0.065 0.43583333333333335 0.0125 0.021666666666666667
2 0.02 0.44125000000000003 0.0125 0.022500000000000003
0 0.24375 0.7645833333333334 0.0675 0.12416666666666668
0 0.496875 0.4941666666666667 0.025 0.04166666666666667
0 0.6178125 0.44 0.015625 0.028333333333333335
0 0.7546875000000001 0.42375 0.013125 0.022500000000000003
1 0.7953125 0.46708333333333335 0.010625 0.030833333333333334
