1 0.281875 0.47958333333333336 0.01875 0.03416666666666667
1 0.1884375 0.4475 0.013125 0.023333333333333334
1 0.174375 0.4166666666666667 0.00875 0.015000000000000001
1 0.21 0.4058333333333334 0.00625 0.011666666666666667
1 0.26375 0.39583333333333337 0.00625 0.011666666666666667
1 0.350625 0.3891666666666667 0.00625 0.008333333333333333
1 0.435625 0.385 0.00625 0.008333333333333333
1 0.5346875 0.38583333333333336 0.006875 0.008333333333333333
1 0.6793750000000001 0.39458333333333334 0.00625 0.009166666666666667
1 0.7837500000000001 0.4041666666666667 0.00625 0.01
1 0.59875 0.39 0.00625 0.008333333333333333
0 0.275625 0.6129166666666667 0.03875 0.07083333333333333
0 0.66125 0.44583333333333336 0.01625 0.025
0 0.4953125 0.44875000000000004 0.015625 0.0275
0 0.356875 0.43250000000000005 0.01375 0.021666666666666667
0 0.29625 0.41708333333333336 0.01125 0.0175
0 0.306875 0.40458333333333335 0.00875 0.0125
0 0.3496875 0.39666666666666667 0.004375 0.01
0 0.4 0.3904166666666667 0.005 0.009166666666666667
2 0.01875 0.4966666666666667 0.02125 0.03833333333333334
3 0.7468750000000001 0.4354166666666667 0.01875 0.04083333333333333
0 0.7246875 0.4029166666666667 0.006875 0.010833333333333334
0 0.78 0.4404166666666667 0.01375 0.022500000000000003
0 0.788125 0.41250000000000003 0.00875 0.015000000000000001
0 0.463125 0.38875000000000004 0.005 0.010833333333333334
0 0.53 0.39083333333333337 0.00375 0.008333333333333333
0 0.5940625 0.39208333333333334 0.004375 0.009166666666666667
0 0.6625 0.39666666666666667 0.005 0.01
