0 0.491875 0.49833333333333335 0.0275 0.04166666666666667
0 0.665625 0.4579166666666667 0.0175 0.029166666666666667
0 0.7928125 0.42208333333333337 0.011875 0.01916666666666667
0 0.6950000000000001 0.40875 0.01 0.014166666666666668
0 0.64625 0.3983333333333334 0.00625 0.011666666666666667
0 0.651875 0.3916666666666667 0.00625 0.011666666666666667
0 0.6859375 0.38875000000000004 0.004375 0.010833333333333334
0 0.729375 0.38583333333333336 0.005 0.01
0 0.7887500000000001 0.38583333333333336 0.00375 0.01
0 0.013125 0.39916666666666667 0.01 0.02666666666666667
1 0.0171875 0.4025 0.013125 0.028333333333333335
1 0.651875 0.4254166666666667 0.0125 0.022500000000000003
1 0.581875 0.41000000000000003 0.01 0.016666666666666666
1 0.5540625 0.39416666666666667 0.006875 0.011666666666666667
1 0.5740625 0.38833333333333336 0.005625 0.01
1 0.61375 0.385 0.005 0.01
1 0.6853125 0.38333333333333336 0.004375 0.01
1 0.764375 0.38333333333333336 0.00375 0.008333333333333333
2 0.1765625 0.39375000000000004 0.004375 0.010833333333333334
2 0.0871875 0.40208333333333335 0.005625 0.010833333333333334
2 0.11875000000000001 0.40750000000000003 0.00625 0.011666666666666667
2 0.120625 0.4029166666666667 0.00625 0.0125
3 0.0340625 0.4041666666666667 0.006875 0.018333333333333333
3 0.0709375 0.40375000000000005 0.006875 0.01916666666666667
3 0.130625 0.39458333333333334 0.00625 0.0175
2 0.4740625 0.45083333333333336 0.015625 0.028333333333333335
2 0.50125 0.4229166666666667 0.0125 0.01916666666666667
2 0.3721875 0.4216666666666667 0.010625 0.018333333333333333
2 0.30125 0.44625000000000004 0.01625 0.025833333333333337
