0 0.19843750000000002 0.6158333333333333 0.043125000000000004 0.07500000000000001
0 0.5534375 0.4608333333333334 0.020625 0.03166666666666667
0 0.7684375 0.42833333333333334 0.013125 0.023333333333333334
1 0.790625 0.5125000000000001 0.01875 0.04833333333333334
0 0.724375 0.36125 0.0075 0.014166666666666668
1 0.7259375 0.36333333333333334 0.005625 0.013333333333333334
2 0.758125 0.37625000000000003 0.005 0.009166666666666667
2 0.6621875 0.3566666666666667 0.006875 0.011666666666666667
3 0.6646875 0.37833333333333335 0.008125 0.02
3 0.6678125 0.35375 0.006875 0.0175
3 0.6940625 0.36833333333333335 0.006875 0.013333333333333334
3 0.7625000000000001 0.3695833333333334 0.005 0.010833333333333334
