3 0.0275 0.40625 0.0075 0.020833333333333336
3 0.091875 0.39458333333333334 0.00625 0.01916666666666667
2 0.046875 0.40208333333333335 0.00375 0.0125
2 0.076875 0.4083333333333334 0.00375 0.011666666666666667
2 0.0803125 0.4029166666666667 0.004375 0.009166666666666667
2 0.1403125 0.39416666666666667 0.004375 0.01
2 0.259375 0.45 0.015 0.028333333333333335
2 0.3390625 0.42125 0.009375 0.01916666666666667
2 0.4440625 0.455 0.015625 0.03166666666666667
2 0.4734375 0.4229166666666667 0.013125 0.020833333333333336
0 0.4609375 0.51125 0.029375000000000002 0.0475
0 0.6484375 0.4608333333333334 0.020625 0.03166666666666667
0 0.673125 0.4058333333333334 0.0075 0.016666666666666666
0 0.775 0.4216666666666667 0.0125 0.018333333333333333
0 0.76375 0.38333333333333336 0.0025 0.008333333333333333
0 0.7046875 0.38333333333333336 0.004375 0.01
0 0.6603125 0.38458333333333333 0.005625 0.010833333333333334
0 0.6271875 0.39125000000000004 0.003125 0.0125
0 0.6225 0.39625000000000005 0.005 0.01916666666666667
1 0.630625 0.4254166666666667 0.01125 0.02416666666666667
1 0.5565625 0.4091666666666667 0.011875 0.018333333333333333
1 0.5275 0.3925 0.005 0.015000000000000001
1 0.5493750000000001 0.38625000000000004 0.005 0.009166666666666667
1 0.5878125 0.3841666666666667 0.004375 0.01
1 0.7384375 0.3804166666666667 0.004375 0.009166666666666667
