0 0.3790625 0.53 0.025625000000000002 0.05333333333333334
0 0.4096875 0.4204166666666667 0.013125 0.01916666666666667
0 0.3509375 0.4083333333333334 0.011875 0.016666666666666666
0 0.358125 0.39875000000000005 0.00875 0.014166666666666668
0 0.395625 0.3925 0.01 0.011666666666666667
0 0.4409375 0.3866666666666667 0.005625 0.01
0 0.5296875 0.43333333333333335 0.014375 0.025
0 0.6753125 0.43250000000000005 0.016875 0.023333333333333334
0 0.785 0.42791666666666667 0.0125 0.020833333333333336
0 0.748125 0.39875000000000005 0.005 0.0125
0 0.6896875 0.39333333333333337 0.005625 0.01
0 0.6246875000000001 0.3879166666666667 0.006875 0.010833333333333334
0 0.5640625 0.38583333333333336 0.006875 0.01
0 0.5 0.385 0.00625 0.01
1 0.356875 0.45458333333333334 0.01625 0.03416666666666667
1 0.2653125 0.43291666666666667 0.014375 0.02416666666666667
1 0.241875 0.4079166666666667 0.01 0.015833333333333335
1 0.2684375 0.3979166666666667 0.008125 0.014166666666666668
1 0.315 0.39083333333333337 0.00875 0.015000000000000001
1 0.39375 0.38458333333333333 0.00625 0.014166666666666668
1 0.474375 0.3825 0.005 0.011666666666666667
1 0.5684375 0.38125000000000003 0.005625 0.0125
1 0.63 0.385 0.00625 0.011666666666666667
1 0.7065625 0.39 0.006875 0.011666666666666667
1 0.763125 0.5233333333333333 0.02875 0.05166666666666667
3 0.753125 0.42250000000000004 0.02125 0.03666666666666667
2 0.1415625 0.46625000000000005 0.019375 0.030833333333333334
2 0.0475 0.5445833333333334 0.0325 0.05416666666666667
