2 0.045625 0.48833333333333334 0.01875 0.03666666666666667
3 0.7518750000000001 0.43041666666666667 0.015 0.037500000000000006
0 0.3025 0.5941666666666667 0.03 0.07166666666666667
0 0.5059375 0.44333333333333336 0.014375 0.028333333333333335
0 0.6671875 0.4429166666666667 0.014375 0.02416666666666667
0 0.7837500000000001 0.4366666666666667 0.0125 0.021666666666666667
0 0.7959375 0.4104166666666667 0.006875 0.0175
0 0.7315625 0.40125000000000005 0.006875 0.0125
0 0.67125 0.39458333333333334 0.005 0.010833333333333334
0 0.6025 0.39 0.00375 0.011666666666666667
0 0.5387500000000001 0.3875 0.005 0.011666666666666667
0 0.4728125 0.38583333333333336 0.003125 0.01
0 0.41000000000000003 0.3875 0.00375 0.01
0 0.37 0.42750000000000005 0.015 0.021666666666666667
0 0.310625 0.4133333333333334 0.0075 0.018333333333333333
0 0.3190625 0.40166666666666667 0.006875 0.015000000000000001
0 0.36 0.39416666666666667 0.005 0.011666666666666667
1 0.3009375 0.47458333333333336 0.015625 0.035833333333333335
1 0.20625000000000002 0.44375000000000003 0.0125 0.0275
1 0.19 0.4141666666666667 0.0075 0.016666666666666666
1 0.2240625 0.40166666666666667 0.005625 0.015000000000000001
1 0.2765625 0.39333333333333337 0.006875 0.013333333333333334
1 0.3615625 0.3866666666666667 0.005625 0.008333333333333333
1 0.544375 0.38375000000000004 0.00375 0.009166666666666667
1 0.44625000000000004 0.3816666666666667 0.00375 0.008333333333333333
1 0.6078125 0.38708333333333333 0.004375 0.009166666666666667
1 0.686875 0.3904166666666667 0.00375 0.010833333333333334
1 0.7909375000000001 0.4004166666666667 0.006875 0.010833333333333334
