0 0.5 0.5066666666666667 0.02375 0.04666666666666667
0 0.7468750000000001 0.4541666666666667 0.0125 0.030000000000000002
2 0.7396875 0.43000000000000005 0.011875 0.023333333333333334
2 0.7678125 0.4154166666666667 0.010625 0.020833333333333336
2 0.6578125 0.4066666666666667 0.009375 0.016666666666666666
2 0.606875 0.41833333333333333 0.0125 0.023333333333333334
2 0.48 0.375 0.005 0.01
2 0.4378125 0.3829166666666667 0.006875 0.010833333333333334
3 0.443125 0.3745833333333334 0.00875 0.0125
1 0.405625 0.3729166666666667 0.00875 0.01916666666666667
3 0.3659375 0.3766666666666667 0.008125 0.011666666666666667
3 0.328125 0.36208333333333337 0.00875 0.025833333333333337
2 0.3184375 0.36250000000000004 0.009375 0.018333333333333333
3 0.32625 0.39458333333333334 0.01125 0.0275
