0 0.09 0.7116666666666667 0.0625 0.10333333333333335
0 0.5328125 0.48250000000000004 0.024375 0.03666666666666667
0 0.6946875 0.45208333333333334 0.013125 0.0275
0 0.728125 0.4066666666666667 0.01125 0.016666666666666666
0 0.7671875 0.3854166666666667 0.003125 0.0125
0 0.7234375000000001 0.38458333333333333 0.004375 0.0125
0 0.6900000000000001 0.38958333333333334 0.00625 0.0125
0 0.6825 0.39708333333333334 0.00625 0.0175
0 0.0871875 0.39125000000000004 0.008125 0.022500000000000003
1 0.0928125 0.3983333333333334 0.011875 0.023333333333333334
1 0.6178125 0.40708333333333335 0.008125 0.015833333333333335
1 0.685625 0.42125 0.01 0.01916666666666667
1 0.5928125 0.3925 0.005625 0.013333333333333334
1 0.6134375 0.3866666666666667 0.004375 0.011666666666666667
1 0.651875 0.3829166666666667 0.00375 0.010833333333333334
3 0.0059375 0.38583333333333336 0.010625 0.03166666666666667
3 0.0096875 0.42708333333333337 0.013125 0.03416666666666667
3 0.12687500000000002 0.3983333333333334 0.005 0.018333333333333333
3 0.1825 0.38833333333333336 0.005 0.018333333333333333
2 0.1740625 0.40125000000000005 0.004375 0.0125
2 0.14125000000000001 0.39583333333333337 0.00375 0.01
2 0.226875 0.3891666666666667 0.005 0.013333333333333334
2 0.3534375 0.43583333333333335 0.013125 0.025
2 0.418125 0.4141666666666667 0.01 0.018333333333333333
2 0.5165625 0.4416666666666667 0.015625 0.02666666666666667
2 0.54125 0.41833333333333333 0.0125 0.02
