2 0.3140625 0.44083333333333335 0.015625 0.02666666666666667
2 0.3834375 0.41750000000000004 0.009375 0.02
2 0.4834375 0.44625000000000004 0.015625 0.0275
2 0.5103125000000001 0.42000000000000004 0.013125 0.021666666666666667
2 0.0996875 0.39916666666666667 0.005625 0.01
2 0.131875 0.40208333333333335 0.0075 0.014166666666666668
2 0.1875 0.39083333333333337 0.00375 0.008333333333333333
3 0.08375 0.4004166666666667 0.0075 0.01916666666666667
3 0.0471875 0.4 0.006875 0.018333333333333333
3 0.14250000000000002 0.39208333333333334 0.00625 0.0175
1 0.0365625 0.39958333333333335 0.010625 0.025833333333333337
0 0.0303125 0.39666666666666667 0.005625 0.028333333333333335
0 0.500625 0.49333333333333335 0.02625 0.043333333333333335
0 0.6721875 0.45375000000000004 0.018125 0.030833333333333334
0 0.7025 0.4054166666666667 0.01 0.01916666666666667
0 0.6946875 0.38625000000000004 0.005625 0.014166666666666668
0 0.7375 0.3829166666666667 0.00375 0.010833333333333334
0 0.6540625 0.3954166666666667 0.006875 0.0125
0 0.660625 0.3891666666666667 0.00625 0.011666666666666667
0 0.7971875 0.38458333333333333 0.004375 0.010833333333333334
1 0.59 0.40750000000000003 0.00875 0.016666666666666666
1 0.6596875 0.4229166666666667 0.009375 0.022500000000000003
1 0.6221875 0.38208333333333333 0.004375 0.010833333333333334
1 0.5834375 0.38625000000000004 0.005625 0.0125
1 0.5634375 0.39208333333333334 0.006875 0.014166666666666668
1 0.7731250000000001 0.38125000000000003 0.00375 0.010833333333333334
