0 0.1378125 0.6391666666666667 0.039375 0.07833333333333334
0 0.21531250000000002 0.5058333333333334 0.021875000000000002 0.04166666666666667
0 0.1690625 0.45833333333333337 0.014375 0.02666666666666667
0 0.0803125 0.4441666666666667 0.013125 0.02
0 0.680625 0.4879166666666667 0.02125 0.03916666666666667
1 0.0415625 0.4254166666666667 0.008125 0.015833333333333335
1 0.19187500000000002 0.42458333333333337 0.01 0.0175
1 0.2959375 0.4320833333333334 0.011875 0.020833333333333336
1 0.4325 0.4679166666666667 0.01875 0.0325
2 0.4665625 0.43833333333333335 0.013125 0.023333333333333334
2 0.49062500000000003 0.4191666666666667 0.01125 0.018333333333333333
2 0.5025000000000001 0.4091666666666667 0.00875 0.016666666666666666
2 0.5159375 0.39958333333333335 0.006875 0.0125
2 0.5496875 0.4 0.008125 0.015000000000000001
2 0.58125 0.4 0.0075 0.013333333333333334
2 0.6134375 0.4004166666666667 0.006875 0.015833333333333335
2 0.6290625 0.41000000000000003 0.009375 0.018333333333333333
2 0.6425 0.42083333333333334 0.01125 0.02
2 0.655625 0.4416666666666667 0.0125 0.02666666666666667
