0 0.3465625 0.5429166666666667 0.029375000000000002 0.05583333333333334
0 0.655 0.4341666666666667 0.015 0.023333333333333334
0 0.5078125 0.43583333333333335 0.013125 0.025
0 0.3828125 0.4229166666666667 0.011875 0.01916666666666667
0 0.32406250000000003 0.4104166666666667 0.009375 0.0175
0 0.3309375 0.4004166666666667 0.006875 0.0125
0 0.3696875 0.3929166666666667 0.004375 0.010833333333333334
0 0.416875 0.3875 0.00375 0.01
0 0.47625 0.38625000000000004 0.00375 0.009166666666666667
0 0.5403125 0.38625000000000004 0.003125 0.009166666666666667
0 0.6012500000000001 0.3879166666666667 0.005 0.009166666666666667
0 0.6665625000000001 0.3925 0.006875 0.011666666666666667
0 0.7253125 0.39916666666666667 0.005625 0.01
0 0.7834375 0.4058333333333334 0.005625 0.011666666666666667
0 0.765 0.42791666666666667 0.0125 0.020833333333333336
1 0.755 0.5325000000000001 0.02875 0.05333333333333334
1 0.3275 0.4604166666666667 0.0175 0.030833333333333334
1 0.23500000000000001 0.4370833333333334 0.0125 0.020833333333333336
1 0.2109375 0.4116666666666667 0.008125 0.015000000000000001
1 0.2396875 0.40166666666666667 0.005625 0.011666666666666667
1 0.2884375 0.3929166666666667 0.005625 0.0125
1 0.368125 0.3875 0.005 0.008333333333333333
1 0.4496875 0.3825 0.005625 0.008333333333333333
1 0.545 0.38375000000000004 0.005 0.009166666666666667
1 0.6065625 0.3841666666666667 0.004375 0.01
1 0.683125 0.3904166666666667 0.00625 0.010833333333333334
2 0.1003125 0.4741666666666667 0.018125 0.03166666666666667
3 0.7334375 0.42375 0.018125 0.037500000000000006
3 0.78625 0.4204166666666667 0.015 0.0325
