0 0.411875 0.5358333333333334 0.0325 0.05333333333333334
0 0.6890625 0.45333333333333337 0.020625 0.02666666666666667
2 0.784375 0.4108333333333334 0.01 0.018333333333333333
2 0.6790625 0.3766666666666667 0.005625 0.011666666666666667
3 0.645 0.3754166666666667 0.0075 0.014166666666666668
2 0.639375 0.3804166666666667 0.00375 0.009166666666666667
2 0.640625 0.3829166666666667 0.0075 0.0125
3 0.6046875 0.3770833333333334 0.005625 0.015833333333333335
3 0.5746875 0.37375 0.008125 0.0175
3 0.5509375 0.35958333333333337 0.006875 0.020833333333333336
2 0.544375 0.36541666666666667 0.00875 0.0175
3 0.54625 0.3866666666666667 0.00875 0.021666666666666667
1 0.6165625 0.36791666666666667 0.008125 0.020833333333333336
0 0.61375 0.36750000000000005 0.0075 0.025
