0 0.243125 0.515 0.02 0.043333333333333335
0 0.1534375 0.59875 0.038125 0.0675
0 0.24281250000000001 0.4679166666666667 0.018125 0.0275
0 0.089375 0.43750000000000006 0.01 0.02
0 0.18031250000000001 0.4470833333333334 0.013125 0.020833333333333336
0 0.563125 0.4554166666666667 0.0125 0.025833333333333337
0 0.714375 0.43833333333333335 0.01 0.021666666666666667
1 0.7478125 0.48000000000000004 0.019375 0.03833333333333334
1 0.665625 0.5183333333333333 0.02875 0.04666666666666667
1 0.6565625 0.6395833333333334 0.045625 0.08416666666666667
1 0.38906250000000003 0.44958333333333333 0.014375 0.02416666666666667
1 0.2728125 0.4295833333333334 0.010625 0.0175
1 0.175625 0.4254166666666667 0.0075 0.0175
1 0.033125 0.42708333333333337 0.0075 0.014166666666666668
3 0.035937500000000004 0.65125 0.065625 0.14583333333333334
3 0.2021875 0.54125 0.040625 0.09083333333333334
3 0.7559375 0.7529166666666667 0.085625 0.18083333333333335
3 0.638125 0.5545833333333333 0.0425 0.0975
2 0.41250000000000003 0.43250000000000005 0.0075 0.02
2 0.42875 0.4216666666666667 0.00625 0.013333333333333334
2 0.438125 0.41250000000000003 0.005 0.011666666666666667
2 0.4503125 0.4079166666666667 0.004375 0.014166666666666668
2 0.48 0.40708333333333335 0.00375 0.010833333333333334
2 0.5059375 0.40625 0.003125 0.0125
2 0.5321875 0.40458333333333335 0.003125 0.0125
2 0.543125 0.41250000000000003 0.005 0.016666666666666666
2 0.550625 0.42125 0.005 0.014166666666666668
2 0.555 0.43333333333333335 0.005 0.016666666666666666
