0 0.1134375 0.6641666666666667 0.056875 0.09833333333333334
0 0.21125 0.5120833333333333 0.02625 0.05583333333333334
0 0.17250000000000001 0.4629166666666667 0.02 0.03416666666666667
0 0.0840625 0.4454166666666667 0.018125 0.0275
1 0.0484375 0.42625 0.011875 0.02416666666666667
1 0.196875 0.42500000000000004 0.01375 0.025
1 0.3025 0.4366666666666667 0.01375 0.030000000000000002
1 0.440625 0.47750000000000004 0.03125 0.03833333333333334
2 0.478125 0.44375000000000003 0.01625 0.029166666666666667
2 0.5025000000000001 0.42500000000000004 0.00875 0.03166666666666667
2 0.514375 0.4154166666666667 0.01375 0.0275
2 0.5290625 0.405 0.009375 0.021666666666666667
2 0.5625 0.40625 0.01375 0.022500000000000003
2 0.5953125 0.4066666666666667 0.010625 0.023333333333333334
2 0.6278125 0.405 0.008125 0.018333333333333333
2 0.6421875 0.41458333333333336 0.009375 0.022500000000000003
2 0.656875 0.42791666666666667 0.0125 0.020833333333333336
2 0.6734375 0.4516666666666667 0.015625 0.035
0 0.7025 0.4991666666666667 0.025 0.045000000000000005
