2 0.6621875 0.4658333333333334 0.013125 0.030000000000000002
2 0.695625 0.4404166666666667 0.01 0.025833333333333337
2 0.7103125 0.42750000000000005 0.009375 0.018333333333333333
2 0.7265625 0.4154166666666667 0.008125 0.015833333333333335
2 0.7678125 0.41833333333333333 0.006875 0.015000000000000001
1 0.60875 0.515 0.02 0.04666666666666667
1 0.4578125 0.44083333333333335 0.013125 0.025
1 0.353125 0.42208333333333337 0.01125 0.01916666666666667
1 0.210625 0.4116666666666667 0.00875 0.018333333333333333
1 0.096875 0.4129166666666667 0.0075 0.014166666666666668
1 0.001875 0.41750000000000004 0.00375 0.013333333333333334
0 0.046875 0.42750000000000005 0.01 0.018333333333333333
0 0.0390625 0.7875000000000001 0.065625 0.11166666666666668
0 0.3028125 0.545 0.028125 0.05333333333333334
0 0.299375 0.46416666666666667 0.0175 0.03166666666666667
0 0.22875 0.43625 0.0125 0.02416666666666667
0 0.1471875 0.42750000000000005 0.010625 0.021666666666666667
