0 0.295625 0.4879166666666667 0.025 0.03916666666666667
0 0.1284375 0.4675 0.018125 0.028333333333333335
0 0.06875 0.44625000000000004 0.0125 0.020833333333333336
0 0.09593750000000001 0.4266666666666667 0.010625 0.018333333333333333
1 0.0540625 0.4154166666666667 0.008125 0.014166666666666668
0 0.153125 0.41250000000000003 0.00625 0.015000000000000001
1 0.161875 0.4008333333333334 0.01 0.015000000000000001
0 0.215625 0.4025 0.00625 0.016666666666666666
1 0.260625 0.395 0.00625 0.011666666666666667
0 0.2890625 0.39625000000000005 0.006875 0.014166666666666668
0 0.36312500000000003 0.395 0.005 0.013333333333333334
1 0.369375 0.39083333333333337 0.00625 0.013333333333333334
0 0.4321875 0.39416666666666667 0.006875 0.015000000000000001
1 0.4375 0.3891666666666667 0.00625 0.013333333333333334
0 0.505625 0.39625000000000005 0.00625 0.0175
1 0.5209375 0.3929166666666667 0.006875 0.014166666666666668
0 0.57125 0.4029166666666667 0.0075 0.014166666666666668
0 0.515 0.4716666666666667 0.02125 0.03333333333333333
3 0.6134375 0.44833333333333336 0.024375 0.05
3 0.6684375 0.4370833333333334 0.021875000000000002 0.04083333333333333
0 0.6490625 0.45208333333333334 0.018125 0.0275
0 0.63875 0.4108333333333334 0.0075 0.016666666666666666
0 0.6878125 0.43583333333333335 0.015625 0.023333333333333334
0 0.68375 0.4216666666666667 0.00875 0.018333333333333333
1 0.62875 0.4008333333333334 0.0075 0.013333333333333334
1 0.703125 0.4079166666666667 0.01 0.014166666666666668
1 0.7878125 0.4241666666666667 0.009375 0.016666666666666666
