2 0.5665625 0.46958333333333335 0.013125 0.0325
2 0.600625 0.4395833333333334 0.01 0.025833333333333337
2 0.6165625 0.42375 0.009375 0.020833333333333336
2 0.63125 0.4104166666666667 0.00875 0.0175
2 0.6734375 0.41250000000000003 0.006875 0.018333333333333333
2 0.71125 0.41375 0.0075 0.01916666666666667
2 0.7518750000000001 0.41625 0.01 0.015833333333333335
2 0.7746875 0.43041666666666667 0.008125 0.022500000000000003
2 0.79625 0.45 0.00875 0.025
1 0.5065625 0.5308333333333334 0.023125 0.05
1 0.35000000000000003 0.4491666666666667 0.01375 0.02666666666666667
1 0.24281250000000001 0.43000000000000005 0.009375 0.021666666666666667
1 0.09406250000000001 0.42458333333333337 0.008125 0.0175
0 0.145625 0.5883333333333334 0.035 0.06333333333333334
0 0.173125 0.4841666666666667 0.01875 0.035
0 0.104375 0.4529166666666667 0.0125 0.025833333333333337
0 0.02 0.4445833333333334 0.01125 0.020833333333333336
