0 0.520625 0.4679166666666667 0.0225 0.0325
0 0.3053125 0.4854166666666667 0.025625000000000002 0.037500000000000006
0 0.1384375 0.46708333333333335 0.019375 0.029166666666666667
0 0.078125 0.44583333333333336 0.015 0.021666666666666667
0 0.1046875 0.42791666666666667 0.010625 0.0175
0 0.161875 0.4133333333333334 0.0075 0.015000000000000001
0 0.2225 0.40375000000000005 0.0075 0.014166666666666668
0 0.2959375 0.39708333333333334 0.006875 0.010833333333333334
0 0.3696875 0.39458333333333334 0.005625 0.010833333333333334
0 0.4378125 0.39416666666666667 0.005625 0.01
0 0.51125 0.3954166666666667 0.00625 0.010833333333333334
0 0.5765625 0.39916666666666667 0.006875 0.011666666666666667
0 0.644375 0.40750000000000003 0.0075 0.015000000000000001
0 0.6890625 0.41875 0.010625 0.01916666666666667
0 0.6915625 0.4341666666666667 0.013125 0.02
0 0.654375 0.44583333333333336 0.01625 0.02666666666666667
1 0.06343750000000001 0.41750000000000004 0.008125 0.015000000000000001
1 0.169375 0.4033333333333334 0.00625 0.011666666666666667
1 0.2678125 0.39458333333333334 0.005625 0.010833333333333334
1 0.375625 0.39 0.00625 0.01
1 0.4434375 0.3904166666666667 0.005625 0.009166666666666667
1 0.5271875 0.39 0.005625 0.01
1 0.63375 0.3979166666666667 0.00875 0.014166666666666668
1 0.70875 0.40375000000000005 0.0075 0.014166666666666668
1 0.793125 0.41958333333333336 0.01125 0.01916666666666667
3 0.6175 0.44333333333333336 0.02375 0.04833333333333334
3 0.6734375 0.43291666666666667 0.019375 0.0425
