0 0.179375 0.6383333333333334 0.055 0.085
2 0.2084375 0.4995833333333334 0.031875 0.052500000000000005
2 0.1040625 0.45083333333333336 0.018125 0.035
2 0.2675 0.44833333333333336 0.01875 0.03666666666666667
0 0.48562500000000003 0.5012500000000001 0.02625 0.050833333333333335
1 0.45937500000000003 0.44 0.0175 0.03666666666666667
1 0.37625000000000003 0.4204166666666667 0.02125 0.0325
1 0.34500000000000003 0.40208333333333335 0.01125 0.020833333333333336
1 0.37125 0.38958333333333334 0.01 0.025833333333333337
1 0.41375 0.3879166666666667 0.00875 0.0175
0 0.6196875000000001 0.4295833333333334 0.018125 0.03416666666666667
0 0.508125 0.41375 0.0175 0.022500000000000003
0 0.4496875 0.40375000000000005 0.018125 0.02416666666666667
0 0.4565625 0.39208333333333334 0.010625 0.0275
0 0.49312500000000004 0.38958333333333334 0.01125 0.015833333333333335
1 0.4884375 0.3841666666666667 0.008125 0.016666666666666666
0 0.534375 0.3854166666666667 0.0075 0.0125
1 0.5684375 0.38208333333333333 0.009375 0.014166666666666668
0 0.5934375000000001 0.38375000000000004 0.010625 0.0125
0 0.65625 0.385 0.00875 0.015000000000000001
1 0.6628125 0.3841666666666667 0.005625 0.016666666666666666
0 0.7178125 0.38958333333333334 0.009375 0.015833333333333335
1 0.7246875 0.3891666666666667 0.006875 0.015000000000000001
0 0.759375 0.43375 0.0225 0.029166666666666667
0 0.784375 0.3954166666666667 0.01125 0.015833333333333335
