0 0.2171875 0.7716666666666667 0.091875 0.13333333333333333
2 0.150625 0.5275000000000001 0.03625 0.05666666666666667
2 0.1371875 0.4729166666666667 0.020625 0.0425
2 0.11750000000000001 0.4479166666666667 0.015 0.0325
2 0.1015625 0.43250000000000005 0.016875 0.025
2 0.05625 0.43750000000000006 0.0175 0.02666666666666667
2 0.008125 0.44 0.01375 0.03333333333333333
0 0.489375 0.4941666666666667 0.02875 0.045000000000000005
0 0.6096875 0.4404166666666667 0.014375 0.0325
0 0.7468750000000001 0.42583333333333334 0.01375 0.028333333333333335
1 0.7909375000000001 0.4658333333333334 0.015625 0.04666666666666667
1 0.7878125 0.5266666666666667 0.024375 0.07
