0 0.324375 0.5429166666666667 0.03125 0.05416666666666667
0 0.6012500000000001 0.4504166666666667 0.01625 0.0275
1 0.75875 0.6212500000000001 0.0425 0.08083333333333334
1 0.7775 0.3666666666666667 0.00625 0.016666666666666666
1 0.795 0.49625 0.01 0.03416666666666667
0 0.775625 0.36750000000000005 0.00625 0.016666666666666666
2 0.7890625 0.3754166666666667 0.006875 0.010833333333333334
2 0.71625 0.36000000000000004 0.00625 0.013333333333333334
3 0.7209375 0.35708333333333336 0.005625 0.01916666666666667
3 0.71875 0.38208333333333333 0.0075 0.0175
3 0.7521875 0.3729166666666667 0.005625 0.014166666666666668
