0 0.3509375 0.5625 0.040625 0.06333333333333334
0 0.58125 0.47958333333333336 0.0225 0.037500000000000006
0 0.7096875 0.4254166666666667 0.016875 0.022500000000000003
0 0.6012500000000001 0.4116666666666667 0.01375 0.018333333333333333
0 0.5475 0.39958333333333335 0.01 0.015833333333333335
0 0.5515625000000001 0.3916666666666667 0.008125 0.011666666666666667
0 0.5856250000000001 0.3866666666666667 0.0075 0.011666666666666667
0 0.6296875000000001 0.38458333333333333 0.005625 0.0125
0 0.6875 0.38458333333333333 0.00625 0.010833333333333334
0 0.7515625 0.3875 0.005625 0.011666666666666667
1 0.5584375 0.43333333333333335 0.015625 0.025
1 0.47750000000000004 0.41500000000000004 0.0125 0.02
1 0.448125 0.39666666666666667 0.00875 0.015000000000000001
1 0.46968750000000004 0.38833333333333336 0.006875 0.013333333333333334
1 0.510625 0.3841666666666667 0.00625 0.011666666666666667
2 0.3440625 0.4741666666666667 0.020625 0.03833333333333334
2 0.38406250000000003 0.4345833333333334 0.015625 0.02416666666666667
2 0.235625 0.43333333333333335 0.01375 0.021666666666666667
2 0.135625 0.4704166666666667 0.02125 0.0325
2 0.035312500000000004 0.4004166666666667 0.006875 0.0125
1 0.6625 0.3804166666666667 0.005 0.010833333333333334
1 0.758125 0.38333333333333336 0.0075 0.011666666666666667
1 0.583125 0.3816666666666667 0.00625 0.011666666666666667
