0 0.0775 0.7316666666666667 0.07 0.11
0 0.5953125 0.48125 0.024375 0.037500000000000006
0 0.5003125 0.36541666666666667 0.009375 0.01916666666666667
1 0.5028125 0.36625 0.006875 0.0175
2 0.690625 0.4108333333333334 0.00875 0.018333333333333333
2 0.7428125 0.4029166666666667 0.008125 0.015833333333333335
2 0.4215625 0.3591666666666667 0.006875 0.015000000000000001
2 0.569375 0.3729166666666667 0.005 0.009166666666666667
2 0.5303125 0.37875000000000003 0.004375 0.009166666666666667
2 0.528125 0.3766666666666667 0.00375 0.008333333333333333
3 0.425 0.3866666666666667 0.0075 0.021666666666666667
3 0.42875 0.35583333333333333 0.0075 0.021666666666666667
3 0.45937500000000003 0.3720833333333334 0.005 0.015833333333333335
3 0.4909375 0.3729166666666667 0.005625 0.0175
3 0.5328125 0.3716666666666667 0.005625 0.013333333333333334
