0 0.0553125 0.60875 0.040625 0.08083333333333334
0 0.0934375 0.49375 0.023125 0.04583333333333334
0 0.0228125 0.46166666666666667 0.019375 0.03333333333333333
1 0.015625 0.4295833333333334 0.015 0.025833333333333337
1 0.1709375 0.43500000000000005 0.014375 0.030000000000000002
1 0.2784375 0.45083333333333336 0.028125 0.035
1 0.4365625 0.54 0.036875 0.07333333333333333
2 0.4978125 0.4675 0.029375000000000002 0.045000000000000005
2 0.53625 0.4370833333333334 0.01625 0.029166666666666667
2 0.55 0.42125 0.01375 0.022500000000000003
2 0.56375 0.40625 0.0125 0.025833333333333337
2 0.605625 0.4079166666666667 0.01125 0.01916666666666667
2 0.64625 0.41458333333333336 0.01375 0.01916666666666667
2 0.6834375 0.4104166666666667 0.008125 0.025833333333333337
2 0.7028125000000001 0.4241666666666667 0.016875 0.025
2 0.7303125 0.4470833333333334 0.018125 0.0325
2 0.7640625 0.4854166666666667 0.028125 0.04416666666666667
