0 0.440625 0.5216666666666667 0.02625 0.04666666666666667
0 0.706875 0.4479166666666667 0.0125 0.025833333333333337
0 0.634375 0.36625 0.00625 0.014166666666666668
1 0.6378125 0.3666666666666667 0.006875 0.015000000000000001
2 0.6625 0.38 0.00375 0.01
2 0.5665625 0.36125 0.004375 0.014166666666666668
3 0.5678125 0.385 0.008125 0.021666666666666667
3 0.5725 0.35875 0.00875 0.01916666666666667
3 0.5965625 0.3729166666666667 0.004375 0.0125
3 0.6259375 0.375 0.004375 0.015000000000000001
3 0.665625 0.3716666666666667 0.00375 0.011666666666666667
