0 0.4378125 0.5241666666666667 0.021875000000000002 0.05
2 0.4225 0.45875000000000005 0.0175 0.035833333333333335
2 0.4521875 0.42750000000000005 0.013125 0.025
2 0.31625000000000003 0.42625 0.01375 0.020833333333333336
2 0.2325 0.4554166666666667 0.0125 0.029166666666666667
2 0.116875 0.3975 0.0075 0.011666666666666667
2 0.05375 0.4066666666666667 0.00625 0.01
2 0.050937500000000004 0.4129166666666667 0.005625 0.0125
2 0.019375 0.40708333333333335 0.00625 0.0125
3 0.0653125 0.39958333333333335 0.008125 0.0175
0 0.6371875 0.46708333333333335 0.020625 0.035833333333333335
1 0.6165625 0.4291666666666667 0.010625 0.025
1 0.5396875 0.41208333333333336 0.011875 0.015833333333333335
1 0.50875 0.39333333333333337 0.00875 0.013333333333333334
1 0.5309375000000001 0.3891666666666667 0.006875 0.013333333333333334
1 0.5696875 0.38375000000000004 0.008125 0.014166666666666668
0 0.760625 0.4241666666666667 0.01375 0.02
0 0.6578125 0.4091666666666667 0.010625 0.018333333333333333
0 0.605 0.3975 0.01 0.011666666666666667
0 0.6103125 0.39083333333333337 0.005625 0.015000000000000001
0 0.6440625 0.3866666666666667 0.008125 0.013333333333333334
1 0.6415625 0.38083333333333336 0.009375 0.011666666666666667
0 0.686875 0.38375000000000004 0.0075 0.0125
1 0.7215625 0.38125000000000003 0.008125 0.0125
0 0.7465625 0.3841666666666667 0.008125 0.008333333333333333
