0 0.164375 0.63875 0.04 0.07916666666666668
0 0.544375 0.46416666666666667 0.0175 0.03166666666666667
0 0.761875 0.43000000000000005 0.01375 0.023333333333333334
1 0.79125 0.51875 0.01875 0.0475
3 0.6553125 0.3779166666666667 0.006875 0.0175
3 0.753125 0.37041666666666667 0.005 0.0125
3 0.6587500000000001 0.35250000000000004 0.00625 0.016666666666666666
2 0.6521875 0.3554166666666667 0.006875 0.0125
3 0.6853125 0.3691666666666667 0.004375 0.01
2 0.7475 0.3766666666666667 0.005 0.008333333333333333
2 0.7884375 0.3741666666666667 0.004375 0.008333333333333333
1 0.7175 0.36250000000000004 0.00625 0.013333333333333334
