0 0.28625 0.7304166666666667 0.05375 0.10083333333333334
0 0.5178125 0.4929166666666667 0.020625 0.037500000000000006
0 0.6365625 0.4420833333333334 0.013125 0.02416666666666667
0 0.7740625 0.42750000000000005 0.010625 0.02
2 0.048125 0.4416666666666667 0.01 0.02
2 0.0925 0.4366666666666667 0.01 0.018333333333333333
2 0.136875 0.43250000000000005 0.01 0.018333333333333333
2 0.1559375 0.44833333333333336 0.010625 0.023333333333333334
2 0.1753125 0.4708333333333334 0.016875 0.03166666666666667
2 0.199375 0.5229166666666667 0.02375 0.04583333333333334
