0 0.2246875 0.5700000000000001 0.030625 0.060000000000000005
0 0.241875 0.4758333333333334 0.01625 0.03166666666666667
0 0.173125 0.4454166666666667 0.0125 0.022500000000000003
0 0.0925 0.43625 0.01125 0.01916666666666667
1 0.045 0.42208333333333337 0.0075 0.015833333333333335
1 0.16125 0.4179166666666667 0.00875 0.015833333333333335
1 0.3065625 0.42708333333333337 0.009375 0.020833333333333336
1 0.4115625 0.4454166666666667 0.011875 0.025833333333333337
1 0.565625 0.5258333333333334 0.02625 0.04833333333333334
2 0.6253125 0.4679166666666667 0.016875 0.03416666666666667
2 0.6596875 0.4416666666666667 0.014375 0.025
2 0.675625 0.42583333333333334 0.0125 0.02
2 0.6915625 0.4133333333333334 0.006875 0.016666666666666666
2 0.73375 0.41458333333333336 0.0075 0.015833333333333335
2 0.77375 0.41708333333333336 0.01 0.01916666666666667
