0 0.3284375 0.5670833333333334 0.033125 0.0625
0 0.508125 0.4395833333333334 0.01875 0.0275
0 0.6628125 0.44 0.018125 0.025
0 0.7775 0.43291666666666667 0.0125 0.020833333333333336
0 0.7909375000000001 0.40875 0.005625 0.015833333333333335
0 0.729375 0.4004166666666667 0.00625 0.0125
0 0.6703125 0.3929166666666667 0.005625 0.014166666666666668
0 0.6025 0.3891666666666667 0.00375 0.011666666666666667
0 0.540625 0.3866666666666667 0.00375 0.01
0 0.4753125 0.3854166666666667 0.004375 0.0125
0 0.414375 0.38875000000000004 0.00375 0.010833333333333334
0 0.3671875 0.39375000000000004 0.004375 0.010833333333333334
0 0.3259375 0.40166666666666667 0.005625 0.011666666666666667
0 0.3178125 0.41125 0.009375 0.0175
0 0.3771875 0.4254166666666667 0.014375 0.020833333333333336
1 0.7821875 0.55625 0.035625000000000004 0.060833333333333336
1 0.315 0.46625000000000005 0.02 0.03416666666666667
1 0.22125 0.4395833333333334 0.015 0.02416666666666667
1 0.20125 0.41125 0.01 0.015833333333333335
1 0.233125 0.40125000000000005 0.00875 0.014166666666666668
1 0.283125 0.3925 0.005 0.013333333333333334
1 0.3653125 0.3866666666666667 0.003125 0.011666666666666667
1 0.44906250000000003 0.38208333333333333 0.003125 0.010833333333333334
1 0.545625 0.38458333333333333 0.00375 0.009166666666666667
1 0.6084375 0.3879166666666667 0.003125 0.009166666666666667
1 0.68625 0.3916666666666667 0.00375 0.01
3 0.7440625 0.42708333333333337 0.015625 0.03916666666666667
3 0.795 0.4241666666666667 0.01 0.03333333333333333
2 0.0734375 0.48000000000000004 0.020625 0.03666666666666667
