2 0.635625 0.35958333333333337 0.00375 0.010833333333333334
2 0.7296875 0.3791666666666667 0.003125 0.008333333333333333
2 0.7315625 0.38 0.003125 0.008333333333333333
2 0.7709375 0.3766666666666667 0.003125 0.008333333333333333
3 0.636875 0.38208333333333333 0.005 0.0175
3 0.6665625000000001 0.3720833333333334 0.004375 0.010833333333333334
3 0.6950000000000001 0.37375 0.005 0.010833333333333334
3 0.7353125 0.3729166666666667 0.004375 0.010833333333333334
3 0.641875 0.35750000000000004 0.00625 0.018333333333333333
0 0.0471875 0.7279166666666668 0.045625 0.10416666666666667
0 0.528125 0.4816666666666667 0.0175 0.03833333333333334
0 0.758125 0.4379166666666667 0.015 0.022500000000000003
0 0.7003125 0.36458333333333337 0.004375 0.014166666666666668
1 0.7028125000000001 0.3666666666666667 0.005625 0.011666666666666667
