2 0.6496875 0.44125000000000003 0.010625 0.029166666666666667
2 0.6365625 0.42250000000000004 0.011875 0.02
2 0.6228125 0.4108333333333334 0.006875 0.016666666666666666
2 0.6090625000000001 0.40166666666666667 0.005625 0.015000000000000001
2 0.5775 0.4025 0.0075 0.015000000000000001
2 0.546875 0.4025 0.00625 0.015000000000000001
2 0.513125 0.40125000000000005 0.00625 0.015833333333333335
2 0.5003125 0.4091666666666667 0.008125 0.018333333333333333
2 0.4890625 0.42083333333333334 0.009375 0.02
2 0.465625 0.43875000000000003 0.0125 0.025833333333333337
0 0.6728125 0.48458333333333337 0.016875 0.035833333333333335
0 0.1578125 0.6204166666666667 0.038125 0.07416666666666667
0 0.22375 0.5016666666666667 0.0225 0.043333333333333335
0 0.1759375 0.45958333333333334 0.013125 0.029166666666666667
0 0.08625000000000001 0.44333333333333336 0.01375 0.023333333333333334
1 0.045 0.42708333333333337 0.00875 0.0175
1 0.19375 0.42458333333333337 0.01 0.0175
1 0.2978125 0.4320833333333334 0.013125 0.022500000000000003
1 0.43343750000000003 0.4666666666666667 0.019375 0.03166666666666667
3 0.0234375 0.7279166666666668 0.046875 0.18083333333333335
