0 0.3390625 0.5658333333333334 0.051875000000000004 0.08333333333333334
0 0.6584375 0.4541666666666667 0.020625 0.04
2 0.75 0.40708333333333335 0.015 0.020833333333333336
2 0.640625 0.37125 0.0125 0.022500000000000003
3 0.605 0.37000000000000005 0.01125 0.016666666666666666
2 0.6003125 0.3766666666666667 0.009375 0.013333333333333334
1 0.5775 0.3641666666666667 0.00875 0.023333333333333334
3 0.564375 0.3729166666666667 0.0075 0.0175
3 0.51 0.35583333333333333 0.0075 0.021666666666666667
3 0.505625 0.3825 0.01 0.025
2 0.5021875 0.35625 0.006875 0.01916666666666667
