0 0.1209375 0.6575000000000001 0.041875 0.08166666666666667
0 0.21125 0.5133333333333334 0.0225 0.04166666666666667
0 0.169375 0.4633333333333334 0.01375 0.02666666666666667
0 0.0809375 0.4475 0.009375 0.02
0 0.6925 0.49625 0.02125 0.03916666666666667
1 0.0440625 0.4291666666666667 0.006875 0.015000000000000001
1 0.1940625 0.42833333333333334 0.008125 0.016666666666666666
1 0.29875 0.4366666666666667 0.00875 0.02
1 0.43625 0.4741666666666667 0.01875 0.03333333333333333
2 0.47250000000000003 0.4420833333333334 0.0125 0.02416666666666667
2 0.4975 0.42333333333333334 0.01 0.02
2 0.5096875 0.4141666666666667 0.008125 0.015000000000000001
2 0.5225 0.4041666666666667 0.0075 0.013333333333333334
2 0.5575 0.40458333333333335 0.00625 0.015833333333333335
2 0.58875 0.4054166666666667 0.00625 0.014166666666666668
2 0.6215625 0.4054166666666667 0.006875 0.014166666666666668
2 0.63625 0.4141666666666667 0.0075 0.016666666666666666
2 0.6515625 0.42625 0.009375 0.020833333333333336
2 0.665625 0.44875000000000004 0.01375 0.025833333333333337
