0 0.3096875 0.5883333333333334 0.035625000000000004 0.07166666666666667
0 0.668125 0.4429166666666667 0.0175 0.0275
0 0.506875 0.4429166666666667 0.01875 0.0275
0 0.3728125 0.42750000000000005 0.013125 0.021666666666666667
0 0.311875 0.4129166666666667 0.01125 0.0175
0 0.32125 0.40125000000000005 0.0075 0.0125
0 0.3634375 0.39416666666666667 0.005625 0.013333333333333334
0 0.4121875 0.3891666666666667 0.005625 0.01
0 0.4746875 0.38625000000000004 0.005625 0.010833333333333334
0 0.540625 0.3875 0.00625 0.011666666666666667
0 0.60375 0.39083333333333337 0.00625 0.01
0 0.671875 0.39458333333333334 0.00625 0.0125
0 0.7328125 0.40125000000000005 0.006875 0.0125
0 0.7853125 0.43750000000000006 0.015625 0.021666666666666667
0 0.7959375 0.4108333333333334 0.009375 0.016666666666666666
1 0.304375 0.47125000000000006 0.01875 0.035833333333333335
1 0.210625 0.4425 0.015 0.025
1 0.1940625 0.41250000000000003 0.010625 0.018333333333333333
1 0.226875 0.4008333333333334 0.00875 0.015000000000000001
1 0.2790625 0.3925 0.008125 0.013333333333333334
1 0.36312500000000003 0.38708333333333333 0.00625 0.010833333333333334
1 0.4478125 0.38333333333333336 0.006875 0.01
1 0.5459375 0.38458333333333333 0.005625 0.009166666666666667
1 0.60875 0.3875 0.005 0.008333333333333333
1 0.688125 0.3916666666666667 0.00625 0.01
2 0.053125 0.48500000000000004 0.0225 0.03833333333333334
3 0.7518750000000001 0.4316666666666667 0.0225 0.04
