0 0.0740625 0.6808333333333334 0.056875 0.09333333333333334
0 0.2184375 0.5445833333333334 0.033125 0.052500000000000005
0 0.23093750000000002 0.4783333333333334 0.016875 0.03333333333333333
0 0.169375 0.44833333333333336 0.01375 0.023333333333333334
0 0.075625 0.4395833333333334 0.0125 0.01916666666666667
0 0.5925 0.4629166666666667 0.015 0.029166666666666667
0 0.7534375 0.4445833333333334 0.010625 0.020833333333333336
1 0.7684375 0.7729166666666667 0.060625 0.12416666666666668
1 0.734375 0.5529166666666667 0.0275 0.05916666666666667
1 0.39687500000000003 0.4541666666666667 0.01625 0.02666666666666667
1 0.27125 0.43000000000000005 0.01 0.02
1 0.1721875 0.42458333333333337 0.006875 0.014166666666666668
1 0.025 0.4241666666666667 0.00875 0.016666666666666666
3 0.1559375 0.59125 0.054375 0.11916666666666667
3 0.7190625 0.6216666666666667 0.060625 0.13
2 0.42125 0.43333333333333335 0.01125 0.021666666666666667
2 0.44125000000000003 0.4204166666666667 0.0075 0.0175
2 0.45156250000000003 0.41125 0.005625 0.014166666666666668
2 0.4628125 0.40625 0.004375 0.0125
2 0.4925 0.40458333333333335 0.00625 0.014166666666666668
2 0.521875 0.4029166666666667 0.00625 0.014166666666666668
2 0.55 0.40375000000000005 0.005 0.0125
2 0.5615625 0.41125 0.004375 0.0175
2 0.570625 0.42208333333333337 0.00375 0.020833333333333336
2 0.5790625 0.4341666666666667 0.005625 0.02
