0 0.18156250000000002 0.6675000000000001 0.056875 0.09166666666666667
0 0.6178125 0.47708333333333336 0.023125 0.035833333333333335
0 0.525 0.3695833333333334 0.0075 0.0175
1 0.528125 0.37083333333333335 0.0075 0.016666666666666666
2 0.711875 0.4154166666666667 0.01125 0.01916666666666667
2 0.763125 0.4066666666666667 0.0075 0.016666666666666666
2 0.449375 0.36458333333333337 0.0075 0.014166666666666668
2 0.5921875 0.37833333333333335 0.005625 0.01
2 0.55375 0.38333333333333336 0.005 0.01
2 0.551875 0.38208333333333333 0.005 0.010833333333333334
3 0.4559375 0.36000000000000004 0.009375 0.021666666666666667
3 0.4521875 0.38875000000000004 0.008125 0.020833333333333336
3 0.4840625 0.37625000000000003 0.006875 0.015833333333333335
3 0.5153125000000001 0.3775 0.006875 0.015000000000000001
3 0.5565625 0.3754166666666667 0.005625 0.0125
