0 0.253125 0.5029166666666667 0.0275 0.0425
0 0.0775 0.4804166666666667 0.02 0.0325
0 0.0221875 0.45583333333333337 0.015625 0.02666666666666667
0 0.055 0.43375 0.01125 0.01916666666666667
0 0.1184375 0.4179166666666667 0.009375 0.015833333333333335
0 0.184375 0.4079166666666667 0.0075 0.014166666666666668
0 0.26 0.40125000000000005 0.00625 0.014166666666666668
0 0.335625 0.3979166666666667 0.00625 0.0125
0 0.4065625 0.39875000000000005 0.006875 0.0125
0 0.4909375 0.4829166666666667 0.024375 0.037500000000000006
0 0.4821875 0.39916666666666667 0.006875 0.013333333333333334
0 0.54875 0.4041666666666667 0.0075 0.011666666666666667
0 0.6190625 0.4133333333333334 0.009375 0.015000000000000001
0 0.6325000000000001 0.45625000000000004 0.0175 0.0275
0 0.670625 0.4404166666666667 0.0125 0.02416666666666667
0 0.666875 0.4254166666666667 0.01125 0.01916666666666667
2 0.7959375 0.41958333333333336 0.009375 0.015833333333333335
1 0.771875 0.42500000000000004 0.0125 0.02
1 0.683125 0.4108333333333334 0.00875 0.015000000000000001
1 0.6071875 0.40125000000000005 0.006875 0.014166666666666668
1 0.49843750000000003 0.39625000000000005 0.006875 0.0125
1 0.413125 0.3929166666666667 0.00625 0.0125
1 0.3428125 0.39375000000000004 0.005625 0.010833333333333334
1 0.2315625 0.3975 0.005625 0.013333333333333334
1 0.1290625 0.4054166666666667 0.008125 0.014166666666666668
1 0.014687500000000001 0.4216666666666667 0.010625 0.016666666666666666
3 0.5965625 0.45375000000000004 0.028125 0.05583333333333334
3 0.6534375 0.4416666666666667 0.019375 0.043333333333333335
