0 0.1903125 0.46875000000000006 0.020625 0.030833333333333334
1 0.2246875 0.4295833333333334 0.013125 0.022500000000000003
2 0.5115625 0.44958333333333333 0.015625 0.0275
0 0.07625 0.7179166666666668 0.06625 0.10416666666666667
0 0.1065625 0.44958333333333333 0.011875 0.01916666666666667
0 0.0171875 0.4454166666666667 0.010625 0.0175
0 0.2196875 0.5291666666666667 0.028125 0.04666666666666667
0 0.7590625 0.5191666666666667 0.028125 0.04666666666666667
1 0.07625 0.42833333333333334 0.01125 0.015000000000000001
1 0.32937500000000003 0.44 0.015 0.023333333333333334
1 0.4703125 0.4854166666666667 0.024375 0.03916666666666667
2 0.5396875 0.42875 0.011875 0.01916666666666667
2 0.5521875 0.41750000000000004 0.010625 0.016666666666666666
2 0.5671875000000001 0.4079166666666667 0.008125 0.0125
2 0.6034375 0.4079166666666667 0.009375 0.015833333333333335
2 0.636875 0.4079166666666667 0.01 0.015833333333333335
2 0.6709375 0.4091666666666667 0.010625 0.016666666666666666
2 0.7046875 0.43375 0.011875 0.020833333333333336
2 0.723125 0.45833333333333337 0.01625 0.028333333333333335
2 0.6884375 0.42083333333333334 0.009375 0.016666666666666666
