0 0.1015625 0.65625 0.041875 0.08583333333333334
3 0.1684375 0.5758333333333334 0.050625 0.11333333333333334
0 0.226875 0.54 0.02 0.05166666666666667
0 0.2365625 0.4766666666666667 0.018125 0.035
0 0.17375000000000002 0.44833333333333336 0.0125 0.025
0 0.0821875 0.4429166666666667 0.011875 0.022500000000000003
1 0.0265625 0.42791666666666667 0.010625 0.0175
1 0.1740625 0.4266666666666667 0.009375 0.018333333333333333
1 0.2721875 0.43083333333333335 0.013125 0.021666666666666667
1 0.39437500000000003 0.4525 0.01875 0.028333333333333335
2 0.4209375 0.4345833333333334 0.011875 0.025833333333333337
2 0.439375 0.42083333333333334 0.01125 0.018333333333333333
2 0.44906250000000003 0.41250000000000003 0.009375 0.018333333333333333
2 0.460625 0.4079166666666667 0.0075 0.0175
2 0.4909375 0.40625 0.009375 0.014166666666666668
2 0.5181250000000001 0.40625 0.0075 0.015833333333333335
2 0.5465625000000001 0.40625 0.009375 0.015833333333333335
2 0.55875 0.41375 0.00875 0.0175
2 0.566875 0.42208333333333337 0.00875 0.015833333333333335
2 0.5753125 0.4345833333333334 0.010625 0.020833333333333336
0 0.58625 0.46208333333333335 0.0125 0.030833333333333334
1 0.7440625 0.7270833333333334 0.035625000000000004 0.10250000000000001
3 0.70125 0.5991666666666667 0.04125 0.12833333333333335
1 0.7178125 0.5408333333333334 0.014375 0.04833333333333334
1 0.7940625 0.49250000000000005 0.013125 0.05
0 0.744375 0.44333333333333336 0.01125 0.02666666666666667
