0 0.291875 0.5604166666666667 0.03375 0.060833333333333336
0 0.5846875 0.45375000000000004 0.016875 0.029166666666666667
0 0.7903125 0.42875 0.011875 0.020833333333333336
1 0.7921875 0.49625 0.016875 0.0425
1 0.7634375 0.645 0.046875 0.08666666666666667
1 0.7584375 0.36500000000000005 0.005625 0.015000000000000001
0 0.7559375 0.36750000000000005 0.005625 0.015000000000000001
2 0.7681250000000001 0.37375 0.00375 0.009166666666666667
2 0.794375 0.3791666666666667 0.005 0.01
2 0.6965625 0.3591666666666667 0.006875 0.013333333333333334
3 0.6984375 0.38083333333333336 0.006875 0.02
3 0.7315625 0.3716666666666667 0.006875 0.015000000000000001
3 0.7028125000000001 0.3579166666666667 0.005625 0.0175
