0 0.5578125 0.48625 0.025625000000000002 0.03916666666666667
0 0.7878125 0.44333333333333336 0.018125 0.02666666666666667
0 0.4609375 0.3616666666666667 0.009375 0.02
1 0.464375 0.36458333333333337 0.0075 0.0175
2 0.6565625 0.40875 0.010625 0.01916666666666667
2 0.7084375 0.39875000000000005 0.008125 0.014166666666666668
2 0.785 0.42000000000000004 0.0125 0.021666666666666667
2 0.3815625 0.35750000000000004 0.006875 0.015000000000000001
2 0.5340625 0.37083333333333335 0.005625 0.01
2 0.494375 0.3754166666666667 0.00625 0.010833333333333334
2 0.4925 0.37333333333333335 0.00625 0.011666666666666667
3 0.3859375 0.38458333333333333 0.008125 0.02416666666666667
3 0.39 0.35375 0.00875 0.025833333333333337
3 0.42281250000000004 0.3695833333333334 0.005625 0.014166666666666668
3 0.45406250000000004 0.37000000000000005 0.005625 0.016666666666666666
3 0.4971875 0.36750000000000005 0.005625 0.013333333333333334
