3 0.7190625 0.43750000000000006 0.019375 0.04166666666666667
3 0.7725 0.43125 0.01625 0.035833333333333335
0 0.196875 0.6670833333333334 0.045 0.08916666666666667
0 0.251875 0.42250000000000004 0.01 0.016666666666666666
0 0.265 0.41000000000000003 0.00875 0.015000000000000001
0 0.31375000000000003 0.43875000000000003 0.0125 0.022500000000000003
0 0.3103125 0.4 0.005625 0.011666666666666667
0 0.361875 0.39375000000000004 0.0075 0.0125
0 0.426875 0.39083333333333337 0.005 0.01
0 0.4953125 0.39208333333333334 0.004375 0.009166666666666667
0 0.56 0.3925 0.005 0.01
0 0.6290625 0.39708333333333334 0.004375 0.010833333333333334
0 0.691875 0.40208333333333335 0.005 0.010833333333333334
0 0.7553125 0.41208333333333336 0.006875 0.014166666666666668
0 0.7925 0.4341666666666667 0.01 0.02
0 0.7959375 0.42250000000000004 0.006875 0.016666666666666666
0 0.6321875 0.4504166666666667 0.015625 0.0275
0 0.4578125 0.455 0.015625 0.028333333333333335
0 0.7521875 0.44125000000000003 0.014375 0.022500000000000003
1 0.2275 0.49500000000000005 0.0225 0.03833333333333334
1 0.13375 0.45958333333333334 0.015 0.0275
1 0.12562500000000001 0.4241666666666667 0.01125 0.016666666666666666
1 0.1640625 0.41125 0.008125 0.014166666666666668
1 0.22187500000000002 0.4008333333333334 0.0075 0.013333333333333334
1 0.3115625 0.3916666666666667 0.004375 0.008333333333333333
1 0.39968750000000003 0.3875 0.003125 0.008333333333333333
1 0.5 0.38625000000000004 0.005 0.009166666666666667
1 0.5653125 0.38958333333333334 0.004375 0.009166666666666667
1 0.645625 0.39333333333333337 0.00625 0.011666666666666667
1 0.7490625 0.4029166666666667 0.008125 0.0125
