0 0.0603125 0.62875 0.050625 0.07916666666666668
3 0.26937500000000003 0.5283333333333333 0.0425 0.08833333333333333
0 0.330625 0.5145833333333334 0.025 0.04416666666666667
3 0.3596875 0.4829166666666667 0.029375000000000002 0.06416666666666668
0 0.38375000000000004 0.47250000000000003 0.02 0.03333333333333333
0 0.374375 0.4445833333333334 0.0125 0.02416666666666667
1 0.39125 0.41708333333333336 0.01 0.0175
0 0.316875 0.42833333333333334 0.01 0.016666666666666666
1 0.30593750000000003 0.41208333333333336 0.006875 0.014166666666666668
0 0.235625 0.42125 0.0075 0.0175
1 0.180625 0.41125 0.005 0.014166666666666668
0 0.1565625 0.4191666666666667 0.009375 0.016666666666666666
1 0.0765625 0.41375 0.008125 0.014166666666666668
0 0.06281250000000001 0.42333333333333334 0.009375 0.015000000000000001
1 0.49562500000000004 0.43333333333333335 0.0125 0.02
2 0.515 0.4204166666666667 0.0075 0.0175
2 0.531875 0.41375 0.0075 0.014166666666666668
2 0.54125 0.40750000000000003 0.00625 0.013333333333333334
2 0.5528125 0.4041666666666667 0.006875 0.013333333333333334
2 0.5796875 0.40458333333333335 0.005625 0.0125
2 0.605 0.4054166666666667 0.0075 0.014166666666666668
2 0.63125 0.4058333333333334 0.0075 0.011666666666666667
2 0.63875 0.41125 0.0075 0.014166666666666668
2 0.6446875 0.41708333333333336 0.006875 0.014166666666666668
2 0.645625 0.42625 0.00875 0.0175
0 0.644375 0.4429166666666667 0.01 0.02416666666666667
0 0.79125 0.43500000000000005 0.00875 0.018333333333333333
1 0.7946875 0.46625000000000005 0.010625 0.030833333333333334
1 0.71125 0.4854166666666667 0.025 0.037500000000000006
1 0.6709375 0.5441666666666667 0.034375 0.05333333333333334
3 0.700625 0.5850000000000001 0.05375 0.11833333333333335
3 0.6703125 0.5 0.031875 0.07166666666666667
