0 0.2596875 0.6070833333333334 0.046875 0.07416666666666667
0 0.596875 0.4654166666666667 0.02125 0.03416666666666667
0 0.7503125 0.4420833333333334 0.014375 0.025833333333333337
0 0.7937500000000001 0.405 0.0075 0.015000000000000001
0 0.75 0.3954166666666667 0.00875 0.0125
0 0.7571875 0.38833333333333336 0.006875 0.01
0 0.7928125 0.38583333333333336 0.005625 0.01
0 0.195 0.38208333333333333 0.00875 0.02416666666666667
1 0.1978125 0.38375000000000004 0.009375 0.022500000000000003
1 0.7468750000000001 0.41625 0.01125 0.020833333333333336
1 0.6834375 0.4033333333333334 0.009375 0.016666666666666666
1 0.6603125 0.38958333333333334 0.008125 0.0125
1 0.680625 0.3841666666666667 0.00625 0.01
1 0.7209375 0.38208333333333333 0.005625 0.009166666666666667
1 0.7946875 0.3816666666666667 0.004375 0.008333333333333333
2 0.43375 0.42458333333333337 0.0125 0.02416666666666667
2 0.491875 0.40750000000000003 0.00875 0.018333333333333333
2 0.5834375 0.4320833333333334 0.014375 0.025833333333333337
2 0.6075 0.41250000000000003 0.01125 0.018333333333333333
2 0.10625 0.38 0.0075 0.02
2 0.305 0.3829166666666667 0.005 0.009166666666666667
2 0.2571875 0.39208333333333334 0.005625 0.0125
2 0.2253125 0.3879166666666667 0.005625 0.010833333333333334
3 0.115625 0.41375 0.00875 0.029166666666666667
3 0.115625 0.37583333333333335 0.00875 0.030000000000000002
3 0.1790625 0.3891666666666667 0.005625 0.015000000000000001
3 0.21375 0.38875000000000004 0.0075 0.01916666666666667
3 0.26375 0.3829166666666667 0.00625 0.015833333333333335
