0 0.0403125 0.5641666666666667 0.035625000000000004 0.05666666666666667
0 0.02875 0.4229166666666667 0.00875 0.014166666666666668
0 0.1178125 0.41208333333333336 0.008125 0.0125
0 0.203125 0.40625 0.00625 0.014166666666666668
0 0.28 0.4033333333333334 0.0075 0.013333333333333334
0 0.36062500000000003 0.4033333333333334 0.01 0.015000000000000001
0 0.43093750000000003 0.4066666666666667 0.008125 0.016666666666666666
0 0.5053125 0.41375 0.009375 0.015833333333333335
0 0.558125 0.42625 0.0125 0.020833333333333336
0 0.5665625 0.44625000000000004 0.014375 0.029166666666666667
0 0.52625 0.46875000000000006 0.0225 0.03416666666666667
0 0.353125 0.5179166666666667 0.03125 0.050833333333333335
3 0.4834375 0.4729166666666667 0.033125 0.0625
3 0.54875 0.45125000000000004 0.02375 0.04916666666666667
3 0.7875 0.51625 0.025 0.09083333333333334
1 0.785 0.5029166666666667 0.02 0.04583333333333334
3 0.794375 0.47500000000000003 0.0125 0.055
2 0.6871875000000001 0.41625 0.009375 0.0175
2 0.7053125 0.40958333333333335 0.006875 0.015833333333333335
2 0.716875 0.40625 0.005 0.014166666666666668
2 0.7303125 0.40208333333333335 0.009375 0.015833333333333335
2 0.75625 0.4025 0.00625 0.013333333333333334
2 0.7834375 0.40458333333333335 0.006875 0.014166666666666668
1 0.6665625000000001 0.4229166666666667 0.009375 0.022500000000000003
1 0.5725 0.40875 0.01 0.015833333333333335
1 0.49312500000000004 0.40208333333333335 0.00875 0.014166666666666668
1 0.3796875 0.3983333333333334 0.008125 0.015000000000000001
1 0.28875 0.39916666666666667 0.0075 0.013333333333333334
1 0.21375 0.4004166666666667 0.00625 0.0125
1 0.08875 0.4079166666666667 0.005 0.014166666666666668
