1 0.059687500000000004 0.41208333333333336 0.005625 0.014166666666666668
0 0.089375 0.41375 0.0075 0.0175
0 0.1759375 0.4079166666666667 0.008125 0.0125
1 0.1871875 0.4025 0.006875 0.013333333333333334
0 0.2553125 0.405 0.006875 0.013333333333333334
1 0.264375 0.39916666666666667 0.00875 0.016666666666666666
0 0.3359375 0.40375000000000005 0.010625 0.0125
0 0.32406250000000003 0.5283333333333333 0.020625 0.05666666666666667
3 0.4596875 0.47875 0.018125 0.0675
0 0.5046875 0.47750000000000004 0.019375 0.03166666666666667
3 0.5271875 0.4541666666666667 0.016875 0.05333333333333334
0 0.546875 0.4491666666666667 0.01 0.02666666666666667
0 0.5365625 0.43000000000000005 0.010625 0.02
0 0.483125 0.41625 0.01 0.014166666666666668
0 0.40718750000000004 0.40750000000000003 0.008125 0.013333333333333334
1 0.35531250000000003 0.39958333333333335 0.010625 0.0125
1 0.470625 0.4025 0.01 0.011666666666666667
1 0.5503125 0.41125 0.010625 0.0175
1 0.6475 0.42500000000000004 0.01 0.018333333333333333
2 0.666875 0.41500000000000004 0.00625 0.013333333333333334
2 0.6853125 0.4108333333333334 0.005625 0.013333333333333334
2 0.69625 0.40750000000000003 0.00625 0.011666666666666667
2 0.7084375 0.40375000000000005 0.005625 0.010833333333333334
2 0.7368750000000001 0.4054166666666667 0.00625 0.0125
2 0.761875 0.40625 0.00375 0.014166666666666668
2 0.7896875 0.40750000000000003 0.006875 0.013333333333333334
2 0.7953125 0.41125 0.003125 0.009166666666666667
2 0.7984375 0.41833333333333333 0.004375 0.011666666666666667
2 0.7959375 0.4266666666666667 0.008125 0.011666666666666667
0 0.786875 0.4379166666666667 0.0075 0.015833333333333335
3 0.788125 0.47958333333333336 0.015 0.06416666666666668
3 0.7875 0.52625 0.02 0.07916666666666668
1 0.7765625 0.50625 0.014375 0.04583333333333334
