0 0.0471875 0.70625 0.048125 0.0975
2 0.11 0.5275000000000001 0.02875 0.05166666666666667
2 0.010625 0.4683333333333334 0.015 0.03166666666666667
2 0.1875 0.45833333333333337 0.02125 0.03166666666666667
0 0.4175 0.5154166666666667 0.0225 0.04583333333333334
1 0.39437500000000003 0.44958333333333333 0.0175 0.03916666666666667
1 0.305 0.43250000000000005 0.01375 0.030000000000000002
1 0.278125 0.4066666666666667 0.01 0.021666666666666667
1 0.3040625 0.395 0.006875 0.013333333333333334
1 0.35125 0.38958333333333334 0.00875 0.014166666666666668
0 0.5609375 0.4295833333333334 0.015625 0.020833333333333336
0 0.4446875 0.4166666666666667 0.013125 0.021666666666666667
0 0.38656250000000003 0.4054166666666667 0.008125 0.015833333333333335
0 0.3909375 0.395 0.006875 0.015000000000000001
0 0.4284375 0.3904166666666667 0.004375 0.009166666666666667
1 0.426875 0.38208333333333333 0.0075 0.009166666666666667
0 0.473125 0.38583333333333336 0.00625 0.011666666666666667
1 0.5075000000000001 0.37833333333333335 0.00625 0.01
0 0.5315625 0.38208333333333333 0.010625 0.010833333333333334
0 0.595 0.38375000000000004 0.00625 0.0125
1 0.600625 0.38 0.005 0.01
0 0.6553125 0.3854166666666667 0.005625 0.009166666666666667
1 0.66125 0.3829166666666667 0.005 0.010833333333333334
0 0.7215625 0.38958333333333334 0.004375 0.009166666666666667
1 0.73875 0.38708333333333333 0.005 0.0125
0 0.704375 0.4291666666666667 0.01 0.028333333333333335
3 0.78125 0.4204166666666667 0.02125 0.037500000000000006
0 0.780625 0.39458333333333334 0.005 0.014166666666666668
1 0.7831250000000001 0.5108333333333334 0.01625 0.055
