3 0.020625 0.405 0.0075 0.02
3 0.056875 0.4033333333333334 0.00625 0.018333333333333333
3 0.11875000000000001 0.39458333333333334 0.00625 0.015833333333333335
2 0.075 0.4029166666666667 0.005 0.009166666666666667
2 0.1059375 0.4079166666666667 0.004375 0.010833333333333334
2 0.1078125 0.4041666666666667 0.004375 0.01
2 0.16468750000000001 0.39375000000000004 0.004375 0.010833333333333334
2 0.2884375 0.4466666666666667 0.010625 0.025
2 0.3615625 0.42250000000000004 0.009375 0.02
2 0.465 0.45 0.0125 0.028333333333333335
2 0.49343750000000003 0.42333333333333334 0.008125 0.02
0 0.481875 0.5008333333333334 0.02 0.04
0 0.6603125 0.45833333333333337 0.015625 0.028333333333333335
0 0.6871875000000001 0.40875 0.008125 0.0175
0 0.6390625 0.3979166666666667 0.005625 0.0125
0 0.644375 0.3916666666666667 0.005 0.011666666666666667
0 0.6771875 0.3891666666666667 0.005625 0.008333333333333333
0 0.721875 0.38708333333333333 0.00375 0.010833333333333334
0 0.7809375000000001 0.385 0.005625 0.008333333333333333
0 0.7875 0.4216666666666667 0.0075 0.02
1 0.7559375 0.3829166666666667 0.004375 0.009166666666666667
1 0.6765625000000001 0.3825 0.003125 0.01
1 0.6459375 0.42458333333333337 0.008125 0.01916666666666667
1 0.5740625 0.40958333333333335 0.008125 0.015833333333333335
1 0.54625 0.39375000000000004 0.005 0.0125
1 0.56625 0.38833333333333336 0.005 0.011666666666666667
1 0.6053125 0.38208333333333333 0.004375 0.0125
