2 0.7937500000000001 0.41000000000000003 0.0075 0.015000000000000001
3 0.5575 0.38625000000000004 0.0075 0.020833333333333336
3 0.5625 0.35875 0.00625 0.01916666666666667
3 0.6146875 0.3754166666666667 0.005625 0.0125
3 0.5853125 0.3729166666666667 0.004375 0.015833333333333335
3 0.6553125 0.37333333333333335 0.005625 0.015000000000000001
2 0.650625 0.38083333333333336 0.005 0.013333333333333334
2 0.689375 0.3766666666666667 0.005 0.008333333333333333
2 0.55625 0.36291666666666667 0.00625 0.014166666666666668
1 0.6271875 0.36875 0.008125 0.015833333333333335
0 0.6240625 0.36833333333333335 0.005625 0.016666666666666666
0 0.4259375 0.5291666666666667 0.029375000000000002 0.05166666666666667
0 0.6978125000000001 0.45083333333333336 0.016875 0.028333333333333335
