0 0.2728125 0.61 0.048125 0.07500000000000001
0 0.6431250000000001 0.4608333333333334 0.0225 0.03333333333333333
2 0.7353125 0.405 0.009375 0.018333333333333333
2 0.7871875 0.3979166666666667 0.008125 0.014166666666666668
0 0.5540625 0.36208333333333337 0.006875 0.015833333333333335
1 0.5575 0.3641666666666667 0.0075 0.015000000000000001
2 0.6209375 0.37041666666666667 0.004375 0.009166666666666667
2 0.48 0.35750000000000004 0.00625 0.015000000000000001
2 0.5821875 0.37625000000000003 0.004375 0.009166666666666667
2 0.5803125 0.3725 0.004375 0.008333333333333333
3 0.48281250000000003 0.38333333333333336 0.008125 0.02
3 0.4871875 0.35333333333333333 0.008125 0.021666666666666667
3 0.5134375 0.37083333333333335 0.006875 0.013333333333333334
3 0.5437500000000001 0.37125 0.00625 0.014166666666666668
3 0.5846875 0.36833333333333335 0.005625 0.011666666666666667
