0 0.1678125 0.5833333333333334 0.031875 0.060000000000000005
0 0.1921875 0.48500000000000004 0.015625 0.03166666666666667
0 0.123125 0.4541666666666667 0.01375 0.025
0 0.040625 0.445 0.01 0.018333333333333333
1 0.11156250000000001 0.42500000000000004 0.008125 0.016666666666666666
1 0.25906250000000003 0.4316666666666667 0.010625 0.021666666666666667
1 0.366875 0.4491666666666667 0.01375 0.030000000000000002
1 0.521875 0.5325000000000001 0.02125 0.055
2 0.581875 0.4679166666666667 0.015 0.03416666666666667
2 0.6165625 0.4391666666666667 0.010625 0.025
2 0.63125 0.4241666666666667 0.01 0.02
2 0.6471875 0.4104166666666667 0.006875 0.015833333333333335
2 0.6884375 0.41250000000000003 0.005625 0.018333333333333333
2 0.7278125 0.4141666666666667 0.006875 0.016666666666666666
2 0.7678125 0.41750000000000004 0.006875 0.016666666666666666
2 0.790625 0.4316666666666667 0.01 0.023333333333333334
