0 0.289375 0.5558333333333334 0.0425 0.07666666666666667
0 0.296875 0.4716666666666667 0.02625 0.03833333333333334
0 0.22718750000000001 0.44125000000000003 0.013125 0.029166666666666667
0 0.1471875 0.4316666666666667 0.014375 0.02666666666666667
0 0.0471875 0.43083333333333335 0.019375 0.025
1 0.0034375 0.42083333333333334 0.006875 0.023333333333333334
1 0.0996875 0.4154166666666667 0.011875 0.022500000000000003
1 0.2125 0.41458333333333336 0.015 0.020833333333333336
1 0.355 0.4254166666666667 0.0125 0.025833333333333337
1 0.46187500000000004 0.4441666666666667 0.02625 0.035
1 0.6090625000000001 0.52625 0.040625 0.0575
2 0.67125 0.4729166666666667 0.02125 0.04583333333333334
2 0.7059375 0.4470833333333334 0.016875 0.029166666666666667
2 0.7209375 0.42875 0.013125 0.025833333333333337
2 0.7378125 0.4204166666666667 0.013125 0.022500000000000003
2 0.781875 0.42000000000000004 0.015 0.02666666666666667
