0 0.325 0.6954166666666667 0.043750000000000004 0.08750000000000001
0 0.5421875 0.49000000000000005 0.014375 0.04166666666666667
0 0.6584375 0.44125000000000003 0.016875 0.025833333333333337
0 0.7940625 0.4266666666666667 0.013125 0.02
2 0.23093750000000002 0.51375 0.023125 0.04416666666666667
2 0.2053125 0.46375000000000005 0.014375 0.03416666666666667
2 0.1853125 0.445 0.013125 0.025
2 0.1640625 0.43041666666666667 0.010625 0.020833333333333336
2 0.123125 0.43333333333333335 0.01125 0.018333333333333333
2 0.07875 0.4366666666666667 0.01125 0.023333333333333334
2 0.0303125 0.4425 0.010625 0.02
