0 0.276875 0.5433333333333333 0.03625 0.05666666666666667
0 0.47375 0.48125 0.02375 0.037500000000000006
0 0.7628125 0.4404166666666667 0.013125 0.022500000000000003
0 0.5171875 0.455 0.015625 0.030000000000000002
0 0.508125 0.4320833333333334 0.01 0.022500000000000003
0 0.45406250000000004 0.4179166666666667 0.010625 0.0175
0 0.3771875 0.40958333333333335 0.008125 0.015833333333333335
0 0.304375 0.4066666666666667 0.00875 0.013333333333333334
0 0.22125 0.4079166666666667 0.00875 0.014166666666666668
0 0.139375 0.4091666666666667 0.00625 0.013333333333333334
0 0.0475 0.41583333333333333 0.0075 0.016666666666666666
1 0.7575000000000001 0.5170833333333333 0.02625 0.04916666666666667
1 0.6196875000000001 0.42791666666666667 0.010625 0.01916666666666667
1 0.5234375 0.41125 0.008125 0.015833333333333335
1 0.4415625 0.40458333333333335 0.008125 0.014166666666666668
1 0.324375 0.40125000000000005 0.0075 0.0125
1 0.230625 0.40125000000000005 0.00625 0.010833333333333334
1 0.1525 0.4041666666666667 0.00625 0.011666666666666667
1 0.0196875 0.4129166666666667 0.006875 0.0125
2 0.640625 0.41750000000000004 0.00875 0.015000000000000001
2 0.6587500000000001 0.41208333333333336 0.0075 0.015833333333333335
2 0.6687500000000001 0.4079166666666667 0.0075 0.014166666666666668
2 0.680625 0.4029166666666667 0.0075 0.0125
2 0.7078125000000001 0.40458333333333335 0.006875 0.0125
2 0.73375 0.405 0.00625 0.011666666666666667
2 0.7603125000000001 0.4079166666666667 0.006875 0.010833333333333334
2 0.766875 0.4129166666666667 0.0075 0.014166666666666668
2 0.7715625 0.41833333333333333 0.006875 0.015000000000000001
2 0.769375 0.42750000000000005 0.01 0.015000000000000001
3 0.4271875 0.48625 0.033125 0.06916666666666667
3 0.498125 0.45958333333333334 0.02375 0.05416666666666667
3 0.7715625 0.5408333333333334 0.040625 0.095
3 0.7678125 0.4854166666666667 0.031875 0.06416666666666668
