0 0.24 0.6395833333333334 0.0425 0.08583333333333334
0 0.479375 0.45083333333333336 0.01875 0.028333333333333335
0 0.65 0.4470833333333334 0.01875 0.0275
0 0.76875 0.4379166666666667 0.01625 0.025833333333333337
0 0.3375 0.4345833333333334 0.01375 0.022500000000000003
0 0.276875 0.41875 0.01125 0.01916666666666667
0 0.288125 0.40625 0.00875 0.015833333333333335
0 0.3325 0.39708333333333334 0.00625 0.0125
0 0.383125 0.3916666666666667 0.00625 0.011666666666666667
0 0.446875 0.3879166666666667 0.005 0.010833333333333334
0 0.5146875 0.38875000000000004 0.005625 0.010833333333333334
0 0.57875 0.39125000000000004 0.005 0.010833333333333334
0 0.6484375 0.39416666666666667 0.006875 0.011666666666666667
0 0.7103125 0.4004166666666667 0.006875 0.0125
0 0.7740625 0.4108333333333334 0.008125 0.013333333333333334
1 0.2575 0.48750000000000004 0.0225 0.04
1 0.16375 0.4525 0.01625 0.028333333333333335
1 0.153125 0.42000000000000004 0.01 0.018333333333333333
1 0.19 0.4066666666666667 0.00875 0.015000000000000001
1 0.245625 0.3975 0.0075 0.013333333333333334
1 0.3328125 0.38958333333333334 0.005625 0.009166666666666667
1 0.42031250000000003 0.385 0.004375 0.01
1 0.519375 0.385 0.005 0.008333333333333333
1 0.5840625 0.3875 0.005625 0.008333333333333333
1 0.664375 0.39083333333333337 0.00625 0.011666666666666667
1 0.76875 0.40166666666666667 0.00875 0.013333333333333334
3 0.7353125 0.43291666666666667 0.020625 0.0425
3 0.7896875 0.4291666666666667 0.018125 0.03833333333333334
