0 0.3075 0.5829166666666667 0.043750000000000004 0.06916666666666667
0 0.5565625 0.4866666666666667 0.021875000000000002 0.03833333333333334
0 0.6840625 0.42791666666666667 0.014375 0.020833333333333336
0 0.5746875 0.41375 0.011875 0.0175
0 0.5203125 0.4033333333333334 0.008125 0.013333333333333334
0 0.525 0.39416666666666667 0.00625 0.013333333333333334
0 0.55875 0.3904166666666667 0.005 0.009166666666666667
0 0.603125 0.3854166666666667 0.005 0.010833333333333334
0 0.6615625 0.38583333333333336 0.005625 0.01
0 0.724375 0.38875000000000004 0.005 0.009166666666666667
0 0.7878125 0.3925 0.004375 0.01
1 0.5315625 0.43833333333333335 0.014375 0.025
1 0.44906250000000003 0.4191666666666667 0.011875 0.018333333333333333
1 0.419375 0.4 0.00875 0.013333333333333334
1 0.4421875 0.3916666666666667 0.006875 0.011666666666666667
1 0.48375 0.3854166666666667 0.00625 0.010833333333333334
1 0.5571875000000001 0.3825 0.005625 0.011666666666666667
1 0.635625 0.3816666666666667 0.00375 0.008333333333333333
1 0.7312500000000001 0.38625000000000004 0.005 0.009166666666666667
1 0.795 0.39 0.005 0.008333333333333333
2 0.3071875 0.4841666666666667 0.021875000000000002 0.03833333333333334
2 0.3521875 0.4391666666666667 0.015625 0.023333333333333334
2 0.19843750000000002 0.4391666666666667 0.014375 0.023333333333333334
2 0.0903125 0.4804166666666667 0.020625 0.0325
