0 0.00625 0.4420833333333334 0.0125 0.01916666666666667
0 0.0184375 0.4945833333333334 0.021875000000000002 0.035833333333333335
0 0.074375 0.4241666666666667 0.00875 0.016666666666666666
0 0.144375 0.41250000000000003 0.0075 0.016666666666666666
0 0.224375 0.405 0.00875 0.013333333333333334
0 0.20125 0.5191666666666667 0.03 0.04833333333333334
0 0.45875 0.49125 0.0275 0.04083333333333333
0 0.6084375 0.45958333333333334 0.019375 0.030833333333333334
0 0.6453125000000001 0.4416666666666667 0.015625 0.025
0 0.6390625 0.42583333333333334 0.010625 0.021666666666666667
0 0.5903125 0.4129166666666667 0.006875 0.015833333333333335
0 0.5196875 0.4041666666666667 0.006875 0.015000000000000001
0 0.45125 0.40125000000000005 0.0075 0.0125
0 0.3753125 0.4008333333333334 0.008125 0.011666666666666667
0 0.3021875 0.40125000000000005 0.005625 0.0125
1 0.0884375 0.4116666666666667 0.008125 0.013333333333333334
1 0.195 0.4004166666666667 0.0075 0.0125
1 0.31 0.3954166666666667 0.00625 0.0125
1 0.3815625 0.39375000000000004 0.006875 0.0125
1 0.4678125 0.3954166666666667 0.006875 0.0125
1 0.5784375 0.4008333333333334 0.008125 0.015000000000000001
1 0.65625 0.40750000000000003 0.01 0.018333333333333333
1 0.745625 0.42333333333333334 0.01125 0.023333333333333334
2 0.77 0.4166666666666667 0.00875 0.016666666666666666
2 0.7903125 0.41250000000000003 0.009375 0.016666666666666666
3 0.6290625 0.4441666666666667 0.023125 0.04666666666666667
3 0.5696875 0.45958333333333334 0.029375000000000002 0.05583333333333334
