3 0.1834375 0.5641666666666667 0.050625 0.10833333333333334
3 0.6759375 0.5866666666666667 0.046875 0.12166666666666667
1 0.6978125000000001 0.53625 0.030625 0.0575
1 0.77875 0.48958333333333337 0.0275 0.0475
1 0.706875 0.6991666666666667 0.06625 0.11
1 0.2715625 0.43000000000000005 0.014375 0.018333333333333333
1 0.39375 0.4516666666666667 0.0175 0.028333333333333335
1 0.1746875 0.42375 0.011875 0.0175
1 0.02875 0.42583333333333334 0.01125 0.015000000000000001
0 0.0834375 0.43833333333333335 0.013125 0.016666666666666666
0 0.1759375 0.4491666666666667 0.016875 0.025
0 0.2378125 0.47375 0.018125 0.030833333333333334
0 0.2321875 0.53 0.031875 0.04666666666666667
0 0.12 0.6354166666666667 0.055 0.0825
0 0.5778125000000001 0.46125000000000005 0.015625 0.029166666666666667
0 0.733125 0.4445833333333334 0.01625 0.020833333333333336
2 0.41625 0.43125 0.01625 0.02416666666666667
2 0.435625 0.42333333333333334 0.01 0.02
2 0.4459375 0.41458333333333336 0.006875 0.015833333333333335
2 0.45687500000000003 0.4079166666666667 0.00875 0.015833333333333335
2 0.48531250000000004 0.4079166666666667 0.008125 0.014166666666666668
2 0.51375 0.40625 0.0075 0.0125
2 0.5415625000000001 0.40708333333333335 0.006875 0.0125
2 0.551875 0.41375 0.01 0.014166666666666668
2 0.56125 0.42333333333333334 0.00875 0.016666666666666666
2 0.5684375 0.4366666666666667 0.011875 0.02
