0 0.1421875 0.6354166666666667 0.050625 0.0825
0 0.2159375 0.5054166666666667 0.021875000000000002 0.04416666666666667
0 0.6778125 0.4879166666666667 0.021875000000000002 0.03916666666666667
0 0.1696875 0.4575 0.016875 0.028333333333333335
0 0.0809375 0.4429166666666667 0.014375 0.020833333333333336
2 0.4653125 0.43750000000000006 0.011875 0.025
2 0.489375 0.4191666666666667 0.01 0.02
2 0.5015625 0.4091666666666667 0.008125 0.018333333333333333
2 0.5146875 0.40125000000000005 0.008125 0.015833333333333335
2 0.5478125 0.40125000000000005 0.006875 0.015833333333333335
2 0.58 0.40125000000000005 0.0075 0.015833333333333335
2 0.61125 0.40125000000000005 0.0075 0.015833333333333335
2 0.6265625 0.41125 0.009375 0.0175
2 0.64 0.42208333333333337 0.0125 0.020833333333333336
2 0.6531250000000001 0.44125000000000003 0.01375 0.029166666666666667
1 0.29531250000000003 0.4316666666666667 0.013125 0.023333333333333334
1 0.43125 0.46708333333333335 0.01875 0.035833333333333335
1 0.1915625 0.42375 0.011875 0.020833333333333336
1 0.040625 0.4254166666666667 0.01 0.01916666666666667
