0 0.01875 0.5700000000000001 0.03625 0.06166666666666667
0 0.34218750000000003 0.5204166666666667 0.034375 0.050833333333333335
0 0.0153125 0.42333333333333334 0.008125 0.018333333333333333
1 0.0771875 0.4091666666666667 0.008125 0.013333333333333334
0 0.105625 0.41250000000000003 0.00625 0.015000000000000001
0 0.19187500000000002 0.40750000000000003 0.00625 0.013333333333333334
1 0.20375000000000001 0.40166666666666667 0.00625 0.011666666666666667
0 0.270625 0.4054166666666667 0.00875 0.0125
0 0.3509375 0.4041666666666667 0.006875 0.013333333333333334
0 0.421875 0.4083333333333334 0.00875 0.013333333333333334
0 0.4965625 0.41625 0.009375 0.015833333333333335
0 0.54875 0.43000000000000005 0.01125 0.02
0 0.5571875000000001 0.4491666666666667 0.014375 0.02666666666666667
0 0.5171875 0.47250000000000003 0.021875000000000002 0.03333333333333333
0 0.795 0.4404166666666667 0.0075 0.020833333333333336
1 0.2784375 0.39958333333333335 0.006875 0.0125
1 0.3690625 0.39958333333333335 0.006875 0.0125
1 0.48375 0.4033333333333334 0.0075 0.013333333333333334
1 0.56375 0.4104166666666667 0.00875 0.014166666666666668
1 0.6584375 0.4254166666666667 0.010625 0.01916666666666667
1 0.779375 0.5058333333333334 0.02375 0.043333333333333335
3 0.47250000000000003 0.4758333333333334 0.03125 0.06333333333333334
3 0.5390625 0.4529166666666667 0.023125 0.04916666666666667
2 0.67875 0.41708333333333336 0.0075 0.015833333333333335
2 0.6971875 0.41250000000000003 0.008125 0.015000000000000001
2 0.7075 0.4083333333333334 0.0075 0.013333333333333334
2 0.72 0.405 0.005 0.01
2 0.7484375 0.4054166666666667 0.006875 0.0125
2 0.7740625 0.40708333333333335 0.005625 0.010833333333333334
3 0.784375 0.5258333333333334 0.03125 0.085
3 0.7903125 0.47875 0.020625 0.0625
