1 0.6646875 0.6429166666666667 0.055625 0.08583333333333334
1 0.6721875 0.5158333333333334 0.030625 0.04666666666666667
1 0.7515625 0.4779166666666667 0.020625 0.035833333333333335
1 0.38906250000000003 0.44583333333333336 0.013125 0.025
1 0.2703125 0.4291666666666667 0.010625 0.016666666666666666
1 0.17375000000000002 0.42500000000000004 0.0075 0.015000000000000001
1 0.0309375 0.42750000000000005 0.008125 0.015000000000000001
0 0.14625 0.6058333333333333 0.04125 0.07166666666666667
0 0.239375 0.5166666666666667 0.02375 0.04666666666666667
0 0.240625 0.46875000000000006 0.0125 0.029166666666666667
0 0.1775 0.4475 0.0125 0.02666666666666667
0 0.0871875 0.4395833333333334 0.008125 0.0175
0 0.5640625 0.4529166666666667 0.010625 0.025833333333333337
0 0.7146875 0.43583333333333335 0.009375 0.021666666666666667
3 0.76 0.7570833333333333 0.07875 0.17583333333333334
3 0.6428125 0.5570833333333334 0.038125 0.10250000000000001
3 0.0328125 0.6616666666666667 0.064375 0.15333333333333335
3 0.20125 0.5441666666666667 0.0425 0.09000000000000001
2 0.411875 0.43041666666666667 0.0075 0.01916666666666667
2 0.43062500000000004 0.41958333333333336 0.0075 0.0125
2 0.43875000000000003 0.41208333333333336 0.00375 0.0125
2 0.45 0.40375000000000005 0.005 0.0125
2 0.47875 0.4041666666666667 0.005 0.013333333333333334
2 0.5059375 0.40625 0.004375 0.010833333333333334
2 0.5321875 0.40375000000000005 0.003125 0.0125
2 0.5421875 0.41125 0.005625 0.0125
2 0.5503125 0.41625 0.005625 0.014166666666666668
2 0.5565625 0.43000000000000005 0.004375 0.018333333333333333
