3 0.19375 0.5487500000000001 0.04875 0.10750000000000001
0 0.2659375 0.5270833333333333 0.023125 0.04916666666666667
3 0.2971875 0.4966666666666667 0.026875 0.07166666666666667
0 0.325 0.4816666666666667 0.01625 0.03333333333333333
0 0.3165625 0.44833333333333336 0.013125 0.025
0 0.2565625 0.4320833333333334 0.010625 0.022500000000000003
0 0.1703125 0.42500000000000004 0.010625 0.02
0 0.090625 0.42458333333333337 0.01375 0.01916666666666667
1 0.004375 0.41958333333333336 0.0075 0.02416666666666667
1 0.114375 0.41750000000000004 0.01 0.015000000000000001
1 0.245625 0.41708333333333336 0.01 0.0175
1 0.335 0.42083333333333334 0.015 0.023333333333333334
1 0.4425 0.4379166666666667 0.0125 0.022500000000000003
2 0.4625 0.42333333333333334 0.01125 0.02
2 0.47750000000000004 0.41625 0.01 0.0175
2 0.48781250000000004 0.4079166666666667 0.008125 0.015833333333333335
2 0.5 0.40375000000000005 0.00875 0.0125
2 0.525625 0.40375000000000005 0.0075 0.0175
2 0.5521875 0.4033333333333334 0.008125 0.015000000000000001
2 0.576875 0.405 0.0075 0.015000000000000001
2 0.5856250000000001 0.4083333333333334 0.00625 0.02
2 0.5921875 0.41708333333333336 0.008125 0.020833333333333336
2 0.59375 0.42750000000000005 0.01125 0.016666666666666666
0 0.594375 0.44375000000000003 0.01125 0.022500000000000003
1 0.635 0.55625 0.02375 0.06416666666666668
3 0.6315625 0.5054166666666667 0.021875000000000002 0.08083333333333334
1 0.671875 0.4891666666666667 0.01625 0.043333333333333335
1 0.75625 0.4658333333333334 0.015 0.030000000000000002
0 0.7409375 0.4316666666666667 0.009375 0.02
3 0.67875 0.6083333333333334 0.05375 0.13833333333333334
