1 0.0103125 0.41958333333333336 0.008125 0.014166666666666668
1 0.1059375 0.41708333333333336 0.006875 0.0175
1 0.218125 0.4154166666666667 0.0075 0.01916666666666667
1 0.3603125 0.4241666666666667 0.008125 0.02
1 0.466875 0.4445833333333334 0.0125 0.02416666666666667
1 0.61875 0.5216666666666667 0.02125 0.04666666666666667
2 0.67625 0.47000000000000003 0.015 0.03333333333333333
2 0.71 0.4441666666666667 0.0125 0.023333333333333334
2 0.725 0.42875 0.00875 0.01916666666666667
2 0.7415625 0.41625 0.010625 0.0175
2 0.7846875 0.42000000000000004 0.010625 0.018333333333333333
0 0.30125 0.5545833333333333 0.025 0.0575
0 0.30375 0.46875000000000006 0.01625 0.0325
0 0.2340625 0.44 0.011875 0.025
0 0.155 0.43083333333333335 0.01 0.02
0 0.055625 0.43041666666666667 0.01 0.01916666666666667
