0 0.1275 0.8075000000000001 0.0525 0.07
2 0.0865625 0.5483333333333333 0.029375000000000002 0.06666666666666667
2 0.0734375 0.48458333333333337 0.016875 0.04083333333333333
2 0.060625 0.4604166666666667 0.01375 0.035833333333333335
2 0.0446875 0.4379166666666667 0.010625 0.0275
0 0.44375000000000003 0.5041666666666667 0.02625 0.043333333333333335
0 0.5703125 0.4416666666666667 0.014375 0.03166666666666667
0 0.7084375 0.4229166666666667 0.011875 0.02416666666666667
1 0.7696875 0.53625 0.030625 0.060833333333333336
1 0.758125 0.46416666666666667 0.025 0.045000000000000005
