0 0.1225 0.6837500000000001 0.0475 0.08916666666666667
0 0.5409375 0.4791666666666667 0.019375 0.03666666666666667
0 0.7015625 0.44875000000000004 0.015625 0.0275
0 0.7375 0.40750000000000003 0.00875 0.015000000000000001
0 0.691875 0.39625000000000005 0.0075 0.0125
0 0.698125 0.39 0.005 0.011666666666666667
0 0.7328125 0.3875 0.004375 0.01
0 0.7771875 0.38625000000000004 0.004375 0.009166666666666667
1 0.69375 0.4216666666666667 0.01 0.02
1 0.626875 0.4058333333333334 0.00875 0.013333333333333334
1 0.6021875 0.3925 0.006875 0.011666666666666667
1 0.6215625 0.3875 0.005625 0.01
1 0.66125 0.38333333333333336 0.00375 0.008333333333333333
2 0.36562500000000003 0.4345833333333334 0.01125 0.02416666666666667
2 0.4290625 0.41458333333333336 0.006875 0.015833333333333335
2 0.525 0.4395833333333334 0.01375 0.025833333333333337
2 0.5496875 0.41750000000000004 0.009375 0.018333333333333333
0 0.1059375 0.3891666666666667 0.010625 0.023333333333333334
1 0.1084375 0.39208333333333334 0.011875 0.02416666666666667
2 0.0125 0.3879166666666667 0.01 0.020833333333333336
2 0.15375 0.39375000000000004 0.00375 0.009166666666666667
2 0.1859375 0.39916666666666667 0.004375 0.008333333333333333
2 0.2384375 0.38833333333333336 0.003125 0.01
3 0.025937500000000002 0.42458333333333337 0.011875 0.030833333333333334
3 0.0246875 0.3825 0.010625 0.030000000000000002
3 0.1396875 0.3954166666666667 0.008125 0.01916666666666667
3 0.194375 0.3904166666666667 0.00625 0.014166666666666668
