0 0.0625 0.7379166666666667 0.08375 0.12250000000000001
0 0.2384375 0.5295833333333334 0.031875 0.060833333333333336
0 0.21281250000000002 0.46416666666666667 0.020625 0.03833333333333334
0 0.13375 0.44125000000000003 0.01875 0.029166666666666667
0 0.0484375 0.43625 0.016875 0.0275
1 0.1071875 0.42000000000000004 0.015625 0.018333333333333333
1 0.2528125 0.42250000000000004 0.015625 0.030000000000000002
1 0.3571875 0.4354166666666667 0.016875 0.029166666666666667
1 0.5015625 0.48875 0.029375000000000002 0.04916666666666667
2 0.5471875 0.44875000000000004 0.016875 0.0325
2 0.5725 0.42625 0.01375 0.029166666666666667
2 0.5884375000000001 0.41458333333333336 0.014375 0.025833333333333337
2 0.601875 0.40375000000000005 0.01 0.01916666666666667
2 0.6396875 0.40458333333333335 0.009375 0.022500000000000003
2 0.6725 0.40625 0.01375 0.02416666666666667
2 0.70875 0.4066666666666667 0.0125 0.021666666666666667
2 0.7271875 0.41708333333333336 0.013125 0.025833333333333337
2 0.7465625 0.43375 0.018125 0.029166666666666667
2 0.76625 0.4608333333333334 0.0175 0.03333333333333333
