3 0.675625 0.38125000000000003 0.005 0.0175
3 0.6815625 0.35583333333333333 0.004375 0.02
2 0.6759375 0.35875 0.005625 0.014166666666666668
2 0.708125 0.37041666666666667 0.00625 0.014166666666666668
2 0.77125 0.3775 0.00375 0.01
2 0.77625 0.3716666666666667 0.005 0.013333333333333334
0 0.7778125 0.43083333333333335 0.011875 0.02
0 0.5650000000000001 0.4604166666666667 0.0175 0.030833333333333334
0 0.2340625 0.5966666666666667 0.038125 0.07166666666666667
1 0.785 0.7070833333333334 0.03 0.0975
1 0.7934375 0.5091666666666667 0.014375 0.04833333333333334
1 0.738125 0.36625 0.00375 0.0125
0 0.7353125 0.36458333333333337 0.003125 0.015833333333333335
