0 0.038125 0.6362500000000001 0.045 0.08416666666666667
0 0.31875000000000003 0.5145833333333334 0.02 0.0475
0 0.373125 0.47375 0.01375 0.03416666666666667
0 0.3640625 0.445 0.014375 0.03166666666666667
0 0.30625 0.42833333333333334 0.0125 0.02
0 0.2240625 0.42375 0.009375 0.0125
0 0.144375 0.4216666666666667 0.01 0.016666666666666666
0 0.04875 0.42625 0.0075 0.0125
1 0.0615625 0.41750000000000004 0.006875 0.011666666666666667
1 0.166875 0.4129166666666667 0.00375 0.0125
1 0.294375 0.4129166666666667 0.00625 0.015833333333333335
1 0.3815625 0.41708333333333336 0.009375 0.015833333333333335
1 0.48531250000000004 0.43250000000000005 0.010625 0.018333333333333333
2 0.504375 0.42125 0.00625 0.015833333333333335
2 0.521875 0.41125 0.00875 0.009166666666666667
2 0.53 0.40708333333333335 0.00625 0.009166666666666667
2 0.5421875 0.40208333333333335 0.006875 0.010833333333333334
2 0.5690625 0.4033333333333334 0.005625 0.011666666666666667
2 0.594375 0.4025 0.00625 0.011666666666666667
2 0.6209375 0.40458333333333335 0.004375 0.015833333333333335
2 0.6278125 0.40875 0.004375 0.0125
2 0.635 0.41583333333333333 0.00625 0.015000000000000001
2 0.6365625 0.42833333333333334 0.009375 0.013333333333333334
0 0.63375 0.4416666666666667 0.01125 0.018333333333333333
3 0.6996875 0.5875 0.038125 0.12166666666666667
1 0.6640625 0.5470833333333334 0.015625 0.0625
3 0.665625 0.4979166666666667 0.01875 0.07916666666666668
1 0.7028125000000001 0.4841666666666667 0.015625 0.03833333333333334
0 0.78125 0.43333333333333335 0.00875 0.030000000000000002
3 0.2565625 0.5308333333333334 0.038125 0.09166666666666667
3 0.3484375 0.48375 0.024375 0.06916666666666667
