0 0.48875 0.4966666666666667 0.02 0.04166666666666667
0 0.731875 0.43875000000000003 0.0125 0.02416666666666667
0 0.6678125 0.36291666666666667 0.005625 0.014166666666666668
1 0.669375 0.36541666666666667 0.005 0.015833333333333335
2 0.6012500000000001 0.35875 0.005 0.0125
2 0.694375 0.3729166666666667 0.00375 0.009166666666666667
2 0.696875 0.37583333333333335 0.00375 0.01
2 0.7353125 0.3725 0.003125 0.008333333333333333
3 0.6996875 0.37041666666666667 0.003125 0.010833333333333334
3 0.6603125 0.37125 0.004375 0.014166666666666668
3 0.63125 0.3695833333333334 0.00375 0.010833333333333334
3 0.6025 0.38083333333333336 0.00625 0.018333333333333333
3 0.6062500000000001 0.35458333333333336 0.00625 0.015833333333333335
