3 0.11375 0.5954166666666667 0.0425 0.11583333333333334
3 0.245625 0.5116666666666667 0.03125 0.07666666666666667
3 0.630625 0.5241666666666667 0.03625 0.08666666666666667
3 0.71125 0.6704166666666667 0.06125 0.15916666666666668
1 0.06625 0.41875 0.0075 0.014166666666666668
1 0.2040625 0.41625 0.008125 0.015833333333333335
1 0.296875 0.4191666666666667 0.0075 0.016666666666666666
1 0.4096875 0.43583333333333335 0.010625 0.021666666666666667
1 0.640625 0.5891666666666667 0.035 0.07
1 0.663125 0.49583333333333335 0.02375 0.04166666666666667
1 0.7468750000000001 0.46416666666666667 0.0175 0.03166666666666667
0 0.0346875 0.4295833333333334 0.008125 0.015833333333333335
0 0.1228125 0.42875 0.006875 0.015833333333333335
0 0.21156250000000001 0.43500000000000005 0.010625 0.018333333333333333
0 0.2734375 0.4541666666666667 0.014375 0.02666666666666667
0 0.278125 0.4941666666666667 0.02 0.03833333333333334
0 0.2034375 0.56 0.029375000000000002 0.05666666666666667
0 0.574375 0.4416666666666667 0.01125 0.023333333333333334
0 0.7221875 0.42750000000000005 0.010625 0.018333333333333333
2 0.43062500000000004 0.42083333333333334 0.00875 0.018333333333333333
2 0.4478125 0.4104166666666667 0.009375 0.015833333333333335
2 0.4571875 0.4054166666666667 0.006875 0.010833333333333334
2 0.4684375 0.4 0.008125 0.011666666666666667
2 0.4965625 0.39958333333333335 0.005625 0.0125
2 0.5221875 0.3979166666666667 0.006875 0.0125
2 0.5490625 0.39875000000000005 0.005625 0.010833333333333334
2 0.55875 0.40375000000000005 0.00625 0.014166666666666668
2 0.56625 0.4116666666666667 0.00625 0.016666666666666666
2 0.5700000000000001 0.42208333333333337 0.01 0.0175
