0 0.2403125 0.6120833333333334 0.051875000000000004 0.09083333333333334
2 0.253125 0.49500000000000005 0.0325 0.05166666666666667
2 0.30593750000000003 0.4425 0.018125 0.035
2 0.145625 0.44583333333333336 0.0175 0.030000000000000002
2 0.02125 0.49125 0.0225 0.04583333333333334
0 0.5184375 0.49375 0.034375 0.05583333333333334
1 0.491875 0.43875000000000003 0.01625 0.03416666666666667
1 0.4084375 0.4191666666666667 0.013125 0.025
1 0.3796875 0.3979166666666667 0.011875 0.020833333333333336
1 0.4003125 0.38958333333333334 0.011875 0.0175
1 0.4459375 0.38708333333333333 0.010625 0.015833333333333335
0 0.6478125 0.42833333333333334 0.014375 0.02666666666666667
0 0.538125 0.41250000000000003 0.02 0.025
0 0.480625 0.4025 0.01375 0.018333333333333333
0 0.4871875 0.39208333333333334 0.015625 0.022500000000000003
0 0.521875 0.38875000000000004 0.01 0.015833333333333335
1 0.5190625 0.38 0.009375 0.016666666666666666
0 0.5646875 0.3854166666666667 0.011875 0.0175
1 0.5971875 0.37833333333333335 0.006875 0.011666666666666667
0 0.6218750000000001 0.3825 0.01125 0.01
0 0.686875 0.38625000000000004 0.0075 0.014166666666666668
1 0.6934375 0.38208333333333333 0.008125 0.014166666666666668
0 0.748125 0.3875 0.00875 0.015000000000000001
1 0.7559375 0.3866666666666667 0.008125 0.015000000000000001
0 0.788125 0.42875 0.02125 0.03416666666666667
