0 0.079375 0.7079166666666667 0.0475 0.09583333333333334
0 0.21625 0.5270833333333333 0.025 0.0475
0 0.1853125 0.4675 0.015625 0.030000000000000002
0 0.10250000000000001 0.44833333333333336 0.01125 0.021666666666666667
0 0.012812500000000001 0.445 0.011875 0.02
0 0.7496875000000001 0.515 0.024375 0.045000000000000005
1 0.07125000000000001 0.42875 0.00875 0.0175
1 0.2203125 0.4291666666666667 0.008125 0.02
1 0.3246875 0.4395833333333334 0.010625 0.020833333333333336
1 0.465625 0.4854166666666667 0.02125 0.037500000000000006
2 0.50625 0.44833333333333336 0.01375 0.02666666666666667
2 0.5337500000000001 0.42708333333333337 0.01 0.020833333333333336
2 0.5471875 0.4166666666666667 0.008125 0.016666666666666666
2 0.561875 0.40625 0.00625 0.014166666666666668
2 0.5971875 0.4066666666666667 0.008125 0.013333333333333334
2 0.630625 0.40708333333333335 0.00875 0.014166666666666668
2 0.6646875 0.40875 0.008125 0.015833333333333335
2 0.6815625 0.4179166666666667 0.009375 0.0175
2 0.698125 0.4320833333333334 0.0125 0.02416666666666667
2 0.715 0.45583333333333337 0.015 0.028333333333333335
