3 0.09125 0.6170833333333334 0.065 0.13083333333333333
3 0.2325 0.5241666666666667 0.03875 0.08666666666666667
0 0.2665625 0.5041666666666667 0.024375 0.04
0 0.2621875 0.46208333333333335 0.013125 0.029166666666666667
0 0.1871875 0.57625 0.039375 0.0625
0 0.2003125 0.44125000000000003 0.013125 0.020833333333333336
0 0.11156250000000001 0.43375 0.010625 0.01916666666666667
0 0.0221875 0.4345833333333334 0.009375 0.01916666666666667
1 0.055 0.42333333333333334 0.0075 0.013333333333333334
1 0.1940625 0.42083333333333334 0.009375 0.015000000000000001
1 0.288125 0.4254166666666667 0.01 0.0175
1 0.4025 0.4420833333333334 0.015 0.02416666666666667
2 0.4240625 0.42583333333333334 0.009375 0.018333333333333333
2 0.44125000000000003 0.4154166666666667 0.00875 0.0175
2 0.4509375 0.41000000000000003 0.008125 0.016666666666666666
2 0.46187500000000004 0.40458333333333335 0.00875 0.0175
2 0.4903125 0.4033333333333334 0.008125 0.015000000000000001
2 0.5165625 0.40375000000000005 0.008125 0.014166666666666668
2 0.5434375 0.40375000000000005 0.008125 0.014166666666666668
2 0.5525 0.40875 0.00875 0.01916666666666667
2 0.5609375 0.41458333333333336 0.006875 0.020833333333333336
2 0.5659375 0.42708333333333337 0.009375 0.020833333333333336
0 0.570625 0.44875000000000004 0.0125 0.029166666666666667
0 0.7203125 0.43333333333333335 0.011875 0.023333333333333334
1 0.7471875 0.4733333333333334 0.023125 0.03333333333333333
1 0.6640625 0.5070833333333333 0.025625000000000002 0.04416666666666667
1 0.644375 0.60875 0.043750000000000004 0.07416666666666667
3 0.6303125 0.5375000000000001 0.039375 0.09333333333333334
3 0.725 0.7037500000000001 0.085 0.17583333333333334
