0 0.295 0.55625 0.035 0.05916666666666667
0 0.30125 0.47000000000000003 0.01875 0.030000000000000002
0 0.23 0.4416666666666667 0.01125 0.023333333333333334
0 0.15156250000000002 0.43041666666666667 0.009375 0.015833333333333335
0 0.051250000000000004 0.42875 0.01125 0.0175
1 0.0078125 0.41875 0.006875 0.0175
1 0.10375000000000001 0.41375 0.00625 0.014166666666666668
1 0.2159375 0.41583333333333333 0.009375 0.015000000000000001
1 0.3584375 0.4241666666666667 0.009375 0.02
1 0.46375 0.445 0.015 0.025
1 0.6165625 0.525 0.028125 0.04833333333333334
2 0.67375 0.47125000000000006 0.0175 0.03416666666666667
2 0.7090625 0.4441666666666667 0.011875 0.025
2 0.7240625 0.43250000000000005 0.009375 0.021666666666666667
2 0.7409375 0.41875 0.008125 0.01916666666666667
2 0.7828125 0.42208333333333337 0.006875 0.015833333333333335
