1 0.07625 0.40958333333333335 0.00625 0.0125
1 0.1846875 0.39875000000000005 0.005625 0.010833333333333334
1 0.3003125 0.39333333333333337 0.006875 0.008333333333333333
1 0.3725 0.3925 0.00375 0.011666666666666667
1 0.4590625 0.39416666666666667 0.005625 0.013333333333333334
1 0.5696875 0.3983333333333334 0.006875 0.011666666666666667
1 0.6471875 0.4054166666666667 0.008125 0.014166666666666668
1 0.73875 0.42250000000000004 0.01125 0.018333333333333333
0 0.44656250000000003 0.49083333333333334 0.023125 0.04
0 0.1840625 0.5191666666666667 0.026875 0.045000000000000005
0 0.0046875 0.49583333333333335 0.009375 0.03333333333333333
0 0.061875 0.42375 0.0075 0.0175
0 0.131875 0.41125 0.005 0.0175
0 0.21281250000000002 0.4008333333333334 0.005625 0.011666666666666667
0 0.2915625 0.39875000000000005 0.004375 0.015833333333333335
0 0.3659375 0.39666666666666667 0.005625 0.015000000000000001
0 0.4425 0.39916666666666667 0.00625 0.015000000000000001
0 0.51125 0.40208333333333335 0.00625 0.014166666666666668
0 0.5821875 0.4104166666666667 0.009375 0.0175
0 0.599375 0.4575 0.0175 0.030000000000000002
0 0.6375000000000001 0.4404166666666667 0.01375 0.02416666666666667
0 0.6321875 0.4229166666666667 0.010625 0.01916666666666667
3 0.5621875000000001 0.4579166666666667 0.020625 0.05416666666666667
3 0.62 0.4429166666666667 0.01625 0.04416666666666667
2 0.760625 0.41500000000000004 0.0075 0.015000000000000001
2 0.7815625 0.41000000000000003 0.006875 0.011666666666666667
2 0.7940625 0.4091666666666667 0.004375 0.013333333333333334
