0 0.1596875 0.64875 0.039375 0.07916666666666668
0 0.4734375 0.5004166666666667 0.021875000000000002 0.04083333333333333
0 0.61 0.42583333333333334 0.015 0.023333333333333334
0 0.750625 0.42875 0.01375 0.022500000000000003
0 0.7734375 0.3916666666666667 0.004375 0.01
0 0.7065625 0.3875 0.005625 0.011666666666666667
0 0.6453125000000001 0.38375000000000004 0.004375 0.009166666666666667
0 0.5828125000000001 0.38083333333333336 0.004375 0.01
0 0.525 0.3841666666666667 0.005 0.01
0 0.49593750000000003 0.4141666666666667 0.008125 0.02
0 0.43875000000000003 0.40166666666666667 0.00625 0.013333333333333334
0 0.443125 0.3925 0.00625 0.011666666666666667
0 0.48 0.38708333333333333 0.005 0.009166666666666667
1 0.4484375 0.4420833333333334 0.013125 0.0275
1 0.361875 0.42208333333333337 0.01125 0.020833333333333336
1 0.3340625 0.40125000000000005 0.008125 0.015833333333333335
1 0.35875 0.3925 0.00625 0.011666666666666667
1 0.4025 0.3866666666666667 0.005 0.01
1 0.47781250000000003 0.3816666666666667 0.003125 0.008333333333333333
1 0.5565625 0.3795833333333334 0.004375 0.009166666666666667
1 0.6503125 0.3816666666666667 0.004375 0.008333333333333333
1 0.7128125 0.38333333333333336 0.004375 0.008333333333333333
1 0.7915625000000001 0.3891666666666667 0.004375 0.008333333333333333
2 0.19 0.5058333333333334 0.02125 0.043333333333333335
2 0.2546875 0.4479166666666667 0.015625 0.0275
2 0.0859375 0.45375000000000004 0.011875 0.02416666666666667
