0 0.4034375 0.5387500000000001 0.025625000000000002 0.04916666666666667
0 0.685 0.45375000000000004 0.015 0.0275
0 0.6090625000000001 0.36875 0.005625 0.015833333333333335
1 0.6118750000000001 0.37000000000000005 0.00625 0.015000000000000001
2 0.7803125 0.41000000000000003 0.008125 0.016666666666666666
2 0.5390625 0.36333333333333334 0.005625 0.015000000000000001
2 0.6359375 0.3825 0.004375 0.01
2 0.67375 0.3766666666666667 0.00375 0.008333333333333333
3 0.54625 0.36000000000000004 0.00875 0.018333333333333333
3 0.541875 0.38583333333333336 0.00875 0.02
3 0.5703125 0.3745833333333334 0.005625 0.009166666666666667
3 0.59875 0.3779166666666667 0.0075 0.0125
3 0.6390625 0.3745833333333334 0.004375 0.010833333333333334
