1 0.1021875 0.46708333333333335 0.016875 0.0325
1 0.254375 0.5604166666666667 0.035 0.060833333333333336
0 0.6978125000000001 0.6091666666666667 0.044375 0.07500000000000001
2 0.6065625 0.4841666666666667 0.021875000000000002 0.03666666666666667
2 0.571875 0.4441666666666667 0.015 0.028333333333333335
2 0.546875 0.42458333333333337 0.01 0.020833333333333336
2 0.52625 0.4104166666666667 0.00875 0.0175
2 0.4890625 0.40958333333333335 0.009375 0.0175
2 0.4509375 0.41125 0.009375 0.0175
2 0.4109375 0.4104166666666667 0.009375 0.0175
2 0.3746875 0.44333333333333336 0.016875 0.028333333333333335
2 0.393125 0.4241666666666667 0.0125 0.02
2 0.3346875 0.47708333333333336 0.020625 0.037500000000000006
