3 0.135 0.6183333333333334 0.06125 0.13
3 0.75625 0.66125 0.0725 0.1525
1 0.761875 0.5733333333333334 0.035 0.06166666666666667
1 0.4025 0.4604166666666667 0.0175 0.029166666666666667
1 0.275 0.4341666666666667 0.01125 0.02
1 0.1740625 0.42875 0.009375 0.0175
1 0.025937500000000002 0.43041666666666667 0.009375 0.0175
0 0.0371875 0.7279166666666668 0.068125 0.10916666666666668
0 0.208125 0.5641666666666667 0.03625 0.05666666666666667
0 0.229375 0.4891666666666667 0.01875 0.03333333333333333
0 0.16875 0.45708333333333334 0.015 0.022500000000000003
0 0.0765625 0.4454166666666667 0.013125 0.01916666666666667
0 0.605625 0.47000000000000003 0.0175 0.030000000000000002
0 0.7709375 0.4479166666666667 0.014375 0.02416666666666667
2 0.5921875 0.44 0.011875 0.023333333333333334
2 0.583125 0.42458333333333337 0.00875 0.0175
2 0.5715625 0.41625 0.006875 0.015833333333333335
2 0.56 0.4083333333333334 0.0075 0.016666666666666666
2 0.530625 0.40708333333333335 0.0075 0.014166666666666668
2 0.5021875 0.4079166666666667 0.006875 0.014166666666666668
2 0.47125 0.40750000000000003 0.00625 0.013333333333333334
2 0.4590625 0.41458333333333336 0.006875 0.015833333333333335
2 0.44875 0.4229166666666667 0.01 0.01916666666666667
2 0.42875 0.43625 0.01 0.022500000000000003
