0 0.45687500000000003 0.515 0.01875 0.04833333333333334
0 0.646875 0.4608333333333334 0.01625 0.030000000000000002
0 0.6696875 0.40708333333333335 0.008125 0.015833333333333335
0 0.7728125 0.41958333333333336 0.009375 0.020833333333333336
0 0.7615625 0.38333333333333336 0.005625 0.01
0 0.7021875 0.38333333333333336 0.004375 0.011666666666666667
0 0.6587500000000001 0.38625000000000004 0.00375 0.009166666666666667
0 0.6246875000000001 0.38833333333333336 0.005625 0.013333333333333334
0 0.619375 0.395 0.00625 0.013333333333333334
2 0.2540625 0.45083333333333336 0.010625 0.030000000000000002
2 0.333125 0.42333333333333334 0.0075 0.02
2 0.43843750000000004 0.455 0.013125 0.03333333333333333
2 0.4684375 0.42375 0.009375 0.022500000000000003
1 0.5534375 0.40958333333333335 0.008125 0.01916666666666667
1 0.6296875000000001 0.42625 0.010625 0.020833333333333336
1 0.7353125 0.3791666666666667 0.003125 0.008333333333333333
1 0.6571875 0.37875000000000003 0.003125 0.009166666666666667
1 0.5853125 0.3816666666666667 0.004375 0.01
1 0.5446875 0.3866666666666667 0.005625 0.015000000000000001
1 0.5246875 0.3925 0.006875 0.013333333333333334
2 0.13593750000000002 0.395 0.004375 0.011666666666666667
2 0.0728125 0.4079166666666667 0.004375 0.010833333333333334
2 0.0753125 0.40375000000000005 0.004375 0.010833333333333334
2 0.0409375 0.4033333333333334 0.004375 0.011666666666666667
3 0.0221875 0.40458333333333335 0.005625 0.022500000000000003
3 0.0865625 0.3979166666666667 0.005625 0.0175
