0 0.31375000000000003 0.7154166666666667 0.065 0.10916666666666668
0 0.5325 0.4916666666666667 0.0225 0.03833333333333334
0 0.6509375000000001 0.44 0.014375 0.025
0 0.7875 0.42583333333333334 0.01125 0.02
2 0.22062500000000002 0.5191666666666667 0.02375 0.04666666666666667
2 0.1953125 0.4691666666666667 0.018125 0.03166666666666667
2 0.17500000000000002 0.4466666666666667 0.01375 0.023333333333333334
2 0.155625 0.4316666666666667 0.01 0.02
2 0.1125 0.43375 0.0125 0.01916666666666667
2 0.0690625 0.43875000000000003 0.011875 0.022500000000000003
2 0.018125 0.4429166666666667 0.01125 0.022500000000000003
