0 0.0246875 0.43041666666666667 0.010625 0.01916666666666667
0 0.128125 0.4295833333333334 0.01125 0.01916666666666667
0 0.049375 0.7804166666666668 0.06125 0.11916666666666667
0 0.2896875 0.5420833333333334 0.028125 0.052500000000000005
0 0.20875 0.43875000000000003 0.0125 0.020833333333333336
0 0.283125 0.46458333333333335 0.01625 0.029166666666666667
1 0.0753125 0.4154166666666667 0.006875 0.014166666666666668
1 0.1890625 0.41458333333333336 0.009375 0.014166666666666668
1 0.3321875 0.4229166666666667 0.011875 0.0175
1 0.436875 0.44083333333333335 0.01375 0.025
1 0.5856250000000001 0.5091666666666667 0.02375 0.043333333333333335
2 0.6375000000000001 0.4633333333333334 0.01625 0.030000000000000002
2 0.6690625 0.43875000000000003 0.013125 0.02416666666666667
2 0.68375 0.42583333333333334 0.01 0.02
2 0.7003125 0.4141666666666667 0.008125 0.016666666666666666
2 0.74125 0.41708333333333336 0.0075 0.015833333333333335
2 0.7784375 0.42000000000000004 0.008125 0.015000000000000001
