0 0.5115625 0.47250000000000003 0.024375 0.035
0 0.646875 0.45 0.02 0.02666666666666667
0 0.2909375 0.48958333333333337 0.024375 0.037500000000000006
0 0.1209375 0.46958333333333335 0.019375 0.029166666666666667
0 0.0621875 0.4466666666666667 0.014375 0.021666666666666667
0 0.0896875 0.4266666666666667 0.009375 0.016666666666666666
0 0.14875 0.4133333333333334 0.0075 0.013333333333333334
0 0.21156250000000001 0.40458333333333335 0.006875 0.0125
0 0.28500000000000003 0.3975 0.005 0.011666666666666667
0 0.359375 0.395 0.005 0.011666666666666667
0 0.42875 0.395 0.005 0.011666666666666667
0 0.5021875 0.39666666666666667 0.005625 0.011666666666666667
0 0.568125 0.40166666666666667 0.005 0.011666666666666667
0 0.63625 0.41000000000000003 0.00625 0.015000000000000001
0 0.6821875000000001 0.42125 0.009375 0.01916666666666667
0 0.685 0.43625 0.0125 0.022500000000000003
1 0.048125 0.41750000000000004 0.00875 0.015000000000000001
1 0.15687500000000001 0.40208333333333335 0.0075 0.0125
1 0.2565625 0.39416666666666667 0.006875 0.011666666666666667
1 0.36625 0.3904166666666667 0.005 0.009166666666666667
1 0.434375 0.39083333333333337 0.00625 0.01
1 0.51875 0.3925 0.005 0.011666666666666667
1 0.6259375 0.39958333333333335 0.005625 0.0125
1 0.7009375 0.4066666666666667 0.008125 0.015000000000000001
1 0.7865625 0.42250000000000004 0.009375 0.018333333333333333
3 0.6115625 0.4475 0.024375 0.05
3 0.6675 0.43583333333333335 0.01875 0.04166666666666667
