0 0.2009375 0.65625 0.041875 0.0825
0 0.6246875000000001 0.47208333333333335 0.019375 0.035833333333333335
2 0.71875 0.40958333333333335 0.00875 0.0175
2 0.7703125000000001 0.4025 0.006875 0.013333333333333334
2 0.56 0.37833333333333335 0.00375 0.008333333333333333
1 0.53625 0.36833333333333335 0.01 0.016666666666666666
2 0.45687500000000003 0.36250000000000004 0.00875 0.013333333333333334
3 0.4603125 0.38708333333333333 0.009375 0.020833333333333336
3 0.4640625 0.3591666666666667 0.005625 0.018333333333333333
3 0.4925 0.37375 0.00375 0.0125
3 0.5231250000000001 0.37333333333333335 0.005 0.015000000000000001
3 0.564375 0.3725 0.00375 0.01
