0 0.37093750000000003 0.4708333333333334 0.021875000000000002 0.03833333333333334
0 0.5650000000000001 0.4604166666666667 0.0225 0.03416666666666667
0 0.6921875000000001 0.44625000000000004 0.015625 0.02416666666666667
0 0.7284375 0.43583333333333335 0.011875 0.018333333333333333
0 0.729375 0.42125 0.00875 0.015833333333333335
0 0.68625 0.41125 0.01 0.015833333333333335
0 0.620625 0.4033333333333334 0.0075 0.011666666666666667
0 0.5565625 0.3975 0.006875 0.01
0 0.485 0.39583333333333337 0.00375 0.01
0 0.4184375 0.39583333333333337 0.004375 0.01
0 0.34750000000000003 0.39416666666666667 0.00375 0.01
0 0.2790625 0.40166666666666667 0.004375 0.01
0 0.2215625 0.4079166666666667 0.005625 0.010833333333333334
0 0.1696875 0.42000000000000004 0.008125 0.013333333333333334
0 0.15125 0.43625 0.01125 0.022500000000000003
0 0.2121875 0.4541666666666667 0.014375 0.028333333333333335
1 0.0909375 0.5333333333333333 0.031875 0.04833333333333334
1 0.00625 0.48583333333333334 0.0125 0.035
1 0.012812500000000001 0.4416666666666667 0.011875 0.025
1 0.061875 0.42250000000000004 0.00875 0.018333333333333333
1 0.1284375 0.41000000000000003 0.006875 0.015000000000000001
1 0.3196875 0.3925 0.005625 0.011666666666666667
1 0.226875 0.39708333333333334 0.005 0.010833333333333334
1 0.4246875 0.39 0.005625 0.01
1 0.4915625 0.39208333333333334 0.004375 0.009166666666666667
1 0.5721875 0.39416666666666667 0.005625 0.011666666666666667
1 0.676875 0.40166666666666667 0.00875 0.011666666666666667
1 0.7515625 0.41000000000000003 0.006875 0.011666666666666667
3 0.6571875 0.44125000000000003 0.021875000000000002 0.0475
3 0.7106250000000001 0.4316666666666667 0.0175 0.04
