0 0.4471875 0.52625 0.025625000000000002 0.050833333333333335
0 0.716875 0.45 0.01625 0.030000000000000002
3 0.2759375 0.39083333333333337 0.010625 0.02666666666666667
3 0.27875 0.3566666666666667 0.0075 0.023333333333333334
2 0.27 0.36125 0.00625 0.015833333333333335
3 0.4025 0.3691666666666667 0.005 0.011666666666666667
2 0.3978125 0.37833333333333335 0.004375 0.008333333333333333
2 0.44125000000000003 0.37083333333333335 0.005 0.008333333333333333
1 0.3565625 0.36791666666666667 0.009375 0.01916666666666667
0 0.3534375 0.36583333333333334 0.008125 0.02
2 0.56875 0.4108333333333334 0.01 0.02
2 0.6225 0.3979166666666667 0.00875 0.015833333333333335
2 0.7071875 0.4216666666666667 0.013125 0.021666666666666667
2 0.7346875 0.40625 0.010625 0.0175
1 0.791875 0.3875 0.00625 0.011666666666666667
