0 0.1421875 0.6954166666666667 0.039375 0.09583333333333334
0 0.43343750000000003 0.4579166666666667 0.010625 0.030833333333333334
0 0.6121875 0.4541666666666667 0.010625 0.03166666666666667
0 0.28500000000000003 0.44083333333333335 0.01625 0.025
0 0.2228125 0.42333333333333334 0.011875 0.018333333333333333
0 0.236875 0.41000000000000003 0.0075 0.015000000000000001
0 0.2834375 0.4008333333333334 0.006875 0.011666666666666667
0 0.3365625 0.39416666666666667 0.006875 0.011666666666666667
0 0.401875 0.3916666666666667 0.005 0.011666666666666667
0 0.4715625 0.39208333333333334 0.005625 0.010833333333333334
0 0.5359375000000001 0.39458333333333334 0.005625 0.010833333333333334
0 0.6065625 0.39666666666666667 0.005625 0.011666666666666667
0 0.6684375 0.4025 0.005625 0.01
0 0.7328125 0.41208333333333336 0.004375 0.0125
0 0.77375 0.42458333333333337 0.00625 0.015833333333333335
0 0.771875 0.4354166666666667 0.0075 0.014166666666666668
0 0.733125 0.44375000000000003 0.0075 0.02416666666666667
1 0.19062500000000002 0.5033333333333334 0.02 0.043333333333333335
1 0.0984375 0.4633333333333334 0.013125 0.030000000000000002
1 0.0934375 0.42708333333333337 0.006875 0.0175
1 0.13625 0.4129166666666667 0.01 0.020833333333333336
1 0.194375 0.40208333333333335 0.00625 0.0175
1 0.2859375 0.39333333333333337 0.006875 0.015000000000000001
1 0.3746875 0.38875000000000004 0.006875 0.0125
1 0.476875 0.3891666666666667 0.005 0.01
1 0.540625 0.3904166666666667 0.0075 0.010833333333333334
1 0.6221875 0.395 0.005625 0.01
1 0.7262500000000001 0.4029166666666667 0.0075 0.010833333333333334
1 0.7978125 0.4129166666666667 0.004375 0.0125
3 0.6996875 0.4395833333333334 0.019375 0.04416666666666667
3 0.7525000000000001 0.4316666666666667 0.01125 0.045000000000000005
