0 0.230625 0.5304166666666666 0.0225 0.04916666666666667
0 0.2053125 0.46458333333333335 0.016875 0.029166666666666667
0 0.1253125 0.4420833333333334 0.009375 0.022500000000000003
0 0.039375 0.43750000000000006 0.0075 0.018333333333333333
0 0.061875 0.72875 0.043750000000000004 0.10416666666666667
0 0.7928125 0.53 0.014375 0.05166666666666667
1 0.49375 0.4879166666666667 0.02 0.04083333333333333
1 0.3509375 0.43625 0.011875 0.02416666666666667
1 0.2459375 0.42375 0.010625 0.020833333333333336
1 0.0984375 0.4216666666666667 0.008125 0.016666666666666666
2 0.5365625 0.4475 0.013125 0.025
2 0.5646875 0.42625 0.010625 0.02416666666666667
2 0.5796875 0.41375 0.008125 0.01916666666666667
2 0.5940625 0.40375000000000005 0.006875 0.014166666666666668
2 0.6309375 0.4058333333333334 0.006875 0.015000000000000001
2 0.665625 0.40458333333333335 0.0075 0.015833333333333335
2 0.70125 0.40625 0.0075 0.014166666666666668
2 0.7178125 0.41875 0.008125 0.0175
2 0.735625 0.43333333333333335 0.01125 0.021666666666666667
2 0.7553125 0.46 0.016875 0.030000000000000002
