3 0.0209375 0.75 0.041875 0.15666666666666668
2 0.4659375 0.4366666666666667 0.011875 0.023333333333333334
2 0.4890625 0.42000000000000004 0.008125 0.018333333333333333
2 0.5003125 0.40958333333333335 0.005625 0.014166666666666668
2 0.513125 0.40166666666666667 0.0075 0.013333333333333334
2 0.5471875 0.40125000000000005 0.006875 0.0125
2 0.578125 0.4008333333333334 0.0075 0.013333333333333334
2 0.6090625000000001 0.40125000000000005 0.005625 0.014166666666666668
2 0.6234375 0.41125 0.006875 0.015833333333333335
2 0.6375000000000001 0.42250000000000004 0.00875 0.02
2 0.650625 0.4420833333333334 0.01 0.025833333333333337
0 0.6734375 0.4841666666666667 0.016875 0.04
0 0.1534375 0.6258333333333334 0.035625000000000004 0.07500000000000001
0 0.2209375 0.5008333333333334 0.019375 0.04
0 0.1728125 0.45708333333333334 0.014375 0.029166666666666667
0 0.0828125 0.4425 0.010625 0.02
1 0.043125000000000004 0.42500000000000004 0.00875 0.016666666666666666
1 0.1925 0.4241666666666667 0.00875 0.016666666666666666
1 0.29625 0.4320833333333334 0.01125 0.020833333333333336
1 0.43093750000000003 0.46625000000000005 0.016875 0.0325
