2 0.46468750000000003 0.44 0.011875 0.025
2 0.48625 0.42208333333333337 0.01125 0.022500000000000003
2 0.5003125 0.4116666666666667 0.009375 0.018333333333333333
2 0.51125 0.4041666666666667 0.00625 0.015000000000000001
2 0.5440625 0.40458333333333335 0.009375 0.014166666666666668
2 0.5750000000000001 0.40375000000000005 0.0075 0.014166666666666668
2 0.6062500000000001 0.405 0.00625 0.015000000000000001
2 0.620625 0.4141666666666667 0.00625 0.016666666666666666
2 0.6346875 0.4229166666666667 0.008125 0.0175
2 0.64625 0.4425 0.0075 0.025
2 0.043437500000000004 0.7154166666666667 0.084375 0.17583333333333334
0 0.1709375 0.615 0.044375 0.07333333333333333
0 0.229375 0.5008333333333334 0.02375 0.04
0 0.1790625 0.45833333333333337 0.015625 0.028333333333333335
0 0.08750000000000001 0.445 0.0125 0.02
0 0.6684375 0.4841666666666667 0.019375 0.03666666666666667
1 0.43375 0.4658333333333334 0.0225 0.03333333333333333
1 0.299375 0.43375 0.01125 0.022500000000000003
1 0.195625 0.42583333333333334 0.01 0.016666666666666666
1 0.0471875 0.42708333333333337 0.011875 0.0175
