1 0.0921875 0.59875 0.044375 0.06916666666666667
0 0.57375 0.6195833333333334 0.0475 0.07916666666666668
0 0.7621875 0.48375 0.020625 0.035833333333333335
2 0.4784375 0.4854166666666667 0.021875000000000002 0.037500000000000006
2 0.444375 0.4454166666666667 0.0125 0.0275
2 0.4234375 0.4254166666666667 0.013125 0.022500000000000003
2 0.4015625 0.4133333333333334 0.006875 0.015000000000000001
2 0.3640625 0.4133333333333334 0.008125 0.02
2 0.3259375 0.41500000000000004 0.009375 0.02
2 0.28375 0.41750000000000004 0.00875 0.018333333333333333
2 0.263125 0.43333333333333335 0.01125 0.021666666666666667
2 0.2425 0.4525 0.0175 0.028333333333333335
2 0.1934375 0.4945833333333334 0.021875000000000002 0.04083333333333333
