0 0.2553125 0.6066666666666667 0.048125 0.07666666666666667
0 0.52625 0.49250000000000005 0.02375 0.04166666666666667
0 0.6584375 0.42708333333333337 0.015625 0.022500000000000003
0 0.7946875 0.43083333333333335 0.010625 0.023333333333333334
0 0.5453125 0.4133333333333334 0.009375 0.018333333333333333
0 0.49062500000000003 0.40166666666666667 0.01 0.015000000000000001
0 0.4953125 0.3925 0.005625 0.013333333333333334
0 0.53 0.3891666666666667 0.00625 0.01
0 0.5740625 0.38583333333333336 0.005625 0.01
0 0.631875 0.38458333333333333 0.005 0.009166666666666667
0 0.6950000000000001 0.3866666666666667 0.005 0.008333333333333333
0 0.7575000000000001 0.39125000000000004 0.005 0.009166666666666667
1 0.5009375 0.43875000000000003 0.014375 0.0275
1 0.416875 0.42000000000000004 0.01375 0.02
1 0.388125 0.39958333333333335 0.0075 0.014166666666666668
1 0.41125 0.39208333333333334 0.0075 0.0125
1 0.45375 0.3854166666666667 0.005 0.010833333333333334
1 0.5278125 0.38125000000000003 0.005625 0.009166666666666667
1 0.6071875 0.38208333333333333 0.005625 0.010833333333333334
1 0.7009375 0.38458333333333333 0.004375 0.009166666666666667
1 0.764375 0.3891666666666667 0.005 0.01
2 0.2640625 0.49125 0.023125 0.04083333333333333
2 0.31625000000000003 0.4416666666666667 0.01625 0.02666666666666667
2 0.1575 0.4429166666666667 0.01375 0.025833333333333337
2 0.0371875 0.48833333333333334 0.024375 0.03666666666666667
