0 0.0240625 0.7562500000000001 0.046875 0.11750000000000001
0 0.5190625 0.48500000000000004 0.024375 0.03833333333333334
0 0.75125 0.4391666666666667 0.0175 0.025
0 0.693125 0.36750000000000005 0.00625 0.018333333333333333
1 0.6950000000000001 0.36750000000000005 0.00875 0.018333333333333333
2 0.7625000000000001 0.3766666666666667 0.005 0.01
2 0.7240625 0.38083333333333336 0.004375 0.008333333333333333
2 0.7221875 0.3775 0.003125 0.01
3 0.726875 0.3720833333333334 0.00625 0.0125
3 0.658125 0.37083333333333335 0.00625 0.013333333333333334
3 0.6875 0.37375 0.0075 0.014166666666666668
3 0.63375 0.35583333333333333 0.0075 0.02
3 0.630625 0.3829166666666667 0.00875 0.020833333333333336
2 0.62875 0.36041666666666666 0.00875 0.014166666666666668
