0 0.5228125 0.5054166666666667 0.029375000000000002 0.04416666666666667
0 0.76375 0.4529166666666667 0.01875 0.0275
0 0.4246875 0.3716666666666667 0.008125 0.018333333333333333
1 0.4284375 0.3729166666666667 0.006875 0.0175
2 0.6271875 0.41750000000000004 0.010625 0.018333333333333333
2 0.67875 0.40708333333333335 0.0075 0.015833333333333335
2 0.758125 0.4295833333333334 0.0125 0.020833333333333336
2 0.78625 0.41500000000000004 0.01125 0.018333333333333333
2 0.344375 0.3666666666666667 0.0075 0.015000000000000001
2 0.5015625 0.3779166666666667 0.004375 0.010833333333333334
2 0.46125 0.3841666666666667 0.005 0.008333333333333333
2 0.4596875 0.3816666666666667 0.004375 0.008333333333333333
3 0.3490625 0.395 0.009375 0.025
3 0.3525 0.36250000000000004 0.0075 0.021666666666666667
3 0.3884375 0.37875000000000003 0.005625 0.014166666666666668
3 0.464375 0.3766666666666667 0.00625 0.011666666666666667
