0 0.0696875 0.6979166666666667 0.064375 0.10250000000000001
0 0.42562500000000003 0.5108333333333334 0.02625 0.04666666666666667
0 0.5684375 0.4266666666666667 0.016875 0.025
0 0.7090625 0.42833333333333334 0.015625 0.023333333333333334
0 0.45125 0.41458333333333336 0.0125 0.01916666666666667
0 0.39437500000000003 0.4029166666666667 0.00875 0.015833333333333335
0 0.4 0.39416666666666667 0.0075 0.013333333333333334
0 0.436875 0.38708333333333333 0.00625 0.010833333333333334
0 0.48125 0.38375000000000004 0.00625 0.010833333333333334
0 0.54 0.38125000000000003 0.00625 0.010833333333333334
0 0.6028125 0.3825 0.004375 0.008333333333333333
0 0.6637500000000001 0.3854166666666667 0.005 0.010833333333333334
0 0.729375 0.39 0.00625 0.011666666666666667
0 0.788125 0.39583333333333337 0.00625 0.011666666666666667
1 0.785 0.5104166666666667 0.02875 0.04916666666666667
1 0.4015625 0.4445833333333334 0.015625 0.030833333333333334
1 0.3134375 0.42500000000000004 0.014375 0.021666666666666667
1 0.2865625 0.4025 0.010625 0.016666666666666666
1 0.3125 0.3929166666666667 0.0075 0.014166666666666668
1 0.3575 0.3854166666666667 0.005 0.010833333333333334
1 0.434375 0.38083333333333336 0.00375 0.008333333333333333
1 0.514375 0.3791666666666667 0.005 0.01
1 0.6084375 0.3791666666666667 0.004375 0.01
1 0.669375 0.38083333333333336 0.00375 0.01
1 0.7471875 0.3866666666666667 0.005625 0.011666666666666667
2 0.1234375 0.5208333333333334 0.026875 0.04833333333333334
2 0.021875000000000002 0.46208333333333335 0.015 0.0275
2 0.19843750000000002 0.4554166666666667 0.016875 0.029166666666666667
3 0.7875 0.4191666666666667 0.0175 0.035
