0 0.2084375 0.6062500000000001 0.040625 0.07416666666666667
0 0.556875 0.4604166666666667 0.01875 0.037500000000000006
0 0.77 0.42875 0.01375 0.02416666666666667
1 0.7887500000000001 0.5079166666666667 0.02125 0.0575
3 0.7671875 0.36833333333333335 0.005625 0.018333333333333333
2 0.7603125000000001 0.3754166666666667 0.008125 0.0125
1 0.7303125 0.3641666666666667 0.008125 0.016666666666666666
3 0.6984375 0.36875 0.008125 0.014166666666666668
3 0.6715625000000001 0.35208333333333336 0.006875 0.022500000000000003
2 0.6653125 0.35750000000000004 0.005625 0.015000000000000001
3 0.668125 0.3766666666666667 0.00875 0.023333333333333334
