2 0.2525 0.48583333333333334 0.02 0.03833333333333334
2 0.29875 0.4470833333333334 0.0125 0.02416666666666667
2 0.318125 0.4295833333333334 0.01125 0.01916666666666667
2 0.33718750000000003 0.4141666666666667 0.009375 0.016666666666666666
2 0.3784375 0.4129166666666667 0.008125 0.015833333333333335
2 0.4159375 0.41208333333333336 0.008125 0.015833333333333335
2 0.45406250000000004 0.4116666666666667 0.009375 0.016666666666666666
2 0.47500000000000003 0.42583333333333334 0.01125 0.021666666666666667
2 0.498125 0.4445833333333334 0.015 0.025833333333333337
2 0.531875 0.48500000000000004 0.02 0.03833333333333334
0 0.62625 0.6125 0.03625 0.07166666666666667
1 0.1628125 0.57875 0.031875 0.0625
1 0.010625 0.48208333333333336 0.01625 0.030833333333333334
