2 0.0096875 0.44583333333333336 0.010625 0.021666666666666667
2 0.058750000000000004 0.4404166666666667 0.0125 0.020833333333333336
2 0.10375000000000001 0.4366666666666667 0.0125 0.02
2 0.1471875 0.4316666666666667 0.011875 0.021666666666666667
2 0.165625 0.4466666666666667 0.01375 0.025
2 0.185625 0.46958333333333335 0.0175 0.03416666666666667
2 0.2103125 0.52125 0.025625000000000002 0.04583333333333334
0 0.3 0.7250000000000001 0.0575 0.11
0 0.5259375000000001 0.4920833333333334 0.023125 0.03916666666666667
0 0.6440625 0.4425 0.014375 0.025
0 0.78 0.42791666666666667 0.0125 0.020833333333333336
