0 0.5546875 0.6220833333333333 0.048125 0.07916666666666668
0 0.7418750000000001 0.48333333333333334 0.02375 0.03833333333333334
1 0.064375 0.60375 0.045 0.07083333333333333
2 0.1703125 0.4966666666666667 0.024375 0.04
2 0.22187500000000002 0.45375000000000004 0.01625 0.0275
2 0.2425 0.4341666666666667 0.0125 0.021666666666666667
2 0.2634375 0.41708333333333336 0.009375 0.0175
2 0.305625 0.41583333333333333 0.01 0.018333333333333333
2 0.3440625 0.41375 0.009375 0.01916666666666667
2 0.3828125 0.4116666666666667 0.009375 0.018333333333333333
2 0.40375 0.4266666666666667 0.0125 0.021666666666666667
2 0.4253125 0.4454166666666667 0.014375 0.0275
2 0.4596875 0.48625 0.021875000000000002 0.03916666666666667
