0 0.14250000000000002 0.6566666666666667 0.043750000000000004 0.08166666666666667
0 0.54125 0.46708333333333335 0.0175 0.035833333333333335
0 0.7615625 0.43000000000000005 0.013125 0.025
1 0.7925 0.5216666666666667 0.01375 0.05
1 0.714375 0.36208333333333337 0.00375 0.015833333333333335
0 0.71125 0.36125 0.00375 0.015833333333333335
2 0.6490625 0.35625 0.005625 0.0125
2 0.7434375 0.3754166666666667 0.003125 0.009166666666666667
2 0.7840625 0.37083333333333335 0.003125 0.01
3 0.7484375 0.36833333333333335 0.004375 0.015000000000000001
3 0.6809375 0.36750000000000005 0.004375 0.015000000000000001
3 0.6503125 0.3766666666666667 0.004375 0.018333333333333333
3 0.654375 0.3529166666666667 0.005 0.0175
