0 0.10875 0.60875 0.0475 0.07250000000000001
0 0.36125 0.5041666666666667 0.0275 0.04166666666666667
0 0.41125 0.46708333333333335 0.02 0.0325
0 0.40375 0.4404166666666667 0.01375 0.022500000000000003
0 0.6703125 0.4391666666666667 0.011875 0.021666666666666667
0 0.3465625 0.4241666666666667 0.011875 0.018333333333333333
0 0.2653125 0.4166666666666667 0.006875 0.016666666666666666
0 0.1878125 0.41708333333333336 0.009375 0.014166666666666668
0 0.096875 0.42000000000000004 0.0075 0.013333333333333334
0 0.004375 0.4266666666666667 0.0075 0.015000000000000001
1 0.0228125 0.41583333333333333 0.008125 0.013333333333333334
1 0.11 0.41125 0.0075 0.014166666666666668
1 0.210625 0.40875 0.0075 0.0125
1 0.3340625 0.40958333333333335 0.006875 0.014166666666666668
1 0.419375 0.4141666666666667 0.00875 0.016666666666666666
1 0.5225 0.4295833333333334 0.0125 0.01916666666666667
1 0.6890625 0.5354166666666667 0.029375000000000002 0.05416666666666667
1 0.7340625000000001 0.4808333333333334 0.024375 0.035
3 0.304375 0.5179166666666667 0.0425 0.08416666666666667
3 0.38875 0.4758333333333334 0.03 0.06333333333333334
3 0.7171875 0.5729166666666667 0.051875000000000004 0.11416666666666668
3 0.69125 0.49583333333333335 0.03125 0.07
2 0.5415625000000001 0.4191666666666667 0.008125 0.015000000000000001
2 0.5593750000000001 0.4108333333333334 0.0075 0.015000000000000001
2 0.5684375 0.4066666666666667 0.005625 0.013333333333333334
2 0.58 0.4 0.0075 0.013333333333333334
2 0.6071875 0.40166666666666667 0.005625 0.013333333333333334
2 0.6325000000000001 0.40208333333333335 0.0075 0.0125
2 0.658125 0.4033333333333334 0.00625 0.011666666666666667
2 0.6659375 0.4091666666666667 0.006875 0.013333333333333334
2 0.67125 0.4133333333333334 0.00875 0.015000000000000001
2 0.671875 0.42375 0.00875 0.015833333333333335
