0 0.128125 0.6316666666666667 0.0425 0.07500000000000001
3 0.19187500000000002 0.5625 0.0325 0.10833333333333334
0 0.2371875 0.5325000000000001 0.015625 0.05333333333333334
0 0.243125 0.4779166666666667 0.0125 0.029166666666666667
0 0.179375 0.45208333333333334 0.00875 0.020833333333333336
0 0.0871875 0.44333333333333336 0.013125 0.02
1 0.0309375 0.43041666666666667 0.009375 0.015833333333333335
1 0.176875 0.42875 0.0075 0.01916666666666667
1 0.274375 0.4345833333333334 0.00875 0.022500000000000003
1 0.3953125 0.4541666666666667 0.011875 0.025
2 0.4175 0.4341666666666667 0.01125 0.016666666666666666
2 0.4365625 0.42458333333333337 0.009375 0.01916666666666667
2 0.44625000000000004 0.41625 0.005 0.014166666666666668
2 0.45687500000000003 0.4104166666666667 0.00875 0.014166666666666668
2 0.4865625 0.4079166666666667 0.006875 0.014166666666666668
2 0.514375 0.40958333333333335 0.00625 0.014166666666666668
2 0.5415625000000001 0.40875 0.009375 0.014166666666666668
2 0.5534375 0.4166666666666667 0.009375 0.015000000000000001
2 0.561875 0.42125 0.00875 0.015833333333333335
2 0.5696875 0.4366666666666667 0.008125 0.021666666666666667
0 0.5790625 0.4591666666666667 0.014375 0.03166666666666667
0 0.7328125 0.4404166666666667 0.014375 0.022500000000000003
1 0.709375 0.6858333333333334 0.043750000000000004 0.09666666666666668
3 0.67375 0.5795833333333333 0.0325 0.11583333333333334
1 0.6971875 0.5308333333333334 0.016875 0.05333333333333334
1 0.7759375000000001 0.48750000000000004 0.018125 0.04
