0 0.464375 0.5095833333333334 0.03 0.0475
0 0.6496875 0.46 0.019375 0.03333333333333333
0 0.776875 0.42125 0.01375 0.01916666666666667
0 0.675625 0.40708333333333335 0.01 0.0175
0 0.6259375 0.39708333333333334 0.008125 0.014166666666666668
0 0.6303125 0.38875000000000004 0.005625 0.010833333333333334
0 0.6640625 0.385 0.005625 0.01
0 0.708125 0.38375000000000004 0.00625 0.010833333333333334
0 0.766875 0.3841666666666667 0.005 0.01
1 0.63375 0.42458333333333337 0.01375 0.02416666666666667
1 0.56 0.40875 0.01125 0.01916666666666667
1 0.53125 0.3929166666666667 0.0075 0.014166666666666668
1 0.551875 0.38583333333333336 0.00625 0.013333333333333334
1 0.5915625 0.3829166666666667 0.005625 0.010833333333333334
1 0.6634375 0.3804166666666667 0.004375 0.009166666666666667
1 0.7425 0.3804166666666667 0.005 0.009166666666666667
2 0.446875 0.45333333333333337 0.0175 0.03166666666666667
2 0.476875 0.42333333333333334 0.0125 0.021666666666666667
2 0.34375 0.42083333333333334 0.0125 0.02
2 0.2659375 0.4479166666666667 0.016875 0.0275
2 0.1459375 0.39416666666666667 0.005625 0.011666666666666667
2 0.0521875 0.40208333333333335 0.005625 0.010833333333333334
2 0.0834375 0.40875 0.005625 0.010833333333333334
2 0.08625000000000001 0.40458333333333335 0.00625 0.0125
3 0.0975 0.3954166666666667 0.0075 0.0175
3 0.0346875 0.40458333333333335 0.009375 0.020833333333333336
