0 0.4915625 0.5145833333333334 0.030625 0.04583333333333334
0 0.739375 0.4554166666666667 0.02125 0.029166666666666667
2 0.76 0.4166666666666667 0.01 0.016666666666666666
2 0.7328125 0.43083333333333335 0.013125 0.021666666666666667
2 0.6521875 0.4066666666666667 0.009375 0.018333333333333333
2 0.599375 0.41708333333333336 0.01375 0.022500000000000003
2 0.4325 0.38375000000000004 0.005 0.0125
2 0.429375 0.3816666666666667 0.005 0.01
2 0.473125 0.3795833333333334 0.00625 0.009166666666666667
3 0.43593750000000003 0.375 0.006875 0.015000000000000001
1 0.3965625 0.3741666666666667 0.009375 0.02
0 0.3928125 0.3741666666666667 0.009375 0.025
3 0.3590625 0.3795833333333334 0.005625 0.014166666666666668
3 0.319375 0.36291666666666667 0.00875 0.02416666666666667
2 0.31125 0.36750000000000005 0.00875 0.016666666666666666
3 0.3165625 0.39583333333333337 0.011875 0.02666666666666667
