3 0.55125 0.4575 0.02625 0.055
3 0.6103125 0.4420833333333334 0.019375 0.0475
2 0.7515625 0.41458333333333336 0.006875 0.015833333333333335
2 0.7715625 0.4104166666666667 0.008125 0.014166666666666668
2 0.7840625 0.40708333333333335 0.008125 0.014166666666666668
2 0.7978125 0.4041666666666667 0.004375 0.01
1 0.0640625 0.40958333333333335 0.008125 0.010833333333333334
1 0.1734375 0.39875000000000005 0.005625 0.009166666666666667
1 0.29 0.3925 0.00625 0.01
1 0.361875 0.39125000000000004 0.005 0.010833333333333334
1 0.44906250000000003 0.39333333333333337 0.004375 0.011666666666666667
1 0.56 0.3983333333333334 0.005 0.013333333333333334
1 0.6378125 0.4066666666666667 0.008125 0.015000000000000001
1 0.7284375 0.42333333333333334 0.009375 0.018333333333333333
0 0.0490625 0.4229166666666667 0.009375 0.015833333333333335
0 0.1203125 0.4108333333333334 0.008125 0.013333333333333334
0 0.20125 0.40166666666666667 0.00625 0.013333333333333334
0 0.2815625 0.3983333333333334 0.005625 0.011666666666666667
0 0.355 0.3975 0.00625 0.011666666666666667
0 0.4321875 0.3983333333333334 0.005625 0.011666666666666667
0 0.500625 0.40166666666666667 0.00625 0.013333333333333334
0 0.5715625 0.41000000000000003 0.006875 0.015000000000000001
0 0.6221875 0.42375 0.008125 0.0175
0 0.6278125 0.4404166666666667 0.013125 0.02416666666666667
0 0.59 0.45833333333333337 0.01625 0.030000000000000002
0 0.435625 0.4920833333333334 0.0225 0.04083333333333333
0 0.1690625 0.5216666666666667 0.025625000000000002 0.045000000000000005
