2 0.0978125 0.5441666666666667 0.026875 0.05
2 0.084375 0.4808333333333334 0.0175 0.03166666666666667
2 0.0059375 0.44333333333333336 0.008125 0.02
2 0.0546875 0.43833333333333335 0.010625 0.02
2 0.069375 0.4554166666666667 0.01375 0.02416666666666667
0 0.1509375 0.805 0.048125 0.07666666666666667
0 0.45156250000000003 0.5020833333333333 0.020625 0.03916666666666667
0 0.5771875 0.4420833333333334 0.013125 0.02416666666666667
0 0.7140625 0.4241666666666667 0.010625 0.02
1 0.7621875 0.4658333333333334 0.018125 0.03166666666666667
1 0.7715625 0.5320833333333334 0.028125 0.050833333333333335
