0 0.371875 0.6787500000000001 0.03625 0.09416666666666668
0 0.5765625 0.4854166666666667 0.015625 0.037500000000000006
0 0.6921875000000001 0.4391666666666667 0.010625 0.02666666666666667
2 0.27468750000000003 0.50875 0.020625 0.04416666666666667
2 0.24656250000000002 0.46208333333333335 0.016875 0.030833333333333334
2 0.2259375 0.4395833333333334 0.010625 0.022500000000000003
2 0.205625 0.42625 0.00875 0.01916666666666667
2 0.16375 0.43000000000000005 0.01 0.018333333333333333
2 0.1215625 0.43291666666666667 0.009375 0.0175
2 0.0740625 0.43750000000000006 0.010625 0.02
2 0.0459375 0.45708333333333334 0.011875 0.02416666666666667
2 0.014687500000000001 0.48333333333333334 0.016875 0.03166666666666667
