0 0.0578125 0.7620833333333333 0.073125 0.12250000000000001
0 0.26125 0.5341666666666667 0.02875 0.05333333333333334
0 0.24625 0.46416666666666667 0.01875 0.03166666666666667
0 0.169375 0.44125000000000003 0.015 0.020833333333333336
0 0.0853125 0.43375 0.011875 0.01916666666666667
1 0.02875 0.42125 0.00875 0.0175
1 0.1459375 0.41750000000000004 0.010625 0.016666666666666666
1 0.290625 0.42333333333333334 0.0125 0.018333333333333333
1 0.3953125 0.43833333333333335 0.015625 0.023333333333333334
1 0.540625 0.49875 0.02625 0.0425
2 0.588125 0.455 0.01875 0.028333333333333335
2 0.61875 0.43083333333333335 0.01375 0.023333333333333334
2 0.6334375 0.41833333333333333 0.009375 0.018333333333333333
2 0.64875 0.4083333333333334 0.00875 0.018333333333333333
2 0.6875 0.40958333333333335 0.01 0.0175
2 0.72375 0.41125 0.00875 0.0175
2 0.76125 0.4129166666666667 0.00875 0.0175
2 0.7809375000000001 0.4254166666666667 0.013125 0.020833333333333336
2 0.7965625000000001 0.4425 0.006875 0.023333333333333334
