0 0.4559375 0.6441666666666667 0.063125 0.09666666666666668
2 0.36375 0.4920833333333334 0.0325 0.050833333333333335
2 0.32937500000000003 0.45 0.02 0.03166666666666667
2 0.3075 0.43083333333333335 0.01625 0.03166666666666667
2 0.28750000000000003 0.41708333333333336 0.00875 0.02416666666666667
2 0.2475 0.41958333333333336 0.0125 0.01916666666666667
2 0.2071875 0.42125 0.015625 0.022500000000000003
2 0.163125 0.42750000000000005 0.01375 0.021666666666666667
2 0.1384375 0.44333333333333336 0.016875 0.030000000000000002
2 0.1140625 0.4679166666666667 0.018125 0.0325
2 0.053125 0.51625 0.0275 0.05916666666666667
0 0.646875 0.48125 0.02 0.04583333333333334
0 0.766875 0.4420833333333334 0.01625 0.030833333333333334
