0 0.4303125 0.5320833333333334 0.028125 0.052500000000000005
0 0.7065625 0.4491666666666667 0.016875 0.030000000000000002
0 0.3375 0.3666666666666667 0.00625 0.025
1 0.34218750000000003 0.3666666666666667 0.010625 0.021666666666666667
1 0.779375 0.38458333333333333 0.0075 0.0125
2 0.5571875000000001 0.4108333333333334 0.010625 0.02
2 0.6109375 0.39666666666666667 0.008125 0.015000000000000001
2 0.6971875 0.42208333333333337 0.011875 0.022500000000000003
2 0.723125 0.4041666666666667 0.01 0.016666666666666666
2 0.3846875 0.37625000000000003 0.005625 0.010833333333333334
2 0.4290625 0.36791666666666667 0.004375 0.009166666666666667
2 0.254375 0.3616666666666667 0.00875 0.016666666666666666
3 0.2634375 0.35708333333333336 0.010625 0.02416666666666667
3 0.26125 0.39125000000000004 0.01 0.025833333333333337
3 0.3896875 0.36833333333333335 0.006875 0.013333333333333334
2 0.35375 0.3725 0.00375 0.01
