2 0.669375 0.40458333333333335 0.0075 0.022500000000000003
2 0.7221875 0.39666666666666667 0.006875 0.016666666666666666
2 0.796875 0.42000000000000004 0.00625 0.021666666666666667
2 0.5071875 0.375 0.004375 0.011666666666666667
2 0.5478125 0.3670833333333334 0.001875 0.010833333333333334
2 0.4375 0.36750000000000005 0.00625 0.01
2 0.3975 0.3566666666666667 0.00625 0.015000000000000001
3 0.405625 0.3529166666666667 0.00625 0.022500000000000003
3 0.40125 0.38208333333333333 0.00625 0.022500000000000003
3 0.4690625 0.3691666666666667 0.005625 0.015000000000000001
3 0.5121875 0.3666666666666667 0.003125 0.008333333333333333
0 0.573125 0.47958333333333336 0.0225 0.03916666666666667
0 0.476875 0.35750000000000004 0.00625 0.018333333333333333
1 0.480625 0.3616666666666667 0.0075 0.016666666666666666
