2 0.0271875 0.40625 0.005625 0.010833333333333334
2 0.0584375 0.41125 0.005625 0.010833333333333334
2 0.0621875 0.40625 0.003125 0.010833333333333334
2 0.124375 0.39666666666666667 0.005 0.01
2 0.240625 0.4541666666666667 0.01625 0.028333333333333335
2 0.3221875 0.42375 0.008125 0.01916666666666667
2 0.4278125 0.45833333333333337 0.018125 0.03166666666666667
2 0.45937500000000003 0.4241666666666667 0.01125 0.023333333333333334
3 0.0078125 0.40750000000000003 0.009375 0.021666666666666667
3 0.0734375 0.3983333333333334 0.008125 0.016666666666666666
0 0.444375 0.5195833333333334 0.025 0.04916666666666667
0 0.6403125000000001 0.4629166666666667 0.016875 0.0325
0 0.7659375 0.41875 0.010625 0.01916666666666667
0 0.6625 0.4066666666666667 0.01 0.018333333333333333
0 0.6115625 0.39666666666666667 0.004375 0.013333333333333334
0 0.6153125 0.38833333333333336 0.005625 0.011666666666666667
0 0.6496875 0.3841666666666667 0.004375 0.008333333333333333
0 0.69375 0.3816666666666667 0.00375 0.011666666666666667
0 0.7528125 0.3825 0.005625 0.011666666666666667
1 0.62125 0.4254166666666667 0.0125 0.022500000000000003
1 0.545 0.40875 0.01125 0.0175
1 0.5159375 0.3916666666666667 0.006875 0.015000000000000001
1 0.5359375000000001 0.38583333333333336 0.006875 0.011666666666666667
1 0.57625 0.38125000000000003 0.005 0.010833333333333334
1 0.6484375 0.37875000000000003 0.004375 0.009166666666666667
1 0.7271875 0.3791666666666667 0.004375 0.01
