0 0.4034375 0.6629166666666667 0.038125 0.08916666666666667
0 0.6021875 0.4854166666666667 0.015625 0.0425
0 0.7190625 0.4429166666666667 0.013125 0.02416666666666667
2 0.0521875 0.47750000000000004 0.015625 0.03166666666666667
2 0.080625 0.4525 0.01375 0.025
2 0.10875 0.43333333333333335 0.01375 0.021666666666666667
2 0.1540625 0.43000000000000005 0.011875 0.021666666666666667
2 0.195625 0.42625 0.01 0.0175
2 0.23625000000000002 0.4241666666666667 0.01 0.018333333333333333
2 0.2553125 0.43750000000000006 0.013125 0.023333333333333334
2 0.27875 0.4579166666666667 0.01625 0.030833333333333334
2 0.308125 0.50375 0.02 0.04083333333333333
