0 0.12562500000000001 0.65375 0.03625 0.08416666666666667
0 0.211875 0.5104166666666667 0.01875 0.0425
0 0.1678125 0.46166666666666667 0.014375 0.02666666666666667
0 0.07906250000000001 0.44583333333333336 0.010625 0.021666666666666667
0 0.6890625 0.49333333333333335 0.016875 0.04166666666666667
1 0.435 0.4733333333333334 0.0175 0.03333333333333333
1 0.2978125 0.4354166666666667 0.011875 0.022500000000000003
1 0.193125 0.4266666666666667 0.00875 0.016666666666666666
1 0.041875 0.42791666666666667 0.0075 0.015833333333333335
2 0.4690625 0.44 0.011875 0.028333333333333335
2 0.4946875 0.42333333333333334 0.009375 0.018333333333333333
2 0.5059375 0.41125 0.006875 0.014166666666666668
2 0.5196875 0.40208333333333335 0.008125 0.015833333333333335
2 0.5540625 0.40375000000000005 0.006875 0.014166666666666668
2 0.58625 0.40166666666666667 0.00625 0.015000000000000001
2 0.6171875 0.4029166666666667 0.006875 0.014166666666666668
2 0.6325000000000001 0.4129166666666667 0.0075 0.015833333333333335
2 0.6478125 0.42458333333333337 0.010625 0.020833333333333336
2 0.6621875 0.4441666666666667 0.011875 0.025
