0 0.035937500000000004 0.7583333333333334 0.069375 0.12666666666666668
0 0.58125 0.47500000000000003 0.02875 0.045000000000000005
2 0.6790625 0.4004166666666667 0.013125 0.020833333333333336
2 0.7303125 0.3904166666666667 0.010625 0.0175
2 0.40718750000000004 0.35000000000000003 0.009375 0.018333333333333333
3 0.410625 0.37833333333333335 0.01125 0.02666666666666667
3 0.415625 0.3458333333333334 0.0075 0.021666666666666667
2 0.4446875 0.36208333333333337 0.008125 0.015833333333333335
2 0.47625 0.36375 0.01125 0.015833333333333335
2 0.51875 0.3591666666666667 0.00625 0.015000000000000001
2 0.51625 0.36750000000000005 0.0075 0.013333333333333334
1 0.4884375 0.3579166666666667 0.005625 0.01916666666666667
0 0.485 0.35875 0.00625 0.02416666666666667
