0 0.4303125 0.5283333333333333 0.025625000000000002 0.04833333333333334
0 0.63 0.4683333333333334 0.0175 0.03166666666666667
0 0.7559375 0.4241666666666667 0.011875 0.02
0 0.6515625 0.4091666666666667 0.006875 0.015000000000000001
0 0.6003125 0.39875000000000005 0.005625 0.010833333333333334
0 0.6046875 0.39083333333333337 0.005625 0.011666666666666667
0 0.63875 0.3875 0.005 0.011666666666666667
0 0.6825 0.38625000000000004 0.005 0.009166666666666667
0 0.7403125 0.3854166666666667 0.005625 0.010833333333333334
2 0.01 0.40625 0.00625 0.0125
2 0.04125 0.4116666666666667 0.00375 0.011666666666666667
2 0.0453125 0.40708333333333335 0.005625 0.010833333333333334
2 0.10875 0.39708333333333334 0.00375 0.009166666666666667
2 0.22187500000000002 0.45583333333333337 0.015 0.030000000000000002
2 0.3075 0.42708333333333337 0.01 0.020833333333333336
2 0.414375 0.46208333333333335 0.0175 0.0325
2 0.44656250000000003 0.42791666666666667 0.013125 0.022500000000000003
3 0.0575 0.39875000000000005 0.00625 0.015833333333333335
1 0.609375 0.43000000000000005 0.015 0.023333333333333334
1 0.5325 0.4116666666666667 0.01125 0.018333333333333333
1 0.5034375 0.39416666666666667 0.008125 0.013333333333333334
1 0.525 0.3879166666666667 0.005 0.0125
1 0.5646875 0.38333333333333336 0.005625 0.01
1 0.7159375 0.38125000000000003 0.004375 0.010833333333333334
