0 0.3259375 0.4816666666666667 0.026875 0.03666666666666667
0 0.533125 0.46708333333333335 0.02375 0.03416666666666667
0 0.6634375 0.44833333333333336 0.019375 0.028333333333333335
0 0.7015625 0.4366666666666667 0.015625 0.023333333333333334
0 0.7000000000000001 0.42333333333333334 0.0125 0.018333333333333333
0 0.6559375000000001 0.4116666666666667 0.009375 0.015000000000000001
0 0.5896875 0.4033333333333334 0.009375 0.015000000000000001
0 0.525 0.39875000000000005 0.00875 0.0125
0 0.4528125 0.39625000000000005 0.006875 0.0125
0 0.163125 0.46208333333333335 0.01875 0.029166666666666667
0 0.10250000000000001 0.4420833333333334 0.015 0.022500000000000003
0 0.12625 0.42375 0.0125 0.01916666666666667
0 0.180625 0.41125 0.00875 0.015833333333333335
0 0.24125 0.4025 0.00875 0.013333333333333334
0 0.311875 0.3979166666666667 0.00875 0.0125
0 0.384375 0.39625000000000005 0.0075 0.0125
1 0.01625 0.5554166666666667 0.0325 0.05583333333333334
1 0.011875 0.42875 0.01125 0.01916666666666667
1 0.0840625 0.41375 0.011875 0.015833333333333335
1 0.186875 0.40125000000000005 0.0075 0.010833333333333334
1 0.28375 0.395 0.0075 0.011666666666666667
1 0.720625 0.40958333333333335 0.00875 0.014166666666666668
1 0.646875 0.40208333333333335 0.0075 0.0125
1 0.540625 0.3954166666666667 0.00625 0.010833333333333334
1 0.458125 0.3925 0.0075 0.011666666666666667
1 0.39 0.39083333333333337 0.0075 0.011666666666666667
3 0.6278125 0.4454166666666667 0.025625000000000002 0.04916666666666667
3 0.6834375 0.4366666666666667 0.021875000000000002 0.04166666666666667
