3 0.1353125 0.5825 0.043125000000000004 0.11
3 0.2565625 0.5079166666666667 0.026875 0.07583333333333334
3 0.6978125000000001 0.65125 0.055625 0.14916666666666667
3 0.62625 0.52125 0.0275 0.0825
0 0.218125 0.5520833333333334 0.0275 0.05416666666666667
0 0.2865625 0.49083333333333334 0.018125 0.03666666666666667
0 0.2809375 0.45375000000000004 0.014375 0.02416666666666667
0 0.2203125 0.43583333333333335 0.010625 0.02
0 0.1325 0.4291666666666667 0.00875 0.016666666666666666
0 0.045 0.42875 0.00625 0.015833333333333335
0 0.576875 0.4429166666666667 0.01125 0.022500000000000003
0 0.72375 0.43041666666666667 0.00625 0.01916666666666667
1 0.0753125 0.41875 0.005625 0.014166666666666668
1 0.2121875 0.4166666666666667 0.006875 0.015000000000000001
1 0.30375 0.42000000000000004 0.00875 0.016666666666666666
1 0.41531250000000003 0.43750000000000006 0.009375 0.02
1 0.6346875 0.58125 0.034375 0.0675
1 0.6615625 0.4941666666666667 0.020625 0.03833333333333334
1 0.7453125 0.4658333333333334 0.015625 0.03166666666666667
2 0.435625 0.42208333333333337 0.00875 0.0175
2 0.4534375 0.41208333333333336 0.006875 0.015833333333333335
2 0.46218750000000003 0.4066666666666667 0.008125 0.013333333333333334
2 0.473125 0.40125000000000005 0.00625 0.009166666666666667
2 0.50125 0.4004166666666667 0.005 0.010833333333333334
2 0.5275 0.4008333333333334 0.005 0.011666666666666667
2 0.5540625 0.40166666666666667 0.006875 0.013333333333333334
2 0.5625 0.4066666666666667 0.01 0.013333333333333334
2 0.5700000000000001 0.4129166666666667 0.0075 0.014166666666666668
2 0.5740625 0.4229166666666667 0.006875 0.015833333333333335
