0 0.029375000000000002 0.7941666666666667 0.0575 0.10166666666666667
0 0.3034375 0.55 0.029375000000000002 0.05333333333333334
0 0.3046875 0.4675 0.016875 0.030000000000000002
0 0.233125 0.43833333333333335 0.0125 0.021666666666666667
0 0.1540625 0.42875 0.009375 0.0175
0 0.05375 0.42791666666666667 0.00875 0.015833333333333335
1 0.00875 0.4179166666666667 0.00875 0.014166666666666668
1 0.104375 0.41500000000000004 0.00875 0.013333333333333334
1 0.2171875 0.4141666666666667 0.008125 0.015000000000000001
1 0.36 0.4241666666666667 0.01 0.018333333333333333
1 0.46468750000000003 0.4445833333333334 0.011875 0.02416666666666667
1 0.6159375 0.5195833333333334 0.024375 0.04583333333333334
2 0.6709375 0.47125000000000006 0.016875 0.030833333333333334
2 0.7046875 0.44583333333333336 0.013125 0.023333333333333334
2 0.7203125 0.4320833333333334 0.011875 0.020833333333333336
2 0.7368750000000001 0.42125 0.0075 0.015833333333333335
2 0.779375 0.42333333333333334 0.00875 0.016666666666666666
