0 0.13625 0.6925 0.0625 0.10166666666666667
0 0.6078125 0.4758333333333334 0.018125 0.035
2 0.7028125000000001 0.41125 0.008125 0.01916666666666667
2 0.7546875000000001 0.40208333333333335 0.008125 0.015833333333333335
2 0.436875 0.36041666666666666 0.005 0.014166666666666668
2 0.543125 0.3766666666666667 0.00625 0.013333333333333334
2 0.581875 0.3725 0.005 0.011666666666666667
3 0.47375 0.3716666666666667 0.005 0.015000000000000001
3 0.4434375 0.35625 0.006875 0.020833333333333336
3 0.44 0.3841666666666667 0.0075 0.023333333333333334
3 0.5053125 0.3745833333333334 0.005625 0.015833333333333335
3 0.545625 0.37000000000000005 0.005 0.015000000000000001
1 0.5175 0.3670833333333334 0.005 0.0175
0 0.51375 0.36583333333333334 0.005 0.015000000000000001
