2 0.325625 0.5 0.01625 0.043333333333333335
2 0.29375 0.4566666666666667 0.0125 0.02666666666666667
2 0.2734375 0.4379166666666667 0.008125 0.020833333333333336
2 0.2534375 0.42250000000000004 0.008125 0.02
2 0.2134375 0.42583333333333334 0.006875 0.018333333333333333
2 0.1721875 0.4291666666666667 0.006875 0.018333333333333333
2 0.1265625 0.43125 0.006875 0.0175
2 0.10125 0.45125000000000004 0.0075 0.02416666666666667
2 0.07375 0.4766666666666667 0.01125 0.03166666666666667
2 0.010625 0.5291666666666667 0.02125 0.04666666666666667
0 0.61875 0.48375 0.02 0.035833333333333335
0 0.735625 0.4420833333333334 0.015 0.02416666666666667
0 0.424375 0.6591666666666667 0.055 0.09166666666666667
