3 0.5871875 0.45583333333333337 0.021875000000000002 0.05166666666666667
3 0.644375 0.4416666666666667 0.01625 0.043333333333333335
3 0.786875 0.4204166666666667 0.0075 0.014166666666666668
1 0.1140625 0.4058333333333334 0.006875 0.011666666666666667
1 0.218125 0.39708333333333334 0.00625 0.009166666666666667
1 0.33125 0.3929166666666667 0.00625 0.009166666666666667
1 0.401875 0.3925 0.00625 0.01
1 0.4875 0.395 0.00625 0.01
1 0.596875 0.4008333333333334 0.00625 0.011666666666666667
1 0.67375 0.40958333333333335 0.00875 0.0125
1 0.763125 0.4254166666666667 0.01125 0.0175
0 0.0040625 0.45625000000000004 0.006875 0.020833333333333336
0 0.036875 0.43333333333333335 0.00875 0.016666666666666666
0 0.10250000000000001 0.41750000000000004 0.00625 0.015000000000000001
0 0.169375 0.40708333333333335 0.0075 0.0125
0 0.24656250000000002 0.4008333333333334 0.006875 0.011666666666666667
0 0.3234375 0.3975 0.005625 0.01
0 0.3959375 0.3975 0.006875 0.011666666666666667
0 0.4709375 0.4 0.006875 0.011666666666666667
0 0.5378125 0.40458333333333335 0.005625 0.0125
0 0.60875 0.41250000000000003 0.00875 0.015000000000000001
0 0.6571875 0.4254166666666667 0.009375 0.0175
0 0.661875 0.44125000000000003 0.01375 0.02416666666666667
0 0.479375 0.48458333333333337 0.02 0.037500000000000006
0 0.23500000000000001 0.5066666666666667 0.02375 0.04166666666666667
0 0.0559375 0.48250000000000004 0.018125 0.03166666666666667
