2 0.0334375 0.5479166666666667 0.031875 0.05416666666666667
2 0.13 0.4675 0.02 0.030000000000000002
1 0.2578125 0.43250000000000005 0.014375 0.021666666666666667
1 0.3484375 0.45458333333333334 0.015625 0.0325
0 0.370625 0.5320833333333334 0.02875 0.052500000000000005
1 0.76 0.5254166666666668 0.02875 0.050833333333333335
0 0.77875 0.42791666666666667 0.0125 0.020833333333333336
3 0.79625 0.4229166666666667 0.0075 0.0275
3 0.7468750000000001 0.42208333333333337 0.0175 0.035833333333333335
0 0.74125 0.39666666666666667 0.00625 0.015000000000000001
0 0.683125 0.39208333333333334 0.00625 0.010833333333333334
0 0.669375 0.43250000000000005 0.01625 0.023333333333333334
0 0.5246875 0.4316666666666667 0.014375 0.02666666666666667
0 0.4025 0.41958333333333336 0.0125 0.020833333333333336
0 0.34375 0.4079166666666667 0.00875 0.015833333333333335
0 0.3503125 0.3975 0.008125 0.013333333333333334
0 0.388125 0.39 0.00625 0.013333333333333334
0 0.434375 0.3875 0.0075 0.011666666666666667
0 0.49312500000000004 0.38375000000000004 0.00625 0.010833333333333334
0 0.556875 0.3841666666666667 0.00375 0.01
0 0.6175 0.3875 0.00625 0.011666666666666667
1 0.7000000000000001 0.3891666666666667 0.00625 0.01
1 0.6234375 0.38458333333333333 0.005625 0.010833333333333334
1 0.561875 0.3829166666666667 0.005 0.010833333333333334
1 0.4675 0.3791666666666667 0.0075 0.013333333333333334
1 0.3075 0.38958333333333334 0.00625 0.0125
1 0.260625 0.3975 0.00625 0.015000000000000001
1 0.2325 0.40750000000000003 0.00875 0.018333333333333333
