3 0.0403125 0.7154166666666667 0.080625 0.1975
0 0.169375 0.6183333333333334 0.0475 0.08833333333333333
0 0.2275 0.5 0.03 0.060000000000000005
0 0.1796875 0.4541666666666667 0.021875000000000002 0.03833333333333334
0 0.08750000000000001 0.4420833333333334 0.01625 0.025833333333333337
1 0.046875 0.42458333333333337 0.01125 0.020833333333333336
1 0.1946875 0.42333333333333334 0.015625 0.023333333333333334
1 0.2978125 0.43250000000000005 0.016875 0.030000000000000002
1 0.4325 0.4683333333333334 0.0275 0.04166666666666667
2 0.465 0.4370833333333334 0.0125 0.030833333333333334
2 0.48812500000000003 0.42083333333333334 0.01125 0.021666666666666667
2 0.5003125 0.41208333333333336 0.013125 0.022500000000000003
2 0.513125 0.4033333333333334 0.01125 0.018333333333333333
2 0.5465625000000001 0.40208333333333335 0.010625 0.01916666666666667
2 0.5771875 0.4025 0.013125 0.016666666666666666
2 0.6075 0.40208333333333335 0.01125 0.020833333333333336
2 0.6218750000000001 0.4116666666666667 0.01 0.021666666666666667
2 0.635625 0.42250000000000004 0.0125 0.023333333333333334
2 0.65 0.4425 0.01375 0.03166666666666667
0 0.6715625000000001 0.48375 0.018125 0.04583333333333334
