0 0.2425 0.5929166666666668 0.04125 0.06916666666666667
0 0.5696875 0.4575 0.020625 0.03333333333333333
0 0.779375 0.42833333333333334 0.015 0.025
0 0.73875 0.3641666666666667 0.00875 0.018333333333333333
1 0.78125 0.69625 0.03625 0.10083333333333334
1 0.79125 0.5041666666666667 0.01625 0.04666666666666667
2 0.6778125 0.3579166666666667 0.006875 0.0125
2 0.7740625 0.3766666666666667 0.006875 0.011666666666666667
1 0.7403125 0.36375 0.008125 0.015833333333333335
3 0.6796875 0.38 0.008125 0.016666666666666666
3 0.6834375 0.35583333333333333 0.008125 0.016666666666666666
3 0.7106250000000001 0.37041666666666667 0.00625 0.0125
3 0.779375 0.37125 0.0075 0.0125
