0 0.31875000000000003 0.5775 0.0475 0.08
0 0.6396875 0.4625 0.019375 0.03833333333333334
2 0.478125 0.41958333333333336 0.02625 0.025833333333333337
2 0.5325 0.4091666666666667 0.01625 0.021666666666666667
2 0.62125 0.43250000000000005 0.02 0.03333333333333333
2 0.6471875 0.4104166666666667 0.014375 0.0325
0 0.7884375 0.4445833333333334 0.014375 0.029166666666666667
1 0.7875 0.41875 0.01375 0.02416666666666667
0 0.79125 0.39625000000000005 0.01 0.01916666666666667
1 0.7634375 0.38 0.009375 0.02
1 0.7228125 0.3866666666666667 0.008125 0.015000000000000001
1 0.6996875 0.38958333333333334 0.011875 0.020833333333333336
1 0.7265625 0.40708333333333335 0.014375 0.022500000000000003
2 0.3490625 0.3825 0.006875 0.015000000000000001
2 0.3 0.38833333333333336 0.01 0.016666666666666666
3 0.3071875 0.3779166666666667 0.009375 0.01916666666666667
1 0.24781250000000002 0.3804166666666667 0.009375 0.022500000000000003
3 0.225 0.385 0.01125 0.018333333333333333
3 0.168125 0.36750000000000005 0.01 0.030000000000000002
3 0.1678125 0.4033333333333334 0.011875 0.03166666666666667
2 0.15875 0.3741666666666667 0.0075 0.02
