0 0.11093750000000001 0.5420833333333334 0.034375 0.052500000000000005
0 0.3978125 0.5012500000000001 0.030625 0.04416666666666667
0 0.5615625 0.46166666666666667 0.021875000000000002 0.03166666666666667
0 0.5984375000000001 0.44083333333333335 0.015625 0.02666666666666667
0 0.5925 0.4229166666666667 0.01125 0.01916666666666667
0 0.5403125 0.4104166666666667 0.009375 0.01916666666666667
0 0.46875 0.40125000000000005 0.00625 0.015833333333333335
0 0.3984375 0.39916666666666667 0.008125 0.013333333333333334
0 0.3203125 0.3979166666666667 0.005625 0.014166666666666668
0 0.2446875 0.4008333333333334 0.005625 0.015000000000000001
0 0.163125 0.4041666666666667 0.0075 0.015000000000000001
0 0.07906250000000001 0.4166666666666667 0.009375 0.016666666666666666
0 0.0025 0.4295833333333334 0.005 0.020833333333333336
1 0.020625 0.4141666666666667 0.00875 0.016666666666666666
1 0.13468750000000002 0.40125000000000005 0.006875 0.015833333333333335
1 0.2546875 0.39375000000000004 0.006875 0.014166666666666668
1 0.3284375 0.3929166666666667 0.008125 0.014166666666666668
1 0.4165625 0.3925 0.008125 0.015000000000000001
1 0.5284375 0.39708333333333334 0.006875 0.014166666666666668
1 0.6075 0.4029166666666667 0.00625 0.014166666666666668
1 0.7003125 0.41958333333333336 0.011875 0.022500000000000003
3 0.5209375 0.4625 0.029375000000000002 0.058333333333333334
3 0.581875 0.44333333333333336 0.02375 0.04833333333333334
2 0.7212500000000001 0.4116666666666667 0.0075 0.016666666666666666
2 0.74125 0.4058333333333334 0.0075 0.016666666666666666
2 0.753125 0.4025 0.00875 0.015000000000000001
2 0.76625 0.3983333333333334 0.00625 0.011666666666666667
2 0.7940625 0.4 0.008125 0.013333333333333334
