1 0.16822916666666668 0.65625 0.03854166666666667 0.1875
1 0.41875 0.5 0.020833333333333332 0.1015625
1 0.5208333333333334 0.451171875 0.014583333333333334 0.07421875
2 0.8052083333333333 0.568359375 0.027083333333333334 0.12890625
2 0.7734375 0.470703125 0.015625 0.07421875
2 0.7520833333333333 0.4296875 0.010416666666666666 0.0546875
2 0.6973958333333333 0.390625 0.009375 0.046875
1 0.5505208333333333 0.4140625 0.009375 0.0546875
1 0.5276041666666667 0.380859375 0.007291666666666667 0.04296875
1 0.49114583333333334 0.361328125 0.007291666666666667 0.04296875
2 0.6213541666666667 0.349609375 0.007291666666666667 0.03515625
2 0.5494791666666666 0.328125 0.007291666666666667 0.03125
1 0.4546875 0.34765625 0.007291666666666667 0.0390625
1 0.39166666666666666 0.33984375 0.00625 0.0390625
1 0.30104166666666665 0.337890625 0.00625 0.03515625
1 0.2109375 0.337890625 0.007291666666666667 0.04296875
1 0.13385416666666666 0.34375 0.007291666666666667 0.0390625
1 0.06302083333333333 0.357421875 0.007291666666666667 0.05078125
