1 0.06770833333333333 0.40234375 0.020833333333333332 0.1015625
2 0.08020833333333334 0.31640625 0.014583333333333334 0.078125
1 0.15989583333333332 0.484375 0.026041666666666668 0.1328125
1 0.171875 0.71484375 0.04583333333333333 0.2265625
2 0.2734375 0.341796875 0.015625 0.07421875
2 0.4296875 0.40625 0.019791666666666666 0.1015625
0 0.45208333333333334 0.3515625 0.0125 0.0703125
0 0.4640625 0.31640625 0.009375 0.0546875
0 0.4713541666666667 0.298828125 0.009375 0.05859375
0 0.4786458333333333 0.28125 0.009375 0.0546875
0 0.4864583333333333 0.265625 0.008333333333333333 0.046875
0 0.4921875 0.2578125 0.007291666666666667 0.046875
0 0.5302083333333333 0.2578125 0.008333333333333333 0.046875
0 0.5661458333333333 0.259765625 0.009375 0.04296875
0 0.6052083333333333 0.259765625 0.008333333333333333 0.04296875
0 0.609375 0.275390625 0.008333333333333333 0.04296875
0 0.6140625 0.291015625 0.009375 0.05078125
0 0.6229166666666667 0.326171875 0.0125 0.05859375
0 0.6333333333333333 0.369140625 0.0125 0.06640625
1 0.6442708333333333 0.408203125 0.017708333333333333 0.08203125
1 0.7942708333333334 0.35546875 0.013541666666666667 0.0703125
2 0.9135416666666667 0.513671875 0.029166666666666667 0.12890625
