1 0.35989583333333336 0.517578125 0.023958333333333335 0.13671875
1 0.4640625 0.431640625 0.015625 0.09765625
1 0.5276041666666667 0.40234375 0.011458333333333333 0.0703125
1 0.5807291666666666 0.369140625 0.011458333333333333 0.06640625
1 0.6197916666666666 0.3515625 0.010416666666666666 0.0546875
1 0.6682291666666667 0.33203125 0.009375 0.0546875
2 0.7760416666666666 0.60546875 0.03333333333333333 0.1640625
2 0.7427083333333333 0.46875 0.020833333333333332 0.1015625
2 0.7328125 0.408203125 0.015625 0.07421875
2 0.7473958333333334 0.375 0.011458333333333333 0.0703125
