2 0.2421875 0.693359375 0.04479166666666667 0.22265625
1 0.10104166666666667 0.474609375 0.025 0.12890625
1 0.10052083333333334 0.236328125 0.007291666666666667 0.04296875
2 0.1265625 0.2265625 0.007291666666666667 0.0390625
1 0.20572916666666666 0.23828125 0.007291666666666667 0.0390625
2 0.24895833333333334 0.224609375 0.00625 0.03515625
1 0.2911458333333333 0.248046875 0.007291666666666667 0.04296875
1 0.33229166666666665 0.37890625 0.0125 0.0859375
2 0.35625 0.234375 0.00625 0.03125
1 0.35260416666666666 0.26171875 0.007291666666666667 0.046875
1 0.3932291666666667 0.283203125 0.007291666666666667 0.05078125
3 0.3796875 0.3203125 0.015625 0.109375
3 0.40260416666666665 0.279296875 0.013541666666666667 0.08984375
1 0.4005208333333333 0.3203125 0.009375 0.0625
2 0.43802083333333336 0.25 0.007291666666666667 0.0390625
0 0.44427083333333334 0.236328125 0.007291666666666667 0.03515625
0 0.45364583333333336 0.220703125 0.005208333333333333 0.03515625
0 0.5255208333333333 0.2421875 0.007291666666666667 0.0390625
1 0.5291666666666667 0.25390625 0.00625 0.0390625
3 0.5635416666666667 0.29296875 0.014583333333333334 0.0859375
2 0.5619791666666667 0.326171875 0.011458333333333333 0.06640625
3 0.5817708333333333 0.333984375 0.017708333333333333 0.10546875
2 0.6317708333333333 0.388671875 0.013541666666666667 0.08203125
2 0.6067708333333334 0.2734375 0.007291666666666667 0.0390625
1 0.7276041666666667 0.68359375 0.034375 0.1953125
2 0.8458333333333333 0.482421875 0.022916666666666665 0.11328125
2 0.9328125 0.28125 0.007291666666666667 0.0390625
2 0.6671875 0.26171875 0.007291666666666667 0.0390625
1 0.7005208333333334 0.23828125 0.005208333333333333 0.03125
2 0.7390625 0.263671875 0.007291666666666667 0.04296875
1 0.80625 0.24609375 0.00625 0.0390625
2 0.825 0.267578125 0.008333333333333333 0.04296875
