1 0.06979166666666667 0.416015625 0.022916666666666665 0.09765625
2 0.09739583333333333 0.322265625 0.015625 0.06640625
1 0.178125 0.517578125 0.03125 0.14453125
1 0.15625 0.859375 0.0625 0.2734375
2 0.28229166666666666 0.34375 0.01875 0.0859375
2 0.4734375 0.421875 0.023958333333333335 0.109375
2 0.74375 0.6875 0.04375 0.203125
0 0.7578125 0.4921875 0.026041666666666668 0.125
0 0.7614583333333333 0.408203125 0.01875 0.08984375
0 0.7661458333333333 0.375 0.019791666666666666 0.0859375
0 0.7729166666666667 0.34375 0.014583333333333334 0.0703125
0 0.7776041666666667 0.314453125 0.013541666666666667 0.06640625
0 0.7822916666666667 0.296875 0.0125 0.0625
0 0.8463541666666666 0.306640625 0.013541666666666667 0.06640625
0 0.9130208333333333 0.310546875 0.015625 0.06640625
