1 0.26458333333333334 0.587890625 0.03125 0.16015625
1 0.5151041666666667 0.431640625 0.015625 0.08984375
1 0.6213541666666667 0.3671875 0.011458333333333333 0.0625
1 0.5713541666666667 0.294921875 0.005208333333333333 0.03515625
1 0.6 0.30859375 0.00625 0.0390625
1 0.6354166666666666 0.32421875 0.00625 0.0390625
1 0.6479166666666667 0.333984375 0.00625 0.04296875
1 0.6453125 0.345703125 0.007291666666666667 0.05078125
2 0.684375 0.32421875 0.00625 0.0390625
2 0.7458333333333333 0.345703125 0.00625 0.04296875
2 0.7911458333333333 0.3671875 0.007291666666666667 0.046875
2 0.7932291666666667 0.48046875 0.019791666666666666 0.1015625
2 0.8046875 0.404296875 0.011458333333333333 0.07421875
2 0.803125 0.380859375 0.010416666666666666 0.05859375
2 0.8296875 0.7109375 0.04479166666666667 0.203125
