1 0.2671875 0.552734375 0.040625 0.16015625
1 0.38333333333333336 0.42578125 0.022916666666666665 0.09375
1 0.47552083333333334 0.3515625 0.017708333333333333 0.0703125
1 0.61875 0.314453125 0.014583333333333334 0.05859375
1 0.7385416666666667 0.306640625 0.0125 0.05859375
2 0.8151041666666666 0.50390625 0.028125 0.1328125
2 0.7802083333333333 0.439453125 0.025 0.09765625
2 0.8166666666666667 0.419921875 0.020833333333333332 0.09765625
2 0.9255208333333333 0.41796875 0.023958333333333335 0.1015625
1 0.896875 0.326171875 0.010416666666666666 0.06640625
