0 0.19583333333333333 0.853515625 0.06041666666666667 0.29296875
2 0.28489583333333335 0.564453125 0.03229166666666667 0.16015625
1 0.1390625 0.431640625 0.023958333333333335 0.10546875
1 0.3302083333333333 0.357421875 0.016666666666666666 0.08203125
3 0.3692708333333333 0.3125 0.017708333333333333 0.1015625
1 0.38697916666666665 0.30859375 0.013541666666666667 0.0625
2 0.534375 0.314453125 0.014583333333333334 0.05859375
3 0.5510416666666667 0.318359375 0.016666666666666666 0.10546875
2 0.59375 0.365234375 0.016666666666666666 0.07421875
1 0.6510416666666666 0.552734375 0.029166666666666667 0.14453125
0 0.8078125 0.853515625 0.05520833333333333 0.26953125
2 0.7619791666666667 0.435546875 0.019791666666666666 0.09765625
