2 0.0046875 0.310546875 0.009375 0.05078125
1 0.014583333333333334 0.41015625 0.01875 0.09375
2 0.030208333333333334 0.25 0.008333333333333333 0.0390625
2 0.058854166666666666 0.27734375 0.009375 0.046875
2 0.06510416666666667 0.265625 0.007291666666666667 0.0390625
1 0.1765625 0.34375 0.013541666666666667 0.0625
1 0.23072916666666668 0.251953125 0.007291666666666667 0.03515625
1 0.23854166666666668 0.291015625 0.010416666666666666 0.05859375
1 0.24270833333333333 0.501953125 0.025 0.12109375
1 0.24947916666666667 0.259765625 0.009375 0.04296875
1 0.390625 0.369140625 0.016666666666666666 0.08203125
1 0.5651041666666666 0.322265625 0.011458333333333333 0.05859375
1 0.6984375 0.302734375 0.011458333333333333 0.05859375
2 0.7796875 0.48046875 0.023958333333333335 0.1171875
2 0.8145833333333333 0.4453125 0.022916666666666665 0.1015625
2 0.8515625 0.595703125 0.03229166666666667 0.16015625
1 0.8640625 0.31640625 0.011458333333333333 0.0625
2 0.9338541666666667 0.427734375 0.019791666666666666 0.10546875
