1 0.3458333333333333 0.673828125 0.0375 0.18359375
1 0.475 0.44921875 0.01875 0.09375
1 0.5276041666666667 0.37109375 0.013541666666666667 0.0625
1 0.55 0.33203125 0.008333333333333333 0.046875
1 0.5614583333333333 0.314453125 0.008333333333333333 0.04296875
1 0.5708333333333333 0.30078125 0.00625 0.0390625
2 0.6734375 0.287109375 0.005208333333333333 0.02734375
2 0.6875 0.28125 0.004166666666666667 0.0234375
2 0.6822916666666666 0.294921875 0.00625 0.03515625
2 0.6932291666666667 0.306640625 0.007291666666666667 0.03515625
2 0.7119791666666667 0.32421875 0.009375 0.046875
2 0.7307291666666667 0.34765625 0.011458333333333333 0.0546875
2 0.759375 0.400390625 0.016666666666666666 0.07421875
2 0.8192708333333333 0.51171875 0.026041666666666668 0.1171875
