1 0.3 0.791015625 0.04791666666666667 0.25390625
0 0.490625 0.34375 0.010416666666666666 0.0625
0 0.5364583333333334 0.3125 0.010416666666666666 0.0546875
1 0.5760416666666667 0.4453125 0.01875 0.1015625
0 0.6130208333333333 0.357421875 0.011458333333333333 0.07421875
0 0.628125 0.318359375 0.010416666666666666 0.05859375
2 0.7130208333333333 0.330078125 0.009375 0.05859375
1 0.7380208333333333 0.373046875 0.011458333333333333 0.07421875
1 0.7994791666666666 0.3125 0.009375 0.0546875
2 0.9182291666666667 0.58203125 0.03229166666666667 0.15625
1 0.9453125 0.341796875 0.011458333333333333 0.05859375
