1 0.12916666666666668 0.716796875 0.04791666666666667 0.23046875
1 0.14114583333333333 0.478515625 0.026041666666666668 0.12109375
2 0.2609375 0.33203125 0.011458333333333333 0.0625
1 0.0515625 0.39453125 0.013541666666666667 0.0859375
2 0.07239583333333334 0.302734375 0.015625 0.06640625
2 0.41458333333333336 0.39453125 0.0125 0.0859375
1 0.6291666666666667 0.40234375 0.014583333333333334 0.0859375
2 0.8927083333333333 0.51171875 0.029166666666666667 0.1328125
0 0.609375 0.349609375 0.0125 0.07421875
1 0.7828125 0.349609375 0.013541666666666667 0.06640625
0 0.44166666666666665 0.3359375 0.014583333333333334 0.0625
