0 0.08072916666666667 0.484375 0.03229166666666667 0.140625
0 0.1453125 0.396484375 0.019791666666666666 0.09765625
0 0.17552083333333332 0.349609375 0.015625 0.07421875
0 0.19791666666666666 0.318359375 0.0125 0.06640625
0 0.24895833333333334 0.31640625 0.0125 0.0625
0 0.29270833333333335 0.314453125 0.0125 0.06640625
0 0.33229166666666665 0.3125 0.010416666666666666 0.0546875
0 0.3421875 0.33984375 0.015625 0.0703125
0 0.3453125 0.375 0.015625 0.0859375
0 0.3578125 0.443359375 0.021875 0.10546875
1 0.36666666666666664 0.62109375 0.03958333333333333 0.1796875
1 0.4192708333333333 0.537109375 0.030208333333333334 0.14453125
1 0.6432291666666666 0.404296875 0.019791666666666666 0.08984375
1 0.8067708333333333 0.369140625 0.015625 0.07421875
2 0.8348958333333333 0.72265625 0.04479166666666667 0.2109375
2 0.8760416666666667 0.49609375 0.029166666666666667 0.125
