1 0.23541666666666666 0.662109375 0.035416666666666666 0.17578125
2 0.6302083333333334 0.607421875 0.029166666666666667 0.16015625
2 0.5916666666666667 0.552734375 0.025 0.14453125
2 0.3958333333333333 0.384765625 0.014583333333333334 0.07421875
1 0.17604166666666668 0.4609375 0.01875 0.1015625
2 0.246875 0.34375 0.0125 0.0625
1 0.06302083333333333 0.400390625 0.017708333333333333 0.08203125
2 0.03854166666666667 0.322265625 0.0125 0.05859375
0 0.65 0.453125 0.01875 0.1015625
0 0.659375 0.38671875 0.014583333333333334 0.078125
0 0.6625 0.3515625 0.0125 0.0625
0 0.6651041666666667 0.326171875 0.011458333333333333 0.05859375
0 0.7109375 0.328125 0.011458333333333333 0.0625
0 0.753125 0.33203125 0.0125 0.0625
0 0.7947916666666667 0.333984375 0.0125 0.06640625
0 0.8234375 0.37109375 0.015625 0.0703125
0 0.8484375 0.41015625 0.017708333333333333 0.09375
0 0.9072916666666667 0.48828125 0.027083333333333334 0.125
