1 0.23489583333333333 0.55078125 0.03229166666666667 0.15625
1 0.3958333333333333 0.396484375 0.01875 0.09765625
1 0.49322916666666666 0.341796875 0.013541666666666667 0.07421875
1 0.5505208333333333 0.328125 0.011458333333333333 0.0546875
1 0.5958333333333333 0.314453125 0.010416666666666666 0.05078125
1 0.6421875 0.3046875 0.007291666666666667 0.0390625
1 0.6796875 0.298828125 0.007291666666666667 0.03515625
2 0.7401041666666667 0.56640625 0.030208333333333334 0.1484375
2 0.7145833333333333 0.44921875 0.01875 0.09375
2 0.7140625 0.390625 0.015625 0.078125
2 0.728125 0.34765625 0.0125 0.0625
2 0.74375 0.326171875 0.010416666666666666 0.05078125
2 0.7739583333333333 0.3125 0.008333333333333333 0.0390625
