1 0.26145833333333335 0.58203125 0.03125 0.15625
1 0.3515625 0.3203125 0.009375 0.0546875
1 0.47291666666666665 0.451171875 0.01875 0.08984375
2 0.44166666666666665 0.302734375 0.00625 0.03515625
2 0.4713541666666667 0.302734375 0.007291666666666667 0.03515625
1 0.49895833333333334 0.341796875 0.008333333333333333 0.05078125
2 0.5078125 0.30078125 0.007291666666666667 0.03125
1 0.6041666666666666 0.396484375 0.014583333333333334 0.07421875
1 0.6098958333333333 0.32421875 0.009375 0.046875
1 0.6682291666666667 0.306640625 0.007291666666666667 0.04296875
1 0.7088541666666667 0.373046875 0.013541666666666667 0.05859375
1 0.825 0.349609375 0.010416666666666666 0.05859375
1 0.6989583333333333 0.2890625 0.00625 0.0390625
