0 0.221875 0.890625 0.03958333333333333 0.21875
0 0.3125 0.56640625 0.03333333333333333 0.15625
0 0.6640625 0.56640625 0.030208333333333334 0.1484375
2 0.33489583333333334 0.44921875 0.026041666666666668 0.1171875
1 0.5921875 0.447265625 0.021875 0.09765625
2 0.8932291666666666 0.41796875 0.021875 0.09375
2 0.6895833333333333 0.380859375 0.01875 0.08203125
1 0.19895833333333332 0.376953125 0.016666666666666666 0.08203125
2 0.5604166666666667 0.3359375 0.014583333333333334 0.0703125
1 0.3411458333333333 0.330078125 0.013541666666666667 0.06640625
3 0.37083333333333335 0.29296875 0.016666666666666666 0.0859375
3 0.5260416666666666 0.302734375 0.016666666666666666 0.08203125
