1 0.3411458333333333 0.54296875 0.023958333333333335 0.1328125
1 0.5057291666666667 0.416015625 0.013541666666666667 0.07421875
2 0.8359375 0.640625 0.034375 0.15625
2 0.8588541666666667 0.560546875 0.026041666666666668 0.12890625
2 0.8984375 0.50390625 0.021875 0.1015625
1 0.6260416666666667 0.373046875 0.010416666666666666 0.05859375
1 0.7333333333333333 0.369140625 0.010416666666666666 0.05859375
1 0.8484375 0.376953125 0.009375 0.05078125
1 0.8958333333333334 0.349609375 0.008333333333333333 0.04296875
2 0.871875 0.314453125 0.00625 0.03515625
2 0.8046875 0.31640625 0.007291666666666667 0.0390625
2 0.76875 0.310546875 0.00625 0.03515625
1 0.7817708333333333 0.3359375 0.007291666666666667 0.0390625
2 0.7416666666666667 0.306640625 0.00625 0.03515625
2 0.7088541666666667 0.294921875 0.005208333333333333 0.03515625
