1 0.0390625 0.5390625 0.034375 0.15625
2 0.175 0.357421875 0.01875 0.08203125
2 0.3421875 0.44140625 0.023958333333333335 0.1171875
2 0.36354166666666665 0.466796875 0.025 0.12109375
2 0.4 0.384765625 0.01875 0.08203125
0 0.4005208333333333 0.3828125 0.015625 0.078125
0 0.4192708333333333 0.341796875 0.011458333333333333 0.06640625
0 0.428125 0.314453125 0.008333333333333333 0.05859375
0 0.43697916666666664 0.294921875 0.009375 0.05078125
0 0.47239583333333335 0.296875 0.009375 0.046875
0 0.5041666666666667 0.296875 0.008333333333333333 0.046875
0 0.534375 0.298828125 0.010416666666666666 0.05078125
0 0.5458333333333333 0.3203125 0.010416666666666666 0.0546875
0 0.5520833333333334 0.34375 0.0125 0.0703125
0 0.5677083333333334 0.384765625 0.016666666666666666 0.07421875
1 0.5885416666666666 0.470703125 0.022916666666666665 0.10546875
1 0.6171875 0.4375 0.019791666666666666 0.1015625
1 0.8098958333333334 0.388671875 0.017708333333333333 0.07421875
2 0.9244791666666666 0.578125 0.036458333333333336 0.15625
