1 0.36666666666666664 0.416015625 0.022916666666666665 0.09765625
3 0.42291666666666666 0.31640625 0.020833333333333332 0.109375
3 0.4375 0.29296875 0.016666666666666666 0.09375
0 0.45625 0.28125 0.010416666666666666 0.0546875
0 0.4703125 0.259765625 0.009375 0.03515625
2 0.6640625 0.435546875 0.026041666666666668 0.11328125
3 0.6135416666666667 0.328125 0.01875 0.109375
3 0.5958333333333333 0.3046875 0.014583333333333334 0.0859375
0 0.5765625 0.28515625 0.011458333333333333 0.046875
0 0.5640625 0.263671875 0.007291666666666667 0.03515625
0 0.5557291666666667 0.248046875 0.005208333333333333 0.02734375
