2 0.15364583333333334 0.353515625 0.015625 0.08984375
2 0.30833333333333335 0.3828125 0.020833333333333332 0.09375
2 0.47291666666666665 0.44921875 0.025 0.109375
2 0.6682291666666667 0.607421875 0.040625 0.18359375
2 0.0036458333333333334 0.275390625 0.005208333333333333 0.04296875
2 0.06145833333333333 0.27734375 0.010416666666666666 0.0390625
1 0.06666666666666667 0.259765625 0.008333333333333333 0.03515625
2 0.1109375 0.28125 0.011458333333333333 0.046875
1 0.14010416666666667 0.263671875 0.007291666666666667 0.03515625
2 0.1734375 0.291015625 0.009375 0.04296875
1 0.20260416666666667 0.271484375 0.007291666666666667 0.03515625
2 0.24479166666666666 0.302734375 0.0125 0.05078125
1 0.25677083333333334 0.28515625 0.009375 0.0390625
1 0.31979166666666664 0.30078125 0.008333333333333333 0.0390625
2 0.3333333333333333 0.328125 0.010416666666666666 0.046875
1 0.41302083333333334 0.322265625 0.007291666666666667 0.04296875
2 0.4166666666666667 0.353515625 0.010416666666666666 0.05078125
1 0.4973958333333333 0.34765625 0.009375 0.046875
2 0.5369791666666667 0.39453125 0.013541666666666667 0.0625
2 0.65 0.44140625 0.016666666666666666 0.078125
1 0.6536458333333334 0.39453125 0.011458333333333333 0.0546875
1 0.7958333333333333 0.4375 0.014583333333333334 0.0703125
2 0.8895833333333333 0.53515625 0.027083333333333334 0.109375
