1 0.2109375 0.767578125 0.04895833333333333 0.23828125
1 0.35989583333333336 0.50390625 0.021875 0.109375
1 0.42083333333333334 0.404296875 0.014583333333333334 0.06640625
1 0.4432291666666667 0.359375 0.009375 0.0546875
1 0.4864583333333333 0.330078125 0.008333333333333333 0.04296875
1 0.5421875 0.3125 0.007291666666666667 0.0390625
1 0.60625 0.298828125 0.008333333333333333 0.03515625
1 0.6697916666666667 0.296875 0.00625 0.03125
2 0.6135416666666667 0.345703125 0.010416666666666666 0.06640625
2 0.6307291666666667 0.33203125 0.009375 0.0546875
2 0.6583333333333333 0.32421875 0.008333333333333333 0.046875
2 0.65625 0.396484375 0.014583333333333334 0.07421875
2 0.6963541666666667 0.322265625 0.009375 0.04296875
2 0.7276041666666667 0.4765625 0.021875 0.1015625
2 0.7630208333333334 0.314453125 0.007291666666666667 0.03515625
2 0.84375 0.31640625 0.008333333333333333 0.0390625
2 0.9661458333333334 0.30859375 0.007291666666666667 0.0390625
