2 0.10833333333333334 0.296875 0.0125 0.0625
1 0.10729166666666666 0.37109375 0.016666666666666666 0.0859375
3 0.1609375 0.703125 0.059375 0.3984375
1 0.19635416666666666 0.427734375 0.021875 0.11328125
1 0.21822916666666667 0.591796875 0.03229166666666667 0.18359375
2 0.28489583333333335 0.3203125 0.015625 0.0703125
2 0.4270833333333333 0.373046875 0.01875 0.08984375
0 0.44895833333333335 0.32421875 0.0125 0.0625
0 0.4708333333333333 0.287109375 0.010416666666666666 0.05078125
0 0.48020833333333335 0.271484375 0.010416666666666666 0.04296875
0 0.49322916666666666 0.255859375 0.007291666666666667 0.04296875
0 0.5057291666666667 0.2421875 0.007291666666666667 0.0390625
0 0.5104166666666666 0.234375 0.00625 0.03125
0 0.5135416666666667 0.228515625 0.00625 0.03515625
0 0.540625 0.23046875 0.00625 0.03125
0 0.5661458333333333 0.234375 0.009375 0.0390625
0 0.590625 0.251953125 0.008333333333333333 0.04296875
0 0.5953125 0.28515625 0.009375 0.046875
0 0.6036458333333333 0.310546875 0.011458333333333333 0.05078125
0 0.6041666666666666 0.333984375 0.0125 0.05859375
1 0.6197916666666666 0.376953125 0.016666666666666666 0.08203125
1 0.7635416666666667 0.3359375 0.014583333333333334 0.0625
2 0.8119791666666667 0.61328125 0.03854166666666667 0.171875
2 0.8421875 0.4609375 0.026041666666666668 0.109375
1 0.9322916666666666 0.326171875 0.0125 0.06640625
2 0.9421875 0.419921875 0.015625 0.09765625
