1 0.03333333333333333 0.7109375 0.05416666666666667 0.234375
1 0.05625 0.505859375 0.035416666666666666 0.14453125
2 0.12760416666666666 0.34765625 0.017708333333333333 0.078125
1 0.09166666666666666 0.263671875 0.00625 0.03515625
1 0.03697916666666667 0.216796875 0.007291666666666667 0.02734375
1 0.04635416666666667 0.224609375 0.005208333333333333 0.02734375
1 0.052083333333333336 0.232421875 0.00625 0.03515625
1 0.06770833333333333 0.24609375 0.00625 0.0390625
2 0.07395833333333333 0.26953125 0.008333333333333333 0.0390625
1 0.05572916666666667 0.26953125 0.011458333333333333 0.0390625
1 0.0375 0.263671875 0.0125 0.03515625
1 0.109375 0.265625 0.010416666666666666 0.0390625
2 0.12447916666666667 0.267578125 0.011458333333333333 0.04296875
1 0.159375 0.259765625 0.008333333333333333 0.03515625
2 0.1828125 0.27734375 0.009375 0.0390625
2 0.22760416666666666 0.279296875 0.009375 0.04296875
1 0.23541666666666666 0.263671875 0.00625 0.03515625
2 0.26666666666666666 0.287109375 0.010416666666666666 0.04296875
2 0.284375 0.36328125 0.01875 0.0859375
1 0.2953125 0.26953125 0.009375 0.0390625
2 0.31927083333333334 0.29296875 0.011458333333333333 0.046875
1 0.34791666666666665 0.279296875 0.008333333333333333 0.03515625
2 0.38125 0.310546875 0.0125 0.05078125
1 0.396875 0.29296875 0.008333333333333333 0.0390625
1 0.4552083333333333 0.3125 0.010416666666666666 0.046875
2 0.4666666666666667 0.34375 0.0125 0.0625
1 0.5515625 0.345703125 0.011458333333333333 0.05078125
2 0.5557291666666667 0.3828125 0.013541666666666667 0.0625
1 0.6473958333333333 0.376953125 0.011458333333333333 0.05078125
2 0.7046875 0.44140625 0.019791666666666666 0.078125
2 0.6328125 0.54296875 0.034375 0.140625
2 0.4328125 0.419921875 0.021875 0.09765625
1 0.8567708333333334 0.451171875 0.017708333333333333 0.06640625
2 0.8786458333333333 0.53515625 0.028125 0.109375
