1 0.2526041666666667 0.576171875 0.026041666666666668 0.14453125
1 0.35260416666666666 0.41796875 0.013541666666666667 0.0859375
1 0.4041666666666667 0.3515625 0.008333333333333333 0.0546875
1 0.4328125 0.318359375 0.007291666666666667 0.04296875
1 0.446875 0.302734375 0.00625 0.03515625
2 0.5755208333333334 0.306640625 0.007291666666666667 0.03515625
2 0.590625 0.330078125 0.008333333333333333 0.05078125
2 0.59375 0.28515625 0.00625 0.03125
2 0.6380208333333334 0.294921875 0.005208333333333333 0.03515625
2 0.7307291666666667 0.30078125 0.007291666666666667 0.0390625
2 0.8572916666666667 0.3125 0.008333333333333333 0.046875
1 0.9005208333333333 0.2890625 0.007291666666666667 0.0390625
2 0.775 0.58203125 0.029166666666666667 0.1484375
2 0.6125 0.361328125 0.010416666666666666 0.05859375
2 0.659375 0.42578125 0.014583333333333334 0.078125
1 0.45260416666666664 0.287109375 0.005208333333333333 0.02734375
1 0.7098958333333333 0.279296875 0.005208333333333333 0.02734375
1 0.7765625 0.28515625 0.005208333333333333 0.03125
1 0.7104166666666667 0.283203125 0.004166666666666667 0.02734375
1 0.7098958333333333 0.28125 0.005208333333333333 0.03125
