1 0.03333333333333333 0.35546875 0.014583333333333334 0.0859375
2 0.09010416666666667 0.27734375 0.007291666666666667 0.0390625
2 0.11927083333333334 0.291015625 0.007291666666666667 0.04296875
1 0.1421875 0.681640625 0.04479166666666667 0.19140625
2 0.153125 0.30078125 0.008333333333333333 0.046875
2 0.2109375 0.302734375 0.009375 0.05078125
2 0.25364583333333335 0.3046875 0.009375 0.046875
1 0.2786458333333333 0.361328125 0.015625 0.07421875
2 0.30520833333333336 0.296875 0.008333333333333333 0.046875
2 0.38177083333333334 0.2734375 0.007291666666666667 0.0390625
1 0.421875 0.455078125 0.01875 0.10546875
1 0.4322916666666667 0.326171875 0.010416666666666666 0.05859375
1 0.5 0.29296875 0.008333333333333333 0.0546875
1 0.53125 0.271484375 0.00625 0.04296875
1 0.5489583333333333 0.2578125 0.00625 0.03125
1 0.55625 0.38671875 0.014583333333333334 0.078125
1 0.5609375 0.25390625 0.005208333333333333 0.03125
1 0.5942708333333333 0.255859375 0.005208333333333333 0.02734375
1 0.6411458333333333 0.25390625 0.005208333333333333 0.03125
1 0.6739583333333333 0.3359375 0.010416666666666666 0.0625
1 0.8026041666666667 0.298828125 0.009375 0.05078125
1 0.9020833333333333 0.302734375 0.008333333333333333 0.05078125
1 0.6963541666666667 0.251953125 0.005208333333333333 0.02734375
1 0.7291666666666666 0.248046875 0.00625 0.02734375
1 0.771875 0.24609375 0.004166666666666667 0.0234375
1 0.8338541666666667 0.25 0.005208333333333333 0.03125
