1 0.4109375 0.54296875 0.026041666666666668 0.1328125
1 0.3140625 0.3046875 0.007291666666666667 0.0390625
1 0.3463541666666667 0.3203125 0.007291666666666667 0.046875
1 0.3859375 0.34765625 0.009375 0.0546875
2 0.4010416666666667 0.31640625 0.00625 0.0390625
2 0.434375 0.330078125 0.008333333333333333 0.04296875
1 0.4390625 0.37890625 0.011458333333333333 0.0625
1 0.4588541666666667 0.40625 0.013541666666666667 0.078125
1 0.4583333333333333 0.443359375 0.016666666666666666 0.08984375
2 0.5041666666666667 0.357421875 0.008333333333333333 0.05078125
2 0.5880208333333333 0.392578125 0.009375 0.05859375
2 0.6609375 0.431640625 0.013541666666666667 0.07421875
2 0.7114583333333333 0.490234375 0.01875 0.09765625
2 0.78125 0.6015625 0.029166666666666667 0.1484375
