1 0.31875 0.505859375 0.022916666666666665 0.12109375
1 0.3958333333333333 0.38671875 0.014583333333333334 0.078125
1 0.425 0.341796875 0.008333333333333333 0.05859375
1 0.4427083333333333 0.3125 0.00625 0.046875
1 0.3958333333333333 0.384765625 0.0125 0.07421875
1 0.31927083333333334 0.50390625 0.021875 0.125
1 0.45989583333333334 0.291015625 0.005208333333333333 0.04296875
2 0.75 0.515625 0.025 0.1171875
2 0.6557291666666667 0.392578125 0.013541666666666667 0.07421875
2 0.5979166666666667 0.31640625 0.008333333333333333 0.0390625
2 0.61875 0.34765625 0.010416666666666666 0.0546875
2 0.5979166666666667 0.31640625 0.008333333333333333 0.046875
