1 0.109375 0.84375 0.05625 0.2578125
1 0.309375 0.50390625 0.029166666666666667 0.1171875
1 0.37135416666666665 0.412109375 0.015625 0.08203125
1 0.40989583333333335 0.359375 0.013541666666666667 0.0625
1 0.4276041666666667 0.328125 0.007291666666666667 0.046875
1 0.4640625 0.310546875 0.009375 0.04296875
1 0.509375 0.29296875 0.00625 0.03125
2 0.6114583333333333 0.302734375 0.00625 0.03515625
2 0.5869791666666667 0.306640625 0.007291666666666667 0.04296875
2 0.5703125 0.322265625 0.007291666666666667 0.03515625
2 0.5953125 0.3515625 0.011458333333333333 0.0546875
2 0.6348958333333333 0.396484375 0.015625 0.07421875
2 0.7260416666666667 0.4921875 0.022916666666666665 0.109375
