1 0.09270833333333334 0.26171875 0.0125 0.0625
1 0.15885416666666666 0.259765625 0.011458333333333333 0.05859375
2 0.140625 0.46484375 0.029166666666666667 0.1328125
2 0.1421875 0.37890625 0.023958333333333335 0.1015625
2 0.17083333333333334 0.34375 0.020833333333333332 0.0859375
2 0.215625 0.74609375 0.05416666666666667 0.234375
2 0.259375 0.34765625 0.01875 0.0859375
2 0.34322916666666664 0.228515625 0.011458333333333333 0.05078125
1 0.6473958333333333 0.71484375 0.03854166666666667 0.203125
1 0.9338541666666667 0.47265625 0.026041666666666668 0.109375
2 0.9911458333333333 0.32421875 0.015625 0.0546875
1 0.22083333333333333 0.244140625 0.0125 0.05859375
1 0.18541666666666667 0.22265625 0.010416666666666666 0.046875
