3 0.40989583333333335 0.37109375 0.023958333333333335 0.1484375
3 0.43385416666666665 0.349609375 0.021875 0.12890625
1 0.5 0.3125 0.010416666666666666 0.0546875
1 0.5338541666666666 0.27734375 0.009375 0.046875
1 0.5526041666666667 0.259765625 0.007291666666666667 0.03515625
1 0.5645833333333333 0.248046875 0.00625 0.02734375
1 0.5739583333333333 0.23828125 0.004166666666666667 0.0234375
2 0.640625 0.23828125 0.004166666666666667 0.0234375
2 0.6447916666666667 0.25 0.00625 0.03125
2 0.65 0.259765625 0.00625 0.03515625
2 0.6635416666666667 0.28515625 0.008333333333333333 0.046875
2 0.6760416666666667 0.32421875 0.0125 0.0625
3 0.7083333333333334 0.37890625 0.020833333333333332 0.140625
3 0.7182291666666667 0.40625 0.028125 0.1640625
