1 0.32135416666666666 0.599609375 0.028125 0.15234375
1 0.39947916666666666 0.431640625 0.015625 0.08984375
1 0.4375 0.361328125 0.010416666666666666 0.05859375
1 0.53125 0.330078125 0.008333333333333333 0.04296875
1 0.6536458333333334 0.328125 0.007291666666666667 0.046875
2 0.6885416666666667 0.38671875 0.0125 0.0625
2 0.7291666666666666 0.451171875 0.016666666666666666 0.08984375
2 0.765625 0.392578125 0.0125 0.07421875
1 0.7375 0.33984375 0.008333333333333333 0.046875
1 0.8484375 0.353515625 0.009375 0.05078125
2 0.9104166666666667 0.4296875 0.016666666666666666 0.0859375
2 0.875 0.62109375 0.03125 0.15625
