1 0.20833333333333334 0.267578125 0.008333333333333333 0.04296875
2 0.24322916666666666 0.296875 0.011458333333333333 0.0546875
2 0.23958333333333334 0.333984375 0.014583333333333334 0.07421875
3 0.25729166666666664 0.33203125 0.020833333333333332 0.125
2 0.2953125 0.275390625 0.009375 0.04296875
1 0.30364583333333334 0.251953125 0.005208333333333333 0.03515625
2 0.30833333333333335 0.37109375 0.020833333333333332 0.09375
2 0.35989583333333336 0.259765625 0.009375 0.04296875
1 0.3859375 0.24609375 0.005208333333333333 0.03125
2 0.415625 0.255859375 0.008333333333333333 0.04296875
3 0.39375 0.37109375 0.029166666666666667 0.1484375
1 0.4828125 0.244140625 0.005208333333333333 0.03515625
2 0.4791666666666667 0.4140625 0.025 0.1015625
2 0.49166666666666664 0.255859375 0.008333333333333333 0.03515625
2 0.5755208333333334 0.2578125 0.005208333333333333 0.03125
1 0.5822916666666667 0.24609375 0.004166666666666667 0.03125
2 0.653125 0.263671875 0.008333333333333333 0.03515625
1 0.6786458333333333 0.2578125 0.005208333333333333 0.03125
2 0.7161458333333334 0.2734375 0.009375 0.046875
2 0.7484375 0.421875 0.023958333333333335 0.1015625
1 0.7697916666666667 0.265625 0.008333333333333333 0.0390625
2 0.8166666666666667 0.88671875 0.052083333333333336 0.2265625
2 0.80625 0.29296875 0.010416666666666666 0.046875
1 0.8348958333333333 0.587890625 0.036458333333333336 0.16796875
2 0.8760416666666667 0.3203125 0.0125 0.0625
2 0.8838541666666667 0.390625 0.019791666666666666 0.09375
1 0.90625 0.58984375 0.041666666666666664 0.1640625
2 0.9119791666666667 0.35546875 0.015625 0.0703125
1 0.9020833333333333 0.296875 0.010416666666666666 0.046875
0 0.0109375 0.27734375 0.011458333333333333 0.0546875
0 0.0453125 0.2890625 0.013541666666666667 0.0546875
1 0.06979166666666667 0.458984375 0.027083333333333334 0.12109375
1 0.08645833333333333 0.306640625 0.0125 0.05859375
1 0.0984375 0.296875 0.011458333333333333 0.0625
3 0.11927083333333334 0.458984375 0.042708333333333334 0.22265625
1 0.13697916666666668 0.576171875 0.036458333333333336 0.16015625
