1 0.28072916666666664 0.78125 0.046875 0.234375
2 0.41510416666666666 0.357421875 0.015625 0.06640625
1 0.4864583333333333 0.490234375 0.022916666666666665 0.12109375
1 0.5697916666666667 0.39453125 0.014583333333333334 0.0859375
1 0.6760416666666667 0.390625 0.016666666666666666 0.078125
1 0.7442708333333333 0.38671875 0.013541666666666667 0.0703125
1 0.7526041666666666 0.330078125 0.011458333333333333 0.05859375
1 0.8078125 0.357421875 0.011458333333333333 0.06640625
1 0.8083333333333333 0.27734375 0.008333333333333333 0.0390625
1 0.8401041666666667 0.26171875 0.009375 0.046875
1 0.8927083333333333 0.259765625 0.008333333333333333 0.04296875
2 0.84375 0.572265625 0.03125 0.15234375
2 0.8494791666666667 0.681640625 0.03854166666666667 0.17578125
2 0.9661458333333334 0.3203125 0.015625 0.0703125
1 0.95 0.2578125 0.008333333333333333 0.0390625
