1 0.1875 0.671875 0.0375 0.1875
1 0.3328125 0.44140625 0.013541666666666667 0.09375
1 0.3958333333333333 0.361328125 0.010416666666666666 0.06640625
2 0.8432291666666667 0.67578125 0.040625 0.1796875
2 0.6796875 0.451171875 0.017708333333333333 0.09765625
2 0.621875 0.373046875 0.010416666666666666 0.06640625
1 0.4276041666666667 0.3203125 0.007291666666666667 0.046875
1 0.44375 0.302734375 0.00625 0.03515625
1 0.4505208333333333 0.287109375 0.005208333333333333 0.02734375
2 0.5682291666666667 0.29296875 0.005208333333333333 0.03125
2 0.5796875 0.306640625 0.007291666666666667 0.04296875
2 0.596875 0.333984375 0.008333333333333333 0.05078125
2 0.5979166666666667 0.28515625 0.00625 0.03125
2 0.6442708333333333 0.29296875 0.005208333333333333 0.03125
2 0.7421875 0.302734375 0.007291666666666667 0.04296875
2 0.8791666666666667 0.31640625 0.008333333333333333 0.046875
1 0.9213541666666667 0.2890625 0.007291666666666667 0.0390625
1 0.7890625 0.283203125 0.005208333333333333 0.03515625
1 0.7182291666666667 0.279296875 0.005208333333333333 0.03515625
