2 0.321875 0.97265625 0.0125 0.0546875
1 0.3265625 0.9296875 0.009375 0.0390625
2 0.39114583333333336 0.953125 0.009375 0.046875
1 0.42916666666666664 0.921875 0.008333333333333333 0.0390625
2 0.46875 0.947265625 0.008333333333333333 0.04296875
1 0.5317708333333333 0.9296875 0.007291666666666667 0.0390625
2 0.5541666666666667 0.955078125 0.010416666666666666 0.04296875
2 0.6546875 0.97265625 0.011458333333333333 0.0546875
1 0.21770833333333334 0.96484375 0.010416666666666666 0.046875
0 0.0515625 0.953125 0.007291666666666667 0.0390625
0 0.05625 0.96484375 0.008333333333333333 0.046875
0 0.06354166666666666 0.97265625 0.010416666666666666 0.0546875
0 0.003125 0.96875 0.00625 0.0390625
