1 0.328125 0.560546875 0.022916666666666665 0.14453125
1 0.4125 0.423828125 0.014583333333333334 0.08984375
2 0.8760416666666667 0.638671875 0.035416666666666666 0.16796875
2 0.7197916666666667 0.4375 0.01875 0.09375
2 0.665625 0.373046875 0.0125 0.06640625
1 0.44114583333333335 0.361328125 0.009375 0.05859375
1 0.46197916666666666 0.326171875 0.007291666666666667 0.04296875
1 0.534375 0.3046875 0.00625 0.0390625
1 0.6338541666666667 0.3046875 0.005208333333333333 0.0390625
1 0.7005208333333334 0.3125 0.007291666666666667 0.0390625
2 0.6510416666666666 0.33984375 0.008333333333333333 0.046875
2 0.7052083333333333 0.345703125 0.008333333333333333 0.05078125
2 0.8020833333333334 0.365234375 0.0125 0.05859375
1 0.7838541666666666 0.322265625 0.007291666666666667 0.04296875
1 0.9171875 0.3359375 0.009375 0.0546875
