2 0.05416666666666667 0.38671875 0.020833333333333332 0.1015625
2 0.25104166666666666 0.474609375 0.027083333333333334 0.12890625
0 0.30833333333333335 0.384765625 0.01875 0.09765625
0 0.334375 0.333984375 0.014583333333333334 0.08203125
0 0.34791666666666665 0.314453125 0.0125 0.06640625
0 0.3614583333333333 0.291015625 0.014583333333333334 0.05859375
0 0.37447916666666664 0.2734375 0.011458333333333333 0.0546875
0 0.3828125 0.26171875 0.009375 0.046875
0 0.4265625 0.263671875 0.011458333333333333 0.05078125
0 0.4671875 0.263671875 0.009375 0.05078125
0 0.5125 0.279296875 0.010416666666666666 0.05078125
0 0.5171875 0.3046875 0.011458333333333333 0.0546875
0 0.5244791666666667 0.345703125 0.013541666666666667 0.06640625
0 0.5328125 0.40234375 0.015625 0.09375
1 0.5427083333333333 0.458984375 0.01875 0.10546875
1 0.7125 0.376953125 0.016666666666666666 0.08203125
2 0.8776041666666666 0.609375 0.036458333333333336 0.1796875
1 0.8885416666666667 0.349609375 0.014583333333333334 0.07421875
