2 0.0171875 0.263671875 0.009375 0.05078125
1 0.04375 0.28125 0.010416666666666666 0.046875
2 0.1421875 0.255859375 0.009375 0.05078125
1 0.153125 0.2734375 0.010416666666666666 0.0546875
1 0.26145833333333335 0.2734375 0.008333333333333333 0.046875
2 0.2838541666666667 0.255859375 0.009375 0.04296875
1 0.3260416666666667 0.595703125 0.035416666666666666 0.17578125
1 0.3770833333333333 0.27734375 0.008333333333333333 0.046875
2 0.415625 0.26171875 0.008333333333333333 0.046875
3 0.4588541666666667 0.494140625 0.036458333333333336 0.23046875
1 0.4640625 0.287109375 0.009375 0.05078125
2 0.525 0.279296875 0.008333333333333333 0.03515625
1 0.5307291666666667 0.306640625 0.009375 0.05078125
1 0.5348958333333333 0.482421875 0.023958333333333335 0.12109375
1 0.5859375 0.337890625 0.013541666666666667 0.06640625
3 0.5911458333333334 0.39453125 0.021875 0.1484375
1 0.603125 0.392578125 0.016666666666666666 0.08203125
2 0.6125 0.294921875 0.010416666666666666 0.05078125
2 0.7098958333333333 0.33984375 0.013541666666666667 0.0625
2 0.721875 0.34765625 0.014583333333333334 0.0625
3 0.7479166666666667 0.326171875 0.010416666666666666 0.05078125
0 0.7473958333333334 0.328125 0.011458333333333333 0.0546875
0 0.7651041666666667 0.310546875 0.009375 0.05078125
0 0.7760416666666666 0.298828125 0.008333333333333333 0.04296875
0 0.7869791666666667 0.2890625 0.007291666666666667 0.0390625
0 0.8192708333333333 0.29296875 0.009375 0.0390625
0 0.8510416666666667 0.296875 0.008333333333333333 0.0390625
0 0.8786458333333333 0.349609375 0.011458333333333333 0.05859375
1 0.8661458333333333 0.37890625 0.013541666666666667 0.0703125
1 0.9020833333333333 0.37109375 0.014583333333333334 0.0703125
3 0.8916666666666667 0.49609375 0.03958333333333333 0.203125
2 0.8911458333333333 0.626953125 0.03854166666666667 0.17578125
2 0.9442708333333333 0.4921875 0.028125 0.1171875
