2 0.051041666666666666 0.310546875 0.016666666666666666 0.06640625
1 0.049479166666666664 0.396484375 0.023958333333333335 0.10546875
2 0.07083333333333333 0.236328125 0.010416666666666666 0.04296875
3 0.14114583333333333 0.296875 0.017708333333333333 0.109375
1 0.16614583333333333 0.474609375 0.026041666666666668 0.12890625
1 0.203125 0.70703125 0.04791666666666667 0.2265625
2 0.2171875 0.318359375 0.013541666666666667 0.06640625
2 0.35104166666666664 0.30859375 0.0125 0.0546875
2 0.42604166666666665 0.296875 0.010416666666666666 0.0546875
2 0.42135416666666664 0.39453125 0.017708333333333333 0.09375
1 0.4359375 0.337890625 0.013541666666666667 0.06640625
2 0.44583333333333336 0.267578125 0.008333333333333333 0.04296875
2 0.45364583333333336 0.279296875 0.007291666666666667 0.04296875
1 0.534375 0.306640625 0.010416666666666666 0.05078125
0 0.5447916666666667 0.34765625 0.0125 0.0625
0 0.5614583333333333 0.404296875 0.016666666666666666 0.08984375
1 0.5494791666666666 0.28515625 0.009375 0.046875
0 0.6348958333333333 0.3515625 0.013541666666666667 0.0625
2 0.6489583333333333 0.564453125 0.029166666666666667 0.15234375
0 0.6791666666666667 0.416015625 0.020833333333333332 0.08984375
