2 0.075 0.314453125 0.016666666666666666 0.07421875
2 0.07395833333333333 0.373046875 0.020833333333333332 0.09765625
2 0.146875 0.27734375 0.0125 0.0625
2 0.23645833333333333 0.2578125 0.010416666666666666 0.046875
1 0.23854166666666668 0.302734375 0.014583333333333334 0.06640625
1 0.2635416666666667 0.28125 0.0125 0.0546875
1 0.26979166666666665 0.333984375 0.016666666666666666 0.07421875
2 0.28229166666666666 0.46484375 0.027083333333333334 0.125
1 0.35833333333333334 0.705078125 0.04375 0.21484375
1 0.3125 0.267578125 0.010416666666666666 0.04296875
2 0.3296875 0.25 0.007291666666666667 0.0390625
2 0.34739583333333335 0.470703125 0.026041666666666668 0.12890625
1 0.37395833333333334 0.2578125 0.008333333333333333 0.0390625
1 0.4203125 0.62890625 0.034375 0.1875
2 0.41875 0.24609375 0.008333333333333333 0.0390625
1 0.4375 0.255859375 0.008333333333333333 0.03515625
1 0.4432291666666667 0.3828125 0.017708333333333333 0.0859375
2 0.484375 0.24609375 0.008333333333333333 0.0390625
1 0.4942708333333333 0.255859375 0.007291666666666667 0.03515625
1 0.5630208333333333 0.2578125 0.007291666666666667 0.0390625
2 0.5770833333333333 0.251953125 0.008333333333333333 0.04296875
1 0.6364583333333333 0.388671875 0.016666666666666666 0.08984375
1 0.6510416666666666 0.267578125 0.008333333333333333 0.03515625
3 0.7078125 0.36328125 0.021875 0.1328125
2 0.6828125 0.265625 0.009375 0.0390625
1 0.7265625 0.283203125 0.009375 0.04296875
1 0.7588541666666667 0.380859375 0.017708333333333333 0.08203125
1 0.784375 0.30078125 0.010416666666666666 0.046875
3 0.8114583333333333 0.341796875 0.020833333333333332 0.11328125
1 0.8317708333333333 0.318359375 0.013541666666666667 0.05859375
1 0.8302083333333333 0.35546875 0.014583333333333334 0.0625
2 0.8755208333333333 0.3046875 0.009375 0.046875
2 0.8916666666666667 0.5546875 0.035416666666666666 0.1484375
3 0.9317708333333333 0.47265625 0.036458333333333336 0.1953125
2 0.9651041666666667 0.34375 0.009375 0.0546875
2 0.9755208333333333 0.345703125 0.011458333333333333 0.05859375
