1 0.027083333333333334 0.2578125 0.008333333333333333 0.0390625
2 0.050520833333333334 0.44140625 0.028125 0.1171875
1 0.1171875 0.361328125 0.017708333333333333 0.08203125
1 0.12239583333333333 0.24609375 0.007291666666666667 0.0390625
1 0.22864583333333333 0.24609375 0.007291666666666667 0.0390625
1 0.309375 0.248046875 0.00625 0.03515625
0 0.3338541666666667 0.75 0.04895833333333333 0.234375
1 0.353125 0.330078125 0.0125 0.06640625
2 0.41822916666666665 0.37890625 0.015625 0.078125
0 0.4125 0.466796875 0.022916666666666665 0.11328125
2 0.45 0.3671875 0.016666666666666666 0.078125
1 0.44114583333333335 0.306640625 0.011458333333333333 0.05078125
3 0.4583333333333333 0.28515625 0.010416666666666666 0.0703125
1 0.3671875 0.251953125 0.007291666666666667 0.03515625
2 0.4041666666666667 0.24609375 0.00625 0.03125
1 0.4197916666666667 0.259765625 0.00625 0.03515625
1 0.45364583333333336 0.2734375 0.007291666666666667 0.0390625
2 0.47291666666666665 0.2578125 0.00625 0.03125
2 0.48125 0.259765625 0.00625 0.03515625
0 0.5026041666666666 0.23828125 0.005208333333333333 0.0234375
0 0.5182291666666666 0.23828125 0.005208333333333333 0.0234375
0 0.5322916666666667 0.240234375 0.004166666666666667 0.02734375
0 0.5364583333333334 0.24609375 0.00625 0.03125
1 0.5401041666666667 0.259765625 0.005208333333333333 0.03515625
1 0.5505208333333333 0.259765625 0.005208333333333333 0.02734375
3 0.5625 0.2734375 0.008333333333333333 0.0703125
2 0.5677083333333334 0.298828125 0.00625 0.03515625
2 0.5729166666666666 0.28125 0.00625 0.0390625
0 0.5807291666666666 0.29296875 0.011458333333333333 0.078125
2 0.5973958333333333 0.322265625 0.009375 0.05078125
1 0.5854166666666667 0.37109375 0.014583333333333334 0.0703125
1 0.609375 0.380859375 0.014583333333333334 0.07421875
3 0.6234375 0.47265625 0.023958333333333335 0.1171875
0 0.6234375 0.47265625 0.021875 0.1171875
0 0.7677083333333333 0.796875 0.058333333333333334 0.2578125
2 0.7307291666666667 0.361328125 0.015625 0.07421875
2 0.9302083333333333 0.396484375 0.022916666666666665 0.08984375
2 0.609375 0.26953125 0.00625 0.03125
1 0.6260416666666667 0.2578125 0.00625 0.03125
2 0.665625 0.265625 0.00625 0.03125
1 0.70625 0.2578125 0.00625 0.03125
2 0.73125 0.26953125 0.00625 0.03125
1 0.7864583333333334 0.263671875 0.00625 0.02734375
2 0.7927083333333333 0.2734375 0.00625 0.03125
