1 0.07239583333333334 0.787109375 0.053125 0.24609375
1 0.34791666666666665 0.484375 0.022916666666666665 0.1171875
1 0.47239583333333335 0.404296875 0.015625 0.07421875
1 0.5380208333333333 0.375 0.011458333333333333 0.0625
1 0.5864583333333333 0.357421875 0.010416666666666666 0.05859375
1 0.6348958333333333 0.341796875 0.007291666666666667 0.04296875
1 0.6729166666666667 0.333984375 0.00625 0.03515625
2 0.7770833333333333 0.34765625 0.010416666666666666 0.046875
2 0.7494791666666667 0.365234375 0.011458333333333333 0.05859375
2 0.7390625 0.396484375 0.013541666666666667 0.07421875
2 0.73125 0.453125 0.01875 0.09375
2 0.7458333333333333 0.537109375 0.025 0.12890625
2 0.8151041666666666 0.748046875 0.04479166666666667 0.20703125
