1 0.2203125 0.666015625 0.040625 0.19140625
1 0.3484375 0.439453125 0.021875 0.10546875
1 0.40208333333333335 0.353515625 0.014583333333333334 0.06640625
1 0.5052083333333334 0.314453125 0.010416666666666666 0.05078125
1 0.6328125 0.3125 0.009375 0.046875
2 0.6682291666666667 0.375 0.017708333333333333 0.0703125
2 0.7114583333333333 0.455078125 0.022916666666666665 0.10546875
1 0.7197916666666667 0.322265625 0.010416666666666666 0.05078125
2 0.7489583333333333 0.388671875 0.01875 0.08203125
1 0.8385416666666666 0.341796875 0.0125 0.05859375
2 0.8838541666666667 0.677734375 0.04479166666666667 0.19140625
2 0.903125 0.42578125 0.022916666666666665 0.09375
