2 0.0067708333333333336 0.314453125 0.013541666666666667 0.07421875
1 0.07291666666666667 0.708984375 0.052083333333333336 0.23828125
1 0.07916666666666666 0.482421875 0.03125 0.13671875
2 0.21145833333333333 0.33984375 0.016666666666666666 0.078125
2 0.3671875 0.396484375 0.019791666666666666 0.10546875
0 0.3953125 0.345703125 0.013541666666666667 0.07421875
0 0.40989583333333335 0.3125 0.011458333333333333 0.0625
0 0.41875 0.30078125 0.010416666666666666 0.0546875
0 0.428125 0.28125 0.010416666666666666 0.046875
0 0.43697916666666664 0.26171875 0.009375 0.046875
0 0.44375 0.255859375 0.010416666666666666 0.05078125
0 0.48125 0.2578125 0.008333333333333333 0.046875
0 0.5161458333333333 0.259765625 0.009375 0.04296875
0 0.5572916666666666 0.2734375 0.008333333333333333 0.046875
0 0.5604166666666667 0.291015625 0.010416666666666666 0.05078125
0 0.565625 0.322265625 0.010416666666666666 0.06640625
0 0.571875 0.3671875 0.014583333333333334 0.078125
1 0.5786458333333333 0.40234375 0.013541666666666667 0.078125
1 0.725 0.349609375 0.014583333333333334 0.07421875
2 0.7979166666666667 0.6796875 0.03958333333333333 0.2109375
2 0.8140625 0.48828125 0.026041666666666668 0.125
1 0.8890625 0.333984375 0.013541666666666667 0.05859375
2 0.9078125 0.42578125 0.019791666666666666 0.1015625
