1 0.109375 0.623046875 0.03958333333333333 0.16796875
1 0.10052083333333334 0.830078125 0.059375 0.27734375
1 0.08177083333333333 0.326171875 0.009375 0.04296875
2 0.11458333333333333 0.373046875 0.0125 0.06640625
2 0.14583333333333334 0.349609375 0.0125 0.05078125
1 0.24583333333333332 0.341796875 0.008333333333333333 0.03515625
2 0.2484375 0.359375 0.009375 0.046875
2 0.26666666666666666 0.388671875 0.014583333333333334 0.08203125
1 0.34739583333333335 0.34765625 0.007291666666666667 0.046875
2 0.384375 0.37109375 0.010416666666666666 0.0546875
2 0.4114583333333333 0.42578125 0.01875 0.0859375
1 0.4552083333333333 0.359375 0.008333333333333333 0.046875
2 0.5369791666666667 0.38671875 0.009375 0.0546875
1 0.5921875 0.37109375 0.009375 0.046875
2 0.5869791666666667 0.4921875 0.023958333333333335 0.109375
2 0.6583333333333333 0.40625 0.010416666666666666 0.0625
1 0.6869791666666667 0.384765625 0.009375 0.05078125
2 0.7875 0.42578125 0.0125 0.0625
1 0.8182291666666667 0.40234375 0.011458333333333333 0.0546875
2 0.9041666666666667 0.716796875 0.04375 0.19921875
