1 0.35260416666666666 0.490234375 0.019791666666666666 0.11328125
1 0.47604166666666664 0.38671875 0.014583333333333334 0.078125
1 0.5447916666666667 0.341796875 0.008333333333333333 0.05078125
1 0.603125 0.310546875 0.00625 0.03515625
1 0.6416666666666667 0.3046875 0.00625 0.0390625
1 0.6927083333333334 0.298828125 0.00625 0.03515625
1 0.7713541666666667 0.298828125 0.007291666666666667 0.03515625
2 0.7682291666666666 0.60546875 0.03229166666666667 0.15625
2 0.7489583333333333 0.458984375 0.020833333333333332 0.09765625
2 0.7390625 0.3828125 0.013541666666666667 0.0625
2 0.7421875 0.34375 0.009375 0.046875
2 0.7713541666666667 0.328125 0.007291666666666667 0.0390625
2 0.8041666666666667 0.318359375 0.008333333333333333 0.04296875
1 0.8473958333333333 0.296875 0.007291666666666667 0.03125
2 0.8557291666666667 0.3125 0.007291666666666667 0.0390625
