1 0.3489583333333333 0.546875 0.025 0.1328125
1 0.43020833333333336 0.42578125 0.014583333333333334 0.078125
1 0.46979166666666666 0.37109375 0.010416666666666666 0.0546875
1 0.4895833333333333 0.3515625 0.008333333333333333 0.046875
1 0.5041666666666667 0.330078125 0.00625 0.03515625
1 0.428125 0.322265625 0.00625 0.03515625
2 0.5947916666666667 0.326171875 0.00625 0.03515625
2 0.6015625 0.345703125 0.009375 0.04296875
2 0.6161458333333333 0.369140625 0.011458333333333333 0.05859375
2 0.6416666666666667 0.4140625 0.016666666666666666 0.078125
2 0.7151041666666667 0.546875 0.028125 0.125
