1 0.2942708333333333 0.22265625 0.005208333333333333 0.03125
1 0.27395833333333336 0.23046875 0.00625 0.03125
1 0.25833333333333336 0.23046875 0.00625 0.03125
1 0.24114583333333334 0.23828125 0.007291666666666667 0.0390625
1 0.22395833333333334 0.25390625 0.008333333333333333 0.046875
1 0.22916666666666666 0.28515625 0.008333333333333333 0.0546875
1 0.253125 0.34765625 0.0125 0.0703125
1 0.32083333333333336 0.580078125 0.029166666666666667 0.15234375
1 0.4078125 0.3984375 0.015625 0.078125
2 0.353125 0.25390625 0.00625 0.03125
2 0.35885416666666664 0.26953125 0.007291666666666667 0.0390625
2 0.371875 0.28515625 0.008333333333333333 0.046875
2 0.4046875 0.314453125 0.009375 0.05078125
2 0.4625 0.326171875 0.008333333333333333 0.05078125
2 0.5286458333333334 0.333984375 0.009375 0.05078125
2 0.6072916666666667 0.373046875 0.0125 0.06640625
2 0.6177083333333333 0.431640625 0.01875 0.08984375
2 0.7052083333333333 0.603515625 0.03125 0.16015625
1 0.6036458333333333 0.275390625 0.005208333333333333 0.02734375
2 0.6260416666666667 0.2890625 0.00625 0.03125
1 0.6526041666666667 0.28125 0.005208333333333333 0.03125
1 0.7067708333333333 0.287109375 0.005208333333333333 0.02734375
2 0.7192708333333333 0.30078125 0.007291666666666667 0.03125
1 0.7520833333333333 0.287109375 0.00625 0.02734375
