1 0.015104166666666667 0.328125 0.015625 0.0859375
2 0.13125 0.28125 0.014583333333333334 0.0703125
1 0.15520833333333334 0.33984375 0.016666666666666666 0.078125
1 0.19322916666666667 0.74609375 0.053125 0.234375
1 0.24010416666666667 0.37890625 0.019791666666666666 0.09375
1 0.2911458333333333 0.462890625 0.023958333333333335 0.12109375
3 0.2796875 0.5078125 0.03854166666666667 0.2578125
2 0.2942708333333333 0.302734375 0.013541666666666667 0.07421875
2 0.4197916666666667 0.34375 0.0125 0.0703125
0 0.43697916666666664 0.30859375 0.009375 0.0546875
0 0.44635416666666666 0.283203125 0.009375 0.05078125
0 0.45208333333333334 0.275390625 0.008333333333333333 0.05078125
0 0.4583333333333333 0.26171875 0.008333333333333333 0.046875
0 0.465625 0.251953125 0.008333333333333333 0.04296875
0 0.4708333333333333 0.244140625 0.008333333333333333 0.04296875
0 0.5036458333333333 0.24609375 0.007291666666666667 0.0390625
0 0.534375 0.25 0.008333333333333333 0.0390625
0 0.5708333333333333 0.271484375 0.008333333333333333 0.04296875
0 0.5739583333333333 0.296875 0.010416666666666666 0.046875
0 0.5765625 0.32421875 0.009375 0.0546875
1 0.5802083333333333 0.34765625 0.010416666666666666 0.0625
2 0.69375 0.474609375 0.025 0.11328125
3 0.721875 0.533203125 0.03958333333333333 0.24609375
2 0.7901041666666667 0.759765625 0.04895833333333333 0.23046875
2 0.8322916666666667 0.369140625 0.014583333333333334 0.07421875
1 0.8458333333333333 0.30859375 0.010416666666666666 0.046875
2 0.9526041666666667 0.36328125 0.013541666666666667 0.0703125
2 0.7421875 0.3984375 0.019791666666666666 0.0859375
1 0.7026041666666667 0.31640625 0.011458333333333333 0.0546875
