1 0.14583333333333334 0.8203125 0.05625 0.2578125
1 0.40572916666666664 0.4375 0.017708333333333333 0.09375
1 0.4557291666666667 0.373046875 0.009375 0.06640625
1 0.48489583333333336 0.33984375 0.007291666666666667 0.046875
1 0.5015625 0.326171875 0.007291666666666667 0.04296875
1 0.44479166666666664 0.302734375 0.004166666666666667 0.02734375
1 0.5140625 0.310546875 0.005208333333333333 0.03515625
2 0.5953125 0.30859375 0.005208333333333333 0.03125
2 0.6005208333333333 0.322265625 0.007291666666666667 0.03515625
2 0.6088541666666667 0.33984375 0.009375 0.046875
2 0.6255208333333333 0.369140625 0.011458333333333333 0.06640625
2 0.665625 0.4453125 0.01875 0.09375
2 0.8588541666666667 0.771484375 0.046875 0.21484375
