1 0.26197916666666665 0.486328125 0.030208333333333334 0.13671875
1 0.4005208333333333 0.3515625 0.017708333333333333 0.0859375
1 0.490625 0.306640625 0.0125 0.06640625
1 0.5453125 0.2890625 0.009375 0.0546875
1 0.5890625 0.28125 0.009375 0.046875
1 0.6354166666666666 0.26953125 0.008333333333333333 0.0390625
1 0.6723958333333333 0.263671875 0.007291666666666667 0.03515625
2 0.7614583333333333 0.275390625 0.008333333333333333 0.04296875
2 0.7307291666666667 0.2890625 0.011458333333333333 0.0546875
2 0.7135416666666666 0.310546875 0.0125 0.05859375
2 0.696875 0.345703125 0.016666666666666666 0.07421875
2 0.6953125 0.3984375 0.019791666666666666 0.0859375
2 0.7119791666666667 0.49609375 0.026041666666666668 0.1328125
2 0.8447916666666667 0.875 0.05625 0.2421875
