1 0.11197916666666667 0.857421875 0.08020833333333334 0.27734375
1 0.271875 0.46484375 0.0375 0.171875
1 0.24791666666666667 0.35546875 0.022916666666666665 0.1171875
1 0.15572916666666667 0.30078125 0.019791666666666666 0.109375
1 0.06875 0.2578125 0.020833333333333332 0.0859375
2 0.6625 0.4375 0.03125 0.140625
2 0.5208333333333334 0.318359375 0.01875 0.08984375
2 0.3880208333333333 0.265625 0.013541666666666667 0.0703125
2 0.30520833333333336 0.24609375 0.0125 0.0625
2 0.2526041666666667 0.232421875 0.009375 0.05078125
2 0.23958333333333334 0.224609375 0.010416666666666666 0.05078125
