1 0.16041666666666668 0.677734375 0.04791666666666667 0.21484375
1 0.15833333333333333 0.46484375 0.029166666666666667 0.109375
1 0.06875 0.38671875 0.01875 0.1015625
2 0.26875 0.328125 0.014583333333333334 0.0625
2 0.41770833333333335 0.390625 0.014583333333333334 0.0859375
1 0.628125 0.396484375 0.016666666666666666 0.08203125
2 0.86875 0.70703125 0.041666666666666664 0.21875
2 0.8776041666666666 0.498046875 0.030208333333333334 0.12890625
1 0.7786458333333334 0.34765625 0.013541666666666667 0.0625
2 0.08177083333333333 0.306640625 0.013541666666666667 0.05859375
0 0.4427083333333333 0.333984375 0.010416666666666666 0.05859375
0 0.6072916666666667 0.349609375 0.0125 0.06640625
