1 0.2869791666666667 0.224609375 0.005208333333333333 0.02734375
1 0.26458333333333334 0.23046875 0.00625 0.03125
1 0.24635416666666668 0.23046875 0.007291666666666667 0.0390625
1 0.22760416666666666 0.23828125 0.007291666666666667 0.046875
1 0.20677083333333332 0.25390625 0.007291666666666667 0.046875
1 0.20885416666666667 0.2890625 0.009375 0.0546875
1 0.228125 0.357421875 0.0125 0.07421875
1 0.27395833333333336 0.669921875 0.0375 0.18359375
1 0.39427083333333335 0.416015625 0.015625 0.08984375
2 0.353125 0.232421875 0.004166666666666667 0.02734375
2 0.34791666666666665 0.2421875 0.00625 0.03125
2 0.34479166666666666 0.25390625 0.00625 0.0390625
2 0.35 0.26953125 0.00625 0.0390625
2 0.36302083333333335 0.287109375 0.007291666666666667 0.04296875
2 0.396875 0.318359375 0.008333333333333333 0.05078125
2 0.4578125 0.330078125 0.009375 0.05078125
2 0.528125 0.337890625 0.010416666666666666 0.05078125
2 0.6151041666666667 0.3828125 0.013541666666666667 0.0703125
2 0.6296875 0.45703125 0.017708333333333333 0.09375
2 0.7515625 0.697265625 0.03854166666666667 0.19921875
1 0.6057291666666667 0.2734375 0.005208333333333333 0.03125
2 0.6296875 0.291015625 0.005208333333333333 0.03515625
1 0.65625 0.28125 0.00625 0.03125
1 0.7119791666666667 0.28515625 0.005208333333333333 0.03125
2 0.7270833333333333 0.302734375 0.00625 0.03515625
