1 0.22916666666666666 0.44140625 0.020833333333333332 0.09375
1 0.2994791666666667 0.396484375 0.015625 0.08203125
1 0.3765625 0.369140625 0.011458333333333333 0.05859375
1 0.44166666666666665 0.365234375 0.010416666666666666 0.05859375
1 0.51875 0.359375 0.008333333333333333 0.046875
1 0.5645833333333333 0.357421875 0.008333333333333333 0.04296875
2 0.5572916666666666 0.455078125 0.020833333333333332 0.09765625
2 0.578125 0.615234375 0.03125 0.16015625
2 0.5932291666666667 0.41015625 0.013541666666666667 0.078125
2 0.6302083333333334 0.390625 0.010416666666666666 0.0546875
2 0.6484375 0.3828125 0.009375 0.046875
1 0.6572916666666667 0.34765625 0.00625 0.0390625
2 0.7135416666666666 0.380859375 0.010416666666666666 0.05078125
1 0.8078125 0.365234375 0.007291666666666667 0.04296875
2 0.8546875 0.400390625 0.011458333333333333 0.05859375
1 0.9333333333333333 0.375 0.010416666666666666 0.046875
