2 0.24713541666666666 0.7652777777777777 0.0515625 0.13055555555555556
3 0.3606770833333333 0.4949074074074074 0.021354166666666667 0.06574074074074074
3 0.3971354166666667 0.5467592592592593 0.0296875 0.09166666666666666
3 0.4440104166666667 0.4699074074074074 0.0140625 0.04722222222222222
3 0.49583333333333335 0.43472222222222223 0.016666666666666666 0.04722222222222222
3 0.5723958333333333 0.49027777777777776 0.017708333333333333 0.06388888888888888
3 0.6036458333333333 0.5365740740740741 0.019791666666666666 0.049074074074074076
0 0.6528645833333333 0.5986111111111111 0.0296875 0.07685185185185185
3 0.7216145833333333 0.6777777777777778 0.05572916666666667 0.17962962962962964
0 0.6033854166666667 0.5365740740740741 0.018229166666666668 0.049074074074074076
