1 0.259375 0.662109375 0.035416666666666666 0.18359375
1 0.40729166666666666 0.501953125 0.01875 0.11328125
1 0.4895833333333333 0.416015625 0.0125 0.08984375
1 0.5375 0.373046875 0.008333333333333333 0.05859375
1 0.5901041666666667 0.3515625 0.009375 0.046875
2 0.8098958333333334 0.71484375 0.04479166666666667 0.2109375
2 0.71875 0.49609375 0.020833333333333332 0.1171875
2 0.7067708333333333 0.423828125 0.011458333333333333 0.06640625
2 0.7078125 0.392578125 0.011458333333333333 0.06640625
2 0.7145833333333333 0.35546875 0.010416666666666666 0.0546875
1 0.6348958333333333 0.32421875 0.007291666666666667 0.0546875
2 0.91875 0.373046875 0.010416666666666666 0.05859375
2 0.884375 0.34375 0.010416666666666666 0.046875
