1 0.09375 0.794921875 0.04375 0.23046875
1 0.34427083333333336 0.455078125 0.017708333333333333 0.09765625
1 0.4114583333333333 0.375 0.010416666666666666 0.0625
2 0.7244791666666667 0.4921875 0.019791666666666666 0.1015625
1 0.440625 0.337890625 0.008333333333333333 0.05078125
1 0.45208333333333334 0.310546875 0.00625 0.04296875
1 0.4635416666666667 0.29296875 0.004166666666666667 0.03125
2 0.5994791666666667 0.302734375 0.005208333333333333 0.02734375
2 0.6026041666666667 0.3203125 0.007291666666666667 0.0390625
2 0.6364583333333333 0.30859375 0.00625 0.0390625
2 0.621875 0.341796875 0.008333333333333333 0.05078125
2 0.6567708333333333 0.39453125 0.011458333333333333 0.0703125
2 0.6973958333333333 0.318359375 0.007291666666666667 0.04296875
2 0.8369791666666667 0.333984375 0.009375 0.05078125
1 0.7875 0.30078125 0.00625 0.0390625
1 0.8859375 0.306640625 0.007291666666666667 0.04296875
