1 0.3880208333333333 0.46484375 0.019791666666666666 0.1015625
1 0.44427083333333334 0.38671875 0.011458333333333333 0.0703125
1 0.4765625 0.349609375 0.009375 0.05078125
1 0.49375 0.33203125 0.008333333333333333 0.046875
1 0.4359375 0.30859375 0.005208333333333333 0.03125
1 0.5072916666666667 0.31640625 0.00625 0.03125
2 0.5973958333333333 0.3046875 0.005208333333333333 0.03125
2 0.5911458333333334 0.310546875 0.005208333333333333 0.03515625
2 0.5958333333333333 0.328125 0.008333333333333333 0.0390625
2 0.60625 0.345703125 0.008333333333333333 0.05078125
2 0.6244791666666667 0.380859375 0.013541666666666667 0.06640625
2 0.6713541666666667 0.466796875 0.021875 0.10546875
