1 0.4036458333333333 0.552734375 0.028125 0.15234375
1 0.6286458333333333 0.41796875 0.017708333333333333 0.09375
2 0.8671875 0.7890625 0.053125 0.25
2 0.909375 0.548828125 0.03333333333333333 0.13671875
0 0.8 0.333984375 0.010416666666666666 0.04296875
1 0.8130208333333333 0.38671875 0.015625 0.0625
0 0.8546875 0.322265625 0.011458333333333333 0.05078125
0 0.8854166666666666 0.3515625 0.0125 0.0625
0 0.9234375 0.3359375 0.009375 0.046875
2 0.9432291666666667 0.3203125 0.011458333333333333 0.046875
