1 0.022395833333333334 0.44921875 0.026041666666666668 0.109375
2 0.0703125 0.337890625 0.013541666666666667 0.06640625
3 0.05572916666666667 0.685546875 0.06770833333333333 0.37890625
1 0.08177083333333333 0.603515625 0.03229166666666667 0.17578125
2 0.25052083333333336 0.376953125 0.015625 0.08203125
2 0.271875 0.384765625 0.020833333333333332 0.08984375
0 0.29010416666666666 0.337890625 0.013541666666666667 0.06640625
0 0.3 0.310546875 0.010416666666666666 0.05859375
0 0.3046875 0.291015625 0.009375 0.05078125
0 0.3109375 0.275390625 0.009375 0.04296875
0 0.34427083333333336 0.275390625 0.009375 0.04296875
0 0.3729166666666667 0.2734375 0.008333333333333333 0.0390625
0 0.4005208333333333 0.2734375 0.007291666666666667 0.0390625
0 0.41041666666666665 0.2890625 0.008333333333333333 0.046875
0 0.4161458333333333 0.3046875 0.009375 0.0546875
0 0.42864583333333334 0.330078125 0.011458333333333333 0.06640625
1 0.4421875 0.376953125 0.015625 0.08203125
1 0.46458333333333335 0.357421875 0.014583333333333334 0.06640625
1 0.6046875 0.318359375 0.009375 0.05859375
2 0.6109375 0.533203125 0.028125 0.14453125
3 0.6348958333333333 0.615234375 0.042708333333333334 0.30859375
2 0.7911458333333333 0.890625 0.051041666666666666 0.2109375
2 0.6375 0.3984375 0.01875 0.0859375
2 0.721875 0.353515625 0.014583333333333334 0.06640625
1 0.7322916666666667 0.306640625 0.0125 0.05078125
2 0.8286458333333333 0.337890625 0.015625 0.06640625
1 0.8625 0.306640625 0.010416666666666666 0.05078125
2 0.9338541666666667 0.33984375 0.015625 0.0625
