1 0.28802083333333334 0.509765625 0.028125 0.13671875
1 0.3984375 0.34375 0.015625 0.0703125
1 0.4354166666666667 0.291015625 0.010416666666666666 0.05078125
1 0.45364583333333336 0.263671875 0.009375 0.04296875
1 0.46458333333333335 0.248046875 0.00625 0.03515625
1 0.471875 0.23828125 0.00625 0.03125
2 0.5427083333333333 0.23828125 0.00625 0.03125
2 0.55 0.248046875 0.00625 0.03515625
2 0.5588541666666667 0.271484375 0.007291666666666667 0.03515625
2 0.5765625 0.29296875 0.009375 0.0546875
2 0.6104166666666667 0.34765625 0.016666666666666666 0.078125
2 0.7166666666666667 0.521484375 0.03333333333333333 0.15234375
