2 0.004166666666666667 0.333984375 0.008333333333333333 0.06640625
1 0.0171875 0.423828125 0.023958333333333335 0.10546875
1 0.05 0.2421875 0.008333333333333333 0.0390625
1 0.09791666666666667 0.259765625 0.0125 0.05859375
1 0.12135416666666667 0.51171875 0.030208333333333334 0.1484375
1 0.09375 0.814453125 0.05625 0.26953125
0 0.134375 0.2890625 0.0125 0.0546875
0 0.15833333333333333 0.30859375 0.014583333333333334 0.0625
2 0.21875 0.353515625 0.016666666666666666 0.08203125
0 0.2578125 0.275390625 0.011458333333333333 0.05859375
0 0.28854166666666664 0.291015625 0.0125 0.05859375
2 0.39166666666666666 0.4140625 0.022916666666666665 0.1015625
2 0.6057291666666667 0.615234375 0.036458333333333336 0.17578125
