1 0.06614583333333333 0.4609375 0.028125 0.125
2 0.096875 0.3671875 0.020833333333333332 0.09375
0 0.21875 0.50390625 0.03125 0.140625
2 0.2760416666666667 0.34375 0.016666666666666666 0.078125
2 0.3723958333333333 0.314453125 0.011458333333333333 0.05859375
2 0.3875 0.2734375 0.008333333333333333 0.046875
2 0.4 0.29296875 0.010416666666666666 0.046875
1 0.39375 0.3828125 0.01875 0.0859375
0 0.396875 0.5390625 0.029166666666666667 0.15625
1 0.4708333333333333 0.271484375 0.008333333333333333 0.04296875
1 0.5088541666666667 0.29296875 0.009375 0.046875
1 0.5026041666666666 0.326171875 0.009375 0.05859375
