1 0.3796875 0.677734375 0.03854166666666667 0.20703125
1 0.6385416666666667 0.431640625 0.020833333333333332 0.09765625
0 0.7145833333333333 0.3125 0.010416666666666666 0.0625
0 0.7536458333333333 0.3046875 0.013541666666666667 0.0546875
1 0.7770833333333333 0.390625 0.01875 0.09375
0 0.8541666666666666 0.33984375 0.014583333333333334 0.0625
0 0.88125 0.330078125 0.014583333333333334 0.06640625
2 0.9119791666666667 0.291015625 0.011458333333333333 0.05078125
2 0.9177083333333333 0.310546875 0.0125 0.05859375
2 0.9234375 0.55859375 0.030208333333333334 0.15625
2 0.9552083333333333 0.28515625 0.010416666666666666 0.046875
