2 0.08489583333333334 0.5703125 0.03854166666666667 0.171875
1 0.14010416666666667 0.3359375 0.013541666666666667 0.0703125
1 0.17760416666666667 0.375 0.017708333333333333 0.0859375
1 0.17135416666666667 0.302734375 0.011458333333333333 0.05078125
1 0.31979166666666664 0.41015625 0.022916666666666665 0.1015625
2 0.35833333333333334 0.25 0.008333333333333333 0.046875
1 0.38229166666666664 0.265625 0.008333333333333333 0.0390625
1 0.5359375 0.419921875 0.021875 0.09765625
2 0.5401041666666667 0.25 0.009375 0.0390625
3 0.6411458333333333 0.375 0.023958333333333335 0.1484375
1 0.6005208333333333 0.26171875 0.009375 0.0390625
2 0.6369791666666667 0.25390625 0.007291666666666667 0.0390625
1 0.671875 0.271484375 0.008333333333333333 0.04296875
1 0.7151041666666667 0.384765625 0.017708333333333333 0.08203125
2 0.7333333333333333 0.259765625 0.008333333333333333 0.04296875
1 0.7380208333333333 0.29296875 0.009375 0.046875
3 0.7651041666666667 0.341796875 0.019791666666666666 0.12109375
1 0.7802083333333333 0.314453125 0.010416666666666666 0.05859375
1 0.7880208333333333 0.345703125 0.013541666666666667 0.07421875
2 0.8427083333333333 0.283203125 0.0125 0.05859375
2 0.9177083333333333 0.66796875 0.03958333333333333 0.203125
3 0.9276041666666667 0.5078125 0.040625 0.2421875
2 0.940625 0.322265625 0.0125 0.06640625
0 0.9859375 0.306640625 0.011458333333333333 0.05078125
