1 0.3020833333333333 0.48828125 0.01875 0.109375
1 0.3848958333333333 0.376953125 0.011458333333333333 0.06640625
1 0.421875 0.333984375 0.008333333333333333 0.05078125
1 0.4401041666666667 0.3125 0.007291666666666667 0.0390625
1 0.4484375 0.29296875 0.005208333333333333 0.03125
1 0.45625 0.279296875 0.004166666666666667 0.02734375
2 0.5729166666666666 0.298828125 0.00625 0.03515625
2 0.5859375 0.31640625 0.007291666666666667 0.0390625
2 0.6036458333333333 0.291015625 0.005208333333333333 0.03515625
2 0.6526041666666667 0.298828125 0.005208333333333333 0.03515625
1 0.7302083333333333 0.283203125 0.00625 0.03515625
2 0.7583333333333333 0.306640625 0.008333333333333333 0.04296875
2 0.7583333333333333 0.306640625 0.008333333333333333 0.04296875
1 0.8057291666666667 0.28515625 0.007291666666666667 0.0390625
2 0.9104166666666667 0.322265625 0.010416666666666666 0.05078125
1 0.9526041666666667 0.294921875 0.007291666666666667 0.04296875
2 0.60625 0.349609375 0.010416666666666666 0.05078125
2 0.6369791666666667 0.392578125 0.013541666666666667 0.07421875
2 0.7140625 0.498046875 0.021875 0.11328125
