3 0.7479166666666667 0.619140625 0.04583333333333333 0.30078125
3 0.14895833333333333 0.6640625 0.058333333333333334 0.3671875
1 0.1734375 0.560546875 0.028125 0.17578125
1 0.10885416666666667 0.427734375 0.023958333333333335 0.12109375
2 0.6833333333333333 0.52734375 0.03125 0.1328125
2 0.1875 0.32421875 0.016666666666666666 0.0703125
2 0.34427083333333336 0.369140625 0.013541666666666667 0.07421875
2 0.7083333333333334 0.419921875 0.022916666666666665 0.09765625
2 0.7848958333333333 0.375 0.017708333333333333 0.0859375
2 0.8901041666666667 0.357421875 0.013541666666666667 0.06640625
1 0.5255208333333333 0.361328125 0.015625 0.05859375
0 0.51875 0.330078125 0.0125 0.05859375
1 0.6473958333333333 0.31640625 0.011458333333333333 0.0546875
1 0.7807291666666667 0.302734375 0.011458333333333333 0.04296875
1 0.9390625 0.30859375 0.009375 0.046875
0 0.3609375 0.322265625 0.009375 0.05859375
0 0.3703125 0.29296875 0.007291666666666667 0.0546875
0 0.3765625 0.28125 0.007291666666666667 0.046875
0 0.38333333333333336 0.263671875 0.00625 0.05078125
0 0.39010416666666664 0.25390625 0.005208333333333333 0.046875
0 0.3953125 0.24609375 0.007291666666666667 0.0390625
0 0.43125 0.244140625 0.010416666666666666 0.04296875
0 0.4640625 0.24609375 0.009375 0.0390625
0 0.5 0.24609375 0.00625 0.0390625
0 0.5114583333333333 0.294921875 0.008333333333333333 0.05078125
0 0.50625 0.26953125 0.008333333333333333 0.046875
0 0.5026041666666666 0.255859375 0.007291666666666667 0.04296875
