1 0.3536458333333333 0.296875 0.005208333333333333 0.0390625
1 0.384375 0.314453125 0.00625 0.04296875
1 0.42135416666666664 0.337890625 0.009375 0.05078125
1 0.4713541666666667 0.361328125 0.009375 0.05859375
1 0.4901041666666667 0.380859375 0.009375 0.06640625
1 0.490625 0.412109375 0.0125 0.08203125
1 0.45416666666666666 0.484375 0.01875 0.109375
1 0.10208333333333333 0.904296875 0.03958333333333333 0.19140625
2 0.759375 0.53515625 0.022916666666666665 0.125
2 0.7135416666666666 0.458984375 0.014583333333333334 0.08984375
2 0.46510416666666665 0.32421875 0.007291666666666667 0.0390625
2 0.5296875 0.345703125 0.007291666666666667 0.04296875
2 0.6078125 0.375 0.009375 0.0546875
2 0.6734375 0.41015625 0.011458333333333333 0.0625
