1 0.2526041666666667 0.455078125 0.019791666666666666 0.09765625
1 0.32864583333333336 0.404296875 0.015625 0.08203125
1 0.409375 0.37890625 0.014583333333333334 0.0625
1 0.47708333333333336 0.37109375 0.010416666666666666 0.0546875
1 0.5572916666666666 0.3671875 0.010416666666666666 0.046875
1 0.6057291666666667 0.36328125 0.009375 0.046875
2 0.603125 0.482421875 0.020833333333333332 0.11328125
2 0.6364583333333333 0.6953125 0.0375 0.203125
2 0.640625 0.423828125 0.016666666666666666 0.08203125
2 0.6786458333333333 0.40625 0.013541666666666667 0.0625
2 0.6984375 0.396484375 0.011458333333333333 0.05859375
1 0.7052083333333333 0.357421875 0.008333333333333333 0.04296875
2 0.7682291666666666 0.39453125 0.011458333333333333 0.0546875
2 0.8713541666666667 0.376953125 0.009375 0.05078125
1 0.871875 0.376953125 0.008333333333333333 0.05078125
2 0.9286458333333333 0.41796875 0.011458333333333333 0.0546875
