2 0.022916666666666665 0.26171875 0.008333333333333333 0.046875
1 0.0328125 0.279296875 0.009375 0.05078125
1 0.16770833333333332 0.2734375 0.010416666666666666 0.046875
2 0.19739583333333333 0.2578125 0.009375 0.046875
1 0.1875 0.740234375 0.04791666666666667 0.23828125
1 0.3015625 0.279296875 0.009375 0.04296875
2 0.3453125 0.26171875 0.007291666666666667 0.0390625
3 0.37552083333333336 0.572265625 0.04479166666666667 0.28515625
1 0.3984375 0.2890625 0.009375 0.046875
2 0.4625 0.27734375 0.008333333333333333 0.046875
1 0.46875 0.3125 0.010416666666666666 0.0546875
1 0.471875 0.53125 0.027083333333333334 0.1328125
2 0.528125 0.34375 0.010416666666666666 0.0625
3 0.5348958333333333 0.416015625 0.023958333333333335 0.16796875
1 0.5484375 0.41015625 0.015625 0.09375
2 0.5541666666666667 0.298828125 0.010416666666666666 0.05078125
2 0.6541666666666667 0.341796875 0.0125 0.05859375
2 0.6677083333333333 0.3515625 0.0125 0.0625
0 0.6911458333333333 0.326171875 0.009375 0.05859375
0 0.70625 0.3046875 0.008333333333333333 0.046875
0 0.715625 0.294921875 0.008333333333333333 0.05078125
0 0.725 0.287109375 0.00625 0.03515625
0 0.7557291666666667 0.2890625 0.007291666666666667 0.0390625
0 0.7859375 0.29296875 0.007291666666666667 0.0390625
0 0.8145833333333333 0.29296875 0.008333333333333333 0.0390625
0 0.8197916666666667 0.310546875 0.008333333333333333 0.04296875
0 0.8182291666666667 0.345703125 0.011458333333333333 0.05859375
1 0.8130208333333333 0.37890625 0.013541666666666667 0.0703125
1 0.8458333333333333 0.37109375 0.0125 0.0703125
3 0.86875 0.521484375 0.03958333333333333 0.22265625
2 0.9109375 0.513671875 0.028125 0.12890625
2 0.8869791666666667 0.693359375 0.04479166666666667 0.20703125
