2 0.18697916666666667 0.8515625 0.06145833333333333 0.28125
0 0.3411458333333333 0.521484375 0.030208333333333334 0.15234375
0 0.3875 0.408203125 0.01875 0.10546875
0 0.40677083333333336 0.3671875 0.017708333333333333 0.0859375
0 0.4239583333333333 0.33203125 0.014583333333333334 0.078125
0 0.440625 0.30078125 0.0125 0.0703125
0 0.4510416666666667 0.283203125 0.0125 0.05859375
0 0.5041666666666667 0.287109375 0.0125 0.06640625
0 0.5557291666666667 0.2890625 0.011458333333333333 0.0625
0 0.6119791666666666 0.291015625 0.011458333333333333 0.06640625
0 0.621875 0.310546875 0.014583333333333334 0.07421875
0 0.634375 0.349609375 0.014583333333333334 0.08203125
0 0.6536458333333334 0.3828125 0.015625 0.09375
0 0.6677083333333333 0.4296875 0.020833333333333332 0.109375
0 0.7234375 0.5703125 0.034375 0.15625
0 0.8109375 0.78515625 0.053125 0.2421875
1 0.8104166666666667 0.779296875 0.05 0.23828125
