1 0.12239583333333333 0.291015625 0.009375 0.05859375
1 0.17395833333333333 0.2578125 0.00625 0.0390625
1 0.2421875 0.298828125 0.009375 0.05078125
1 0.28229166666666666 0.26953125 0.00625 0.0390625
1 0.33958333333333335 0.3125 0.008333333333333333 0.046875
2 0.2911458333333333 0.427734375 0.019791666666666666 0.08984375
2 0.23802083333333332 0.57421875 0.03229166666666667 0.15625
2 0.25833333333333336 0.486328125 0.022916666666666665 0.12109375
1 0.7729166666666667 0.55859375 0.027083333333333334 0.1328125
1 0.9609375 0.4375 0.023958333333333335 0.1015625
