3 0.05625 0.4453125 0.03333333333333333 0.2109375
1 0.09479166666666666 0.55859375 0.027083333333333334 0.15625
3 0.07864583333333333 0.658203125 0.057291666666666664 0.37109375
2 0.06770833333333333 0.328125 0.0125 0.0703125
0 0.06041666666666667 0.271484375 0.010416666666666666 0.05078125
0 0.11458333333333333 0.228515625 0.010416666666666666 0.04296875
0 0.15520833333333334 0.228515625 0.010416666666666666 0.04296875
0 0.19583333333333333 0.2265625 0.008333333333333333 0.0390625
0 0.20208333333333334 0.23828125 0.008333333333333333 0.0390625
0 0.20677083333333332 0.251953125 0.009375 0.04296875
0 0.215625 0.2578125 0.008333333333333333 0.0546875
0 0.21927083333333333 0.2734375 0.009375 0.046875
0 0.23177083333333334 0.294921875 0.011458333333333333 0.05078125
1 0.24270833333333333 0.3125 0.0125 0.0625
1 0.340625 0.27734375 0.010416666666666666 0.0546875
2 0.3651041666666667 0.3671875 0.015625 0.0859375
2 0.38229166666666664 0.322265625 0.0125 0.06640625
3 0.3953125 0.37890625 0.021875 0.1484375
1 0.43802083333333336 0.26171875 0.007291666666666667 0.0390625
2 0.43385416666666665 0.30078125 0.011458333333333333 0.0546875
2 0.4390625 0.44921875 0.019791666666666666 0.1171875
2 0.4979166666666667 0.287109375 0.008333333333333333 0.04296875
3 0.5520833333333334 0.474609375 0.029166666666666667 0.20703125
1 0.5328125 0.259765625 0.007291666666666667 0.03515625
2 0.5703125 0.283203125 0.009375 0.05078125
1 0.6296875 0.267578125 0.007291666666666667 0.03515625
2 0.6505208333333333 0.28515625 0.009375 0.046875
2 0.703125 0.580078125 0.03125 0.16796875
2 0.7479166666666667 0.294921875 0.008333333333333333 0.04296875
2 0.8583333333333333 0.306640625 0.0125 0.05078125
1 0.8890625 0.296875 0.009375 0.046875
