1 0.0734375 0.357421875 0.023958333333333335 0.10546875
1 0.16354166666666667 0.28125 0.016666666666666666 0.0703125
1 0.2390625 0.251953125 0.011458333333333333 0.05078125
1 0.28854166666666664 0.240234375 0.008333333333333333 0.04296875
1 0.328125 0.234375 0.008333333333333333 0.0390625
1 0.3697916666666667 0.23046875 0.00625 0.03125
2 0.7307291666666667 0.5703125 0.028125 0.140625
2 0.8875 0.373046875 0.014583333333333334 0.05859375
1 0.9161458333333333 0.345703125 0.009375 0.05078125
1 0.8166666666666667 0.32421875 0.008333333333333333 0.046875
1 0.696875 0.28125 0.00625 0.03125
1 0.6817708333333333 0.26953125 0.005208333333333333 0.03125
1 0.6869791666666667 0.259765625 0.005208333333333333 0.02734375
2 0.6385416666666667 0.287109375 0.008333333333333333 0.04296875
2 0.5489583333333333 0.498046875 0.022916666666666665 0.11328125
2 0.41822916666666665 0.453125 0.021875 0.109375
2 0.39427083333333335 0.353515625 0.015625 0.07421875
2 0.39479166666666665 0.306640625 0.0125 0.05859375
2 0.4036458333333333 0.28125 0.011458333333333333 0.0546875
2 0.42135416666666664 0.2578125 0.009375 0.046875
2 0.43854166666666666 0.24609375 0.008333333333333333 0.0390625
1 0.40208333333333335 0.2265625 0.00625 0.03125
2 0.4661458333333333 0.2421875 0.005208333333333333 0.03125
