1 0.36666666666666664 0.505859375 0.022916666666666665 0.11328125
1 0.4359375 0.404296875 0.013541666666666667 0.07421875
1 0.471875 0.357421875 0.008333333333333333 0.05078125
1 0.4901041666666667 0.33984375 0.009375 0.046875
1 0.5046875 0.32421875 0.005208333333333333 0.03125
2 0.5921875 0.3203125 0.007291666666666667 0.0390625
2 0.5979166666666667 0.3359375 0.008333333333333333 0.0390625
2 0.6109375 0.357421875 0.009375 0.05078125
2 0.6317708333333333 0.396484375 0.015625 0.07421875
2 0.6921875 0.5078125 0.023958333333333335 0.1171875
1 0.43072916666666666 0.3125 0.005208333333333333 0.03125
