1 0.057291666666666664 0.53125 0.029166666666666667 0.1484375
3 0.0734375 0.556640625 0.051041666666666666 0.28515625
2 0.17291666666666666 0.36328125 0.016666666666666666 0.0859375
2 0.19583333333333333 0.376953125 0.016666666666666666 0.08203125
0 0.20625 0.330078125 0.0125 0.06640625
0 0.21666666666666667 0.27734375 0.008333333333333333 0.046875
0 0.2520833333333333 0.275390625 0.010416666666666666 0.05078125
0 0.28125 0.275390625 0.008333333333333333 0.04296875
0 0.30833333333333335 0.271484375 0.008333333333333333 0.04296875
0 0.31979166666666664 0.28515625 0.008333333333333333 0.046875
0 0.3265625 0.30078125 0.009375 0.0546875
0 0.3411458333333333 0.3203125 0.011458333333333333 0.0703125
1 0.35572916666666665 0.357421875 0.015625 0.08203125
1 0.37604166666666666 0.341796875 0.0125 0.06640625
0 0.21145833333333333 0.306640625 0.0125 0.05859375
2 0.49635416666666665 0.455078125 0.021875 0.11328125
1 0.5026041666666666 0.306640625 0.011458333333333333 0.05859375
3 0.509375 0.48828125 0.03333333333333333 0.21875
2 0.5260416666666666 0.361328125 0.014583333333333334 0.08203125
2 0.5885416666666666 0.6328125 0.0375 0.1875
2 0.5984375 0.328125 0.013541666666666667 0.0703125
1 0.6125 0.291015625 0.010416666666666666 0.05078125
2 0.684375 0.314453125 0.0125 0.05859375
1 0.7166666666666667 0.2890625 0.010416666666666666 0.046875
3 0.8192708333333333 0.79296875 0.07395833333333333 0.40625
2 0.7651041666666667 0.310546875 0.013541666666666667 0.05859375
1 0.8666666666666667 0.30078125 0.010416666666666666 0.046875
2 0.8911458333333333 0.318359375 0.011458333333333333 0.05859375
