2 0.0171875 0.263671875 0.011458333333333333 0.05078125
1 0.04375 0.279296875 0.010416666666666666 0.05078125
2 0.14166666666666666 0.2578125 0.010416666666666666 0.046875
1 0.15208333333333332 0.2734375 0.008333333333333333 0.046875
1 0.2609375 0.26953125 0.009375 0.046875
2 0.284375 0.255859375 0.010416666666666666 0.05078125
1 0.325 0.591796875 0.03125 0.17578125
1 0.3770833333333333 0.275390625 0.010416666666666666 0.04296875
2 0.415625 0.263671875 0.008333333333333333 0.04296875
3 0.4588541666666667 0.4921875 0.034375 0.2265625
1 0.46510416666666665 0.2890625 0.009375 0.046875
2 0.525 0.279296875 0.008333333333333333 0.04296875
1 0.5296875 0.306640625 0.009375 0.05078125
1 0.5348958333333333 0.48046875 0.023958333333333335 0.125
1 0.5859375 0.337890625 0.013541666666666667 0.06640625
3 0.5901041666666667 0.39453125 0.021875 0.1484375
1 0.6036458333333333 0.392578125 0.015625 0.08984375
2 0.6119791666666666 0.294921875 0.009375 0.05078125
2 0.7088541666666667 0.33984375 0.011458333333333333 0.0625
2 0.7213541666666666 0.349609375 0.011458333333333333 0.05859375
0 0.7473958333333334 0.328125 0.009375 0.0546875
0 0.765625 0.310546875 0.008333333333333333 0.04296875
0 0.7760416666666666 0.298828125 0.008333333333333333 0.04296875
0 0.7864583333333334 0.2890625 0.00625 0.0390625
0 0.8197916666666667 0.294921875 0.008333333333333333 0.04296875
0 0.8510416666666667 0.298828125 0.008333333333333333 0.04296875
0 0.8791666666666667 0.34765625 0.010416666666666666 0.0546875
1 0.8651041666666667 0.37890625 0.013541666666666667 0.0703125
1 0.9015625 0.373046875 0.013541666666666667 0.06640625
3 0.890625 0.49609375 0.0375 0.2109375
2 0.890625 0.62109375 0.0375 0.171875
2 0.94375 0.49609375 0.027083333333333334 0.1171875
