1 0.06875 0.60546875 0.05 0.203125
1 0.06145833333333333 0.474609375 0.027083333333333334 0.14453125
1 0.0765625 0.41796875 0.019791666666666666 0.09375
1 0.11354166666666667 0.388671875 0.016666666666666666 0.07421875
1 0.171875 0.34765625 0.008333333333333333 0.046875
2 0.3875 0.3828125 0.014583333333333334 0.0625
2 0.4015625 0.361328125 0.011458333333333333 0.05859375
2 0.43802083333333336 0.412109375 0.019791666666666666 0.08203125
2 0.5463541666666667 0.4765625 0.028125 0.1171875
2 0.8802083333333334 0.720703125 0.06041666666666667 0.22265625
