2 0.05416666666666667 0.296875 0.022916666666666665 0.0703125
1 0.07708333333333334 0.462890625 0.03125 0.13671875
1 0.1421875 0.505859375 0.03229166666666667 0.15234375
1 0.15885416666666666 0.650390625 0.042708333333333334 0.19140625
2 0.20104166666666667 0.345703125 0.014583333333333334 0.08203125
2 0.32708333333333334 0.373046875 0.020833333333333332 0.08984375
2 0.4786458333333333 0.421875 0.026041666666666668 0.1015625
2 0.68125 0.5546875 0.03958333333333333 0.171875
2 0.8572916666666667 0.4765625 0.022916666666666665 0.1171875
1 0.8255208333333334 0.404296875 0.015625 0.07421875
2 0.7083333333333334 0.404296875 0.01875 0.08984375
1 0.6838541666666667 0.34375 0.015625 0.0625
2 0.5958333333333333 0.345703125 0.014583333333333334 0.06640625
1 0.6109375 0.318359375 0.009375 0.04296875
1 0.5583333333333333 0.302734375 0.008333333333333333 0.04296875
2 0.5265625 0.3203125 0.013541666666666667 0.0546875
2 0.475 0.3046875 0.0125 0.0546875
2 0.4010416666666667 0.2890625 0.008333333333333333 0.046875
2 0.4390625 0.294921875 0.009375 0.05078125
