1 0.3458333333333333 0.5390625 0.029166666666666667 0.1328125
1 0.54375 0.421875 0.01875 0.0859375
1 0.6645833333333333 0.404296875 0.0125 0.06640625
1 0.6932291666666667 0.3515625 0.009375 0.046875
1 0.7807291666666667 0.40625 0.011458333333333333 0.0625
1 0.8026041666666667 0.36328125 0.007291666666666667 0.0390625
1 0.8927083333333333 0.416015625 0.010416666666666666 0.05859375
1 0.8713541666666667 0.35546875 0.007291666666666667 0.046875
1 0.5697916666666667 0.314453125 0.00625 0.04296875
2 0.6427083333333333 0.3125 0.00625 0.03125
2 0.6692708333333334 0.322265625 0.005208333333333333 0.03515625
2 0.7041666666666667 0.32421875 0.00625 0.03125
