1 0.12916666666666668 0.6328125 0.04791666666666667 0.1796875
1 0.15260416666666668 0.474609375 0.028125 0.11328125
1 0.178125 0.419921875 0.020833333333333332 0.08203125
1 0.21770833333333334 0.388671875 0.016666666666666666 0.06640625
1 0.27447916666666666 0.35546875 0.015625 0.0546875
1 0.38177083333333334 0.337890625 0.011458333333333333 0.04296875
2 0.6369791666666667 0.51953125 0.034375 0.140625
2 0.5197916666666667 0.43359375 0.01875 0.0859375
2 0.47291666666666665 0.39453125 0.0125 0.0625
2 0.46510416666666665 0.37890625 0.011458333333333333 0.0625
2 0.4890625 0.37109375 0.011458333333333333 0.0546875
2 0.5458333333333333 0.36328125 0.010416666666666666 0.0546875
2 0.6020833333333333 0.365234375 0.010416666666666666 0.05078125
2 0.7 0.3671875 0.010416666666666666 0.046875
2 0.79375 0.37109375 0.010416666666666666 0.0546875
2 0.8994791666666667 0.375 0.011458333333333333 0.0546875
