1 0.3307291666666667 0.52734375 0.023958333333333335 0.125
1 0.5104166666666666 0.43359375 0.016666666666666666 0.0859375
1 0.6375 0.39453125 0.014583333333333334 0.0703125
1 0.7432291666666667 0.380859375 0.011458333333333333 0.05859375
1 0.8651041666666667 0.357421875 0.011458333333333333 0.05078125
1 0.6484375 0.33203125 0.007291666666666667 0.046875
1 0.709375 0.314453125 0.00625 0.04296875
1 0.5401041666666667 0.337890625 0.007291666666666667 0.04296875
1 0.40208333333333335 0.318359375 0.008333333333333333 0.04296875
2 0.6083333333333333 0.291015625 0.00625 0.03515625
2 0.55 0.30078125 0.00625 0.0390625
2 0.5145833333333333 0.302734375 0.00625 0.03515625
2 0.4864583333333333 0.298828125 0.00625 0.03515625
2 0.44947916666666665 0.29296875 0.005208333333333333 0.03125
