2 0.0359375 0.318359375 0.011458333333333333 0.05859375
2 0.09583333333333334 0.31640625 0.010416666666666666 0.0546875
1 0.10729166666666666 0.396484375 0.01875 0.08984375
2 0.16614583333333333 0.3046875 0.009375 0.046875
2 0.265625 0.275390625 0.00625 0.04296875
1 0.28020833333333334 0.53125 0.027083333333333334 0.1328125
1 0.31875 0.337890625 0.0125 0.06640625
1 0.40208333333333335 0.294921875 0.008333333333333333 0.05078125
1 0.46197916666666666 0.412109375 0.015625 0.08984375
1 0.43802083333333336 0.267578125 0.007291666666666667 0.04296875
1 0.4578125 0.25390625 0.007291666666666667 0.0390625
1 0.4703125 0.248046875 0.007291666666666667 0.03515625
1 0.5927083333333333 0.337890625 0.010416666666666666 0.06640625
1 0.7182291666666667 0.296875 0.009375 0.0546875
1 0.8088541666666667 0.296875 0.007291666666666667 0.046875
2 0.9135416666666667 0.419921875 0.022916666666666665 0.09765625
1 0.8572916666666667 0.251953125 0.00625 0.03515625
1 0.8833333333333333 0.294921875 0.008333333333333333 0.04296875
1 0.9161458333333333 0.275390625 0.007291666666666667 0.04296875
1 0.9265625 0.2890625 0.009375 0.046875
2 0.9494791666666667 0.353515625 0.019791666666666666 0.07421875
1 0.5057291666666667 0.25 0.005208333333333333 0.03125
1 0.5536458333333333 0.251953125 0.005208333333333333 0.02734375
1 0.6072916666666667 0.2421875 0.00625 0.03125
1 0.6380208333333334 0.240234375 0.005208333333333333 0.02734375
1 0.6786458333333333 0.23828125 0.005208333333333333 0.03125
1 0.7354166666666667 0.240234375 0.00625 0.02734375
