3 0.009895833333333333 0.37109375 0.019791666666666666 0.1640625
0 0.010416666666666666 0.26953125 0.010416666666666666 0.046875
0 0.04479166666666667 0.28515625 0.0125 0.0546875
1 0.078125 0.4296875 0.025 0.1171875
1 0.0859375 0.302734375 0.013541666666666667 0.05859375
1 0.09739583333333333 0.29296875 0.013541666666666667 0.0625
3 0.12447916666666667 0.431640625 0.034375 0.19921875
1 0.14375 0.525390625 0.03125 0.14453125
1 0.20260416666666667 0.263671875 0.011458333333333333 0.05078125
2 0.23697916666666666 0.2890625 0.013541666666666667 0.0546875
2 0.2328125 0.32421875 0.011458333333333333 0.0703125
3 0.25052083333333336 0.322265625 0.021875 0.12109375
2 0.2869791666666667 0.26953125 0.011458333333333333 0.046875
2 0.2984375 0.357421875 0.019791666666666666 0.08984375
1 0.29583333333333334 0.25 0.008333333333333333 0.0390625
2 0.35104166666666664 0.259765625 0.010416666666666666 0.04296875
3 0.378125 0.357421875 0.025 0.14453125
1 0.37604166666666666 0.244140625 0.008333333333333333 0.03515625
2 0.40572916666666664 0.2578125 0.009375 0.0390625
2 0.45729166666666665 0.39453125 0.020833333333333332 0.1015625
2 0.8270833333333333 0.89453125 0.04583333333333333 0.2109375
2 0.7020833333333333 0.759765625 0.04791666666666667 0.25390625
2 0.7057291666666666 0.400390625 0.021875 0.10546875
1 0.7572916666666667 0.53125 0.03125 0.140625
1 0.8223958333333333 0.53515625 0.030208333333333334 0.1484375
2 0.8421875 0.310546875 0.013541666666666667 0.05859375
2 0.8380208333333333 0.373046875 0.019791666666666666 0.08203125
1 0.8713541666666667 0.2890625 0.011458333333333333 0.0546875
2 0.8692708333333333 0.34375 0.017708333333333333 0.0703125
1 0.9682291666666667 0.318359375 0.013541666666666667 0.05859375
1 0.7796875 0.287109375 0.011458333333333333 0.05859375
1 0.7489583333333333 0.265625 0.010416666666666666 0.046875
2 0.6963541666666667 0.26953125 0.009375 0.046875
2 0.6354166666666666 0.263671875 0.008333333333333333 0.04296875
1 0.6614583333333334 0.25390625 0.008333333333333333 0.0390625
1 0.5682291666666667 0.248046875 0.007291666666666667 0.03515625
2 0.5614583333333333 0.2578125 0.008333333333333333 0.0390625
1 0.471875 0.2421875 0.008333333333333333 0.0390625
2 0.4791666666666667 0.25390625 0.008333333333333333 0.0390625
