3 0.021875 0.29296875 0.020833333333333332 0.1015625
2 0.04114583333333333 0.24609375 0.011458333333333333 0.0546875
1 0.059895833333333336 0.4140625 0.023958333333333335 0.1171875
2 0.08229166666666667 0.31640625 0.016666666666666666 0.078125
1 0.1578125 0.865234375 0.065625 0.26171875
1 0.16510416666666666 0.515625 0.03229166666666667 0.1484375
2 0.11770833333333333 0.2421875 0.010416666666666666 0.046875
3 0.17083333333333334 0.306640625 0.01875 0.11328125
2 0.24739583333333334 0.328125 0.015625 0.078125
2 0.45729166666666665 0.423828125 0.022916666666666665 0.09765625
2 0.38645833333333335 0.3203125 0.0125 0.0625
2 0.465625 0.306640625 0.010416666666666666 0.05859375
1 0.475 0.353515625 0.014583333333333334 0.07421875
2 0.4864583333333333 0.271484375 0.008333333333333333 0.04296875
2 0.4942708333333333 0.2890625 0.009375 0.046875
1 0.5661458333333333 0.271484375 0.007291666666666667 0.04296875
1 0.58125 0.322265625 0.010416666666666666 0.05859375
1 0.5958333333333333 0.294921875 0.008333333333333333 0.05078125
0 0.5942708333333333 0.37109375 0.013541666666666667 0.0703125
0 0.6177083333333333 0.443359375 0.020833333333333332 0.10546875
0 0.6973958333333333 0.376953125 0.015625 0.07421875
0 0.7578125 0.4609375 0.023958333333333335 0.109375
2 0.7442708333333333 0.6796875 0.042708333333333334 0.203125
