0 0.23385416666666667 0.5916666666666667 0.020833333333333332 0.06666666666666667
3 0.22213541666666667 0.5638888888888889 0.0296875 0.10740740740740741
3 0.21484375 0.6236111111111111 0.043229166666666666 0.1361111111111111
0 0.27265625 0.5532407407407407 0.0203125 0.04722222222222222
2 0.2877604166666667 0.5421296296296296 0.016145833333333335 0.04351851851851852
3 0.3020833333333333 0.5171296296296296 0.016666666666666666 0.06574074074074074
3 0.37552083333333336 0.5157407407407407 0.014583333333333334 0.04814814814814815
2 0.5205729166666667 0.5296296296296297 0.0109375 0.03148148148148148
3 0.56796875 0.5398148148148149 0.021354166666666667 0.06851851851851852
0 0.59921875 0.6162037037037037 0.0390625 0.05092592592592592
3 0.9463541666666667 0.8453703703703703 0.08125 0.2574074074074074
