1 0.07447916666666667 0.349609375 0.013541666666666667 0.06640625
1 0.1140625 0.341796875 0.011458333333333333 0.05859375
1 0.18541666666666667 0.3359375 0.008333333333333333 0.046875
1 0.24427083333333333 0.548828125 0.030208333333333334 0.15234375
1 0.4822916666666667 0.416015625 0.016666666666666666 0.08984375
1 0.5869791666666667 0.39453125 0.011458333333333333 0.0625
1 0.6557291666666667 0.38671875 0.009375 0.046875
1 0.6854166666666667 0.375 0.008333333333333333 0.046875
1 0.66875 0.35546875 0.008333333333333333 0.0390625
2 0.8223958333333333 0.3671875 0.009375 0.046875
2 0.8588541666666667 0.392578125 0.011458333333333333 0.05078125
2 0.8515625 0.41015625 0.013541666666666667 0.0625
2 0.8296875 0.4375 0.017708333333333333 0.0859375
2 0.8083333333333333 0.498046875 0.022916666666666665 0.11328125
2 0.884375 0.732421875 0.04791666666666667 0.19921875
1 0.2640625 0.333984375 0.007291666666666667 0.03515625
1 0.3416666666666667 0.322265625 0.00625 0.02734375
