1 0.31614583333333335 0.513671875 0.026041666666666668 0.12890625
1 0.4552083333333333 0.41796875 0.014583333333333334 0.0859375
1 0.5255208333333333 0.3828125 0.011458333333333333 0.0703125
1 0.5760416666666667 0.36328125 0.010416666666666666 0.0546875
1 0.6255208333333333 0.345703125 0.007291666666666667 0.04296875
2 0.7447916666666666 0.373046875 0.010416666666666666 0.05859375
2 0.7364583333333333 0.408203125 0.016666666666666666 0.08203125
2 0.8552083333333333 0.849609375 0.05416666666666667 0.26171875
2 0.7338541666666667 0.47265625 0.019791666666666666 0.09375
2 0.7557291666666667 0.568359375 0.028125 0.14453125
2 0.6630208333333333 0.3359375 0.007291666666666667 0.0390625
1 0.6630208333333333 0.3359375 0.007291666666666667 0.0390625
2 0.7708333333333334 0.353515625 0.008333333333333333 0.05078125
2 0.7869791666666667 0.34375 0.009375 0.0390625
