1 0.3807291666666667 0.462890625 0.021875 0.11328125
1 0.4640625 0.388671875 0.015625 0.08203125
1 0.5447916666666667 0.349609375 0.0125 0.06640625
1 0.65 0.33203125 0.010416666666666666 0.0546875
2 0.7578125 0.55859375 0.03229166666666667 0.1484375
2 0.73125 0.435546875 0.022916666666666665 0.09765625
2 0.7473958333333334 0.38671875 0.015625 0.078125
2 0.7984375 0.35546875 0.013541666666666667 0.0625
2 0.8505208333333333 0.33984375 0.011458333333333333 0.0546875
2 0.8734375 0.3359375 0.009375 0.046875
2 0.8848958333333333 0.33203125 0.009375 0.0390625
2 0.859375 0.3203125 0.008333333333333333 0.046875
1 0.7302083333333333 0.31640625 0.010416666666666666 0.046875
1 0.7567708333333333 0.310546875 0.009375 0.04296875
1 0.7645833333333333 0.3046875 0.008333333333333333 0.0390625
