0 0.44947916666666665 0.234375 0.007291666666666667 0.0390625
0 0.4588541666666667 0.21875 0.005208333333333333 0.03125
0 0.4635416666666667 0.2109375 0.00625 0.03125
1 0.5364583333333334 0.251953125 0.00625 0.03515625
2 0.5755208333333334 0.2890625 0.009375 0.0546875
2 0.6453125 0.39453125 0.015625 0.0859375
1 0.7692708333333333 0.759765625 0.046875 0.23046875
2 0.8828125 0.509765625 0.028125 0.12890625
2 0.9541666666666667 0.279296875 0.008333333333333333 0.04296875
1 0.07447916666666667 0.494140625 0.030208333333333334 0.13671875
2 0.20989583333333334 0.7734375 0.04895833333333333 0.2578125
1 0.09947916666666666 0.234375 0.007291666666666667 0.0390625
2 0.12760416666666666 0.21875 0.007291666666666667 0.0390625
1 0.20625 0.236328125 0.00625 0.03515625
2 0.25 0.22265625 0.00625 0.0390625
1 0.29270833333333335 0.24609375 0.00625 0.0390625
1 0.32916666666666666 0.38671875 0.016666666666666666 0.0859375
2 0.35989583333333336 0.232421875 0.005208333333333333 0.03515625
1 0.35572916666666665 0.259765625 0.007291666666666667 0.04296875
2 0.44375 0.24609375 0.00625 0.0390625
3 0.40625 0.279296875 0.0125 0.08984375
1 0.3963541666666667 0.283203125 0.007291666666666667 0.05078125
1 0.40260416666666665 0.322265625 0.009375 0.05859375
3 0.3802083333333333 0.32421875 0.016666666666666666 0.1171875
0 0.5322916666666667 0.236328125 0.004166666666666667 0.03515625
3 0.5723958333333333 0.291015625 0.011458333333333333 0.08203125
3 0.5916666666666667 0.3359375 0.016666666666666666 0.1171875
2 0.5703125 0.328125 0.011458333333333333 0.0703125
2 0.6161458333333333 0.271484375 0.007291666666666667 0.04296875
2 0.6776041666666667 0.263671875 0.007291666666666667 0.04296875
1 0.7114583333333333 0.236328125 0.00625 0.03515625
2 0.7526041666666666 0.26171875 0.007291666666666667 0.0390625
1 0.8203125 0.2421875 0.005208333333333333 0.0390625
2 0.840625 0.26953125 0.008333333333333333 0.0390625
1 0.6171875 0.236328125 0.007291666666666667 0.02734375
