1 0.4239583333333333 0.55859375 0.027083333333333334 0.140625
2 0.48489583333333336 0.33984375 0.013541666666666667 0.0546875
1 0.5473958333333333 0.431640625 0.017708333333333333 0.08984375
1 0.61875 0.365234375 0.0125 0.06640625
1 0.7119791666666667 0.37109375 0.011458333333333333 0.0625
1 0.7760416666666666 0.369140625 0.0125 0.06640625
1 0.8390625 0.34375 0.011458333333333333 0.0625
1 0.7921875 0.318359375 0.009375 0.05078125
2 0.8088541666666667 0.544921875 0.026041666666666668 0.12890625
2 0.8276041666666667 0.494140625 0.021875 0.11328125
2 0.8661458333333333 0.744140625 0.04479166666666667 0.21484375
2 0.9427083333333334 0.505859375 0.022916666666666665 0.11328125
