1 0.17291666666666666 0.66796875 0.03958333333333333 0.1953125
1 0.42239583333333336 0.505859375 0.019791666666666666 0.09765625
1 0.5208333333333334 0.453125 0.014583333333333334 0.078125
1 0.5255208333333333 0.38671875 0.009375 0.0546875
1 0.5484375 0.41796875 0.011458333333333333 0.0625
1 0.48802083333333335 0.36328125 0.007291666666666667 0.046875
1 0.4510416666666667 0.349609375 0.008333333333333333 0.04296875
2 0.8104166666666667 0.572265625 0.027083333333333334 0.13671875
2 0.6145833333333334 0.353515625 0.008333333333333333 0.04296875
2 0.6942708333333333 0.390625 0.011458333333333333 0.0546875
2 0.75 0.431640625 0.0125 0.05859375
2 0.7734375 0.4765625 0.015625 0.078125
2 0.7734375 0.474609375 0.015625 0.08203125
