1 0.24010416666666667 0.60546875 0.03229166666666667 0.1640625
1 0.471875 0.44140625 0.016666666666666666 0.09375
1 0.60625 0.40625 0.0125 0.0703125
1 0.7229166666666667 0.39453125 0.010416666666666666 0.0625
1 0.8307291666666666 0.392578125 0.011458333333333333 0.05859375
1 0.7421875 0.341796875 0.007291666666666667 0.04296875
1 0.6348958333333333 0.337890625 0.007291666666666667 0.04296875
2 0.6463541666666667 0.310546875 0.007291666666666667 0.03515625
2 0.6125 0.30859375 0.00625 0.03125
1 0.8072916666666666 0.333984375 0.00625 0.03515625
2 0.7052083333333333 0.3046875 0.00625 0.03125
