1 0.2875 0.59375 0.029166666666666667 0.1484375
1 0.434375 0.435546875 0.01875 0.08984375
1 0.5421875 0.3671875 0.013541666666666667 0.0703125
1 0.6421875 0.33984375 0.009375 0.0546875
1 0.7375 0.3359375 0.008333333333333333 0.046875
1 0.84375 0.337890625 0.008333333333333333 0.05078125
2 0.7489583333333333 0.46875 0.020833333333333332 0.109375
2 0.7583333333333333 0.572265625 0.029166666666666667 0.13671875
2 0.7864583333333334 0.435546875 0.020833333333333332 0.08984375
2 0.8369791666666667 0.41015625 0.017708333333333333 0.0859375
2 0.9380208333333333 0.3984375 0.017708333333333333 0.0703125
