1 0.057291666666666664 0.44140625 0.027083333333333334 0.1171875
2 0.09322916666666667 0.33203125 0.017708333333333333 0.078125
1 0.1296875 0.59375 0.036458333333333336 0.1796875
3 0.1234375 0.662109375 0.065625 0.37890625
2 0.27239583333333334 0.376953125 0.015625 0.08203125
2 0.2942708333333333 0.388671875 0.017708333333333333 0.08203125
0 0.3223958333333333 0.275390625 0.009375 0.04296875
0 0.3177083333333333 0.291015625 0.008333333333333333 0.04296875
0 0.3151041666666667 0.310546875 0.009375 0.05078125
0 0.3078125 0.337890625 0.011458333333333333 0.05859375
0 0.3546875 0.275390625 0.009375 0.04296875
0 0.38385416666666666 0.275390625 0.009375 0.04296875
0 0.41041666666666665 0.2734375 0.008333333333333333 0.0390625
0 0.42135416666666664 0.2890625 0.009375 0.046875
0 0.42916666666666664 0.3046875 0.010416666666666666 0.0546875
0 0.4432291666666667 0.33203125 0.011458333333333333 0.0625
1 0.46041666666666664 0.375 0.016666666666666666 0.078125
1 0.48020833333333335 0.357421875 0.014583333333333334 0.07421875
1 0.615625 0.322265625 0.010416666666666666 0.05859375
2 0.6364583333333333 0.529296875 0.03125 0.13671875
2 0.6536458333333334 0.3984375 0.017708333333333333 0.0859375
3 0.6682291666666667 0.603515625 0.046875 0.30859375
2 0.7333333333333333 0.35546875 0.014583333333333334 0.0703125
1 0.7411458333333333 0.306640625 0.011458333333333333 0.05078125
2 0.8380208333333333 0.33984375 0.015625 0.0625
1 0.8708333333333333 0.30859375 0.010416666666666666 0.0546875
2 0.9432291666666667 0.33984375 0.013541666666666667 0.0703125
2 0.8296875 0.880859375 0.053125 0.23828125
