1 0.3307291666666667 0.533203125 0.034375 0.16015625
1 0.4625 0.40234375 0.016666666666666666 0.09375
1 0.5411458333333333 0.34375 0.011458333333333333 0.0625
1 0.584375 0.322265625 0.010416666666666666 0.05078125
1 0.640625 0.3125 0.008333333333333333 0.046875
1 0.725 0.306640625 0.010416666666666666 0.04296875
2 0.7291666666666666 0.3828125 0.016666666666666666 0.078125
2 0.7645833333333333 0.4765625 0.027083333333333334 0.1171875
2 0.9083333333333333 0.779296875 0.06458333333333334 0.26171875
2 0.7479166666666667 0.35546875 0.014583333333333334 0.0625
2 0.7770833333333333 0.337890625 0.0125 0.05859375
2 0.8369791666666667 0.328125 0.011458333333333333 0.046875
2 0.896875 0.326171875 0.010416666666666666 0.04296875
1 0.8010416666666667 0.302734375 0.008333333333333333 0.03515625
