1 0.25104166666666666 0.564453125 0.0375 0.16015625
1 0.39010416666666664 0.359375 0.015625 0.078125
1 0.4322916666666667 0.298828125 0.0125 0.05078125
1 0.45208333333333334 0.26953125 0.008333333333333333 0.0390625
1 0.4640625 0.25390625 0.007291666666666667 0.03125
1 0.471875 0.2421875 0.00625 0.03125
2 0.5447916666666667 0.244140625 0.00625 0.03515625
2 0.5515625 0.255859375 0.007291666666666667 0.03515625
2 0.5619791666666667 0.271484375 0.009375 0.04296875
2 0.5796875 0.298828125 0.011458333333333333 0.05859375
2 0.6192708333333333 0.365234375 0.017708333333333333 0.08984375
2 0.7505208333333333 0.5859375 0.040625 0.1796875
