2 0.021875 0.34375 0.01875 0.0703125
2 0.19635416666666666 0.357421875 0.019791666666666666 0.08203125
2 0.3453125 0.39453125 0.021875 0.09375
2 0.5166666666666667 0.47265625 0.025 0.1171875
2 0.746875 0.6640625 0.052083333333333336 0.1875
1 0.8703125 0.46484375 0.015625 0.0703125
1 0.03177083333333333 0.251953125 0.007291666666666667 0.03515625
2 0.06458333333333334 0.26953125 0.010416666666666666 0.0390625
2 0.11770833333333333 0.27734375 0.008333333333333333 0.046875
1 0.12395833333333334 0.259765625 0.00625 0.03515625
2 0.16302083333333334 0.28125 0.009375 0.046875
1 0.19270833333333334 0.267578125 0.008333333333333333 0.04296875
2 0.22083333333333333 0.287109375 0.008333333333333333 0.04296875
1 0.25052083333333336 0.275390625 0.009375 0.03515625
2 0.28854166666666664 0.3046875 0.010416666666666666 0.046875
1 0.3020833333333333 0.287109375 0.010416666666666666 0.04296875
1 0.3625 0.30078125 0.008333333333333333 0.0390625
2 0.375 0.33203125 0.010416666666666666 0.046875
1 0.4557291666666667 0.32421875 0.007291666666666667 0.046875
2 0.4583333333333333 0.359375 0.0125 0.0546875
1 0.5421875 0.353515625 0.011458333333333333 0.05078125
2 0.5838541666666667 0.40234375 0.015625 0.0703125
2 0.709375 0.4609375 0.01875 0.0859375
1 0.7088541666666667 0.412109375 0.011458333333333333 0.05859375
