2 0.12083333333333333 0.29296875 0.014583333333333334 0.0625
1 0.12552083333333333 0.36328125 0.017708333333333333 0.0859375
1 0.21354166666666666 0.416015625 0.022916666666666665 0.10546875
3 0.2015625 0.640625 0.053125 0.3515625
1 0.24322916666666666 0.55859375 0.034375 0.1640625
2 0.29322916666666665 0.31640625 0.017708333333333333 0.0625
2 0.43125 0.36328125 0.016666666666666666 0.078125
0 0.4515625 0.3203125 0.011458333333333333 0.0625
0 0.47291666666666665 0.28515625 0.010416666666666666 0.0546875
0 0.4817708333333333 0.26953125 0.009375 0.046875
0 0.4947916666666667 0.25390625 0.008333333333333333 0.0390625
0 0.5067708333333333 0.2421875 0.007291666666666667 0.0390625
0 0.5114583333333333 0.234375 0.00625 0.0390625
0 0.5151041666666667 0.228515625 0.005208333333333333 0.03515625
0 0.5901041666666667 0.25 0.007291666666666667 0.0390625
0 0.5947916666666667 0.283203125 0.008333333333333333 0.04296875
0 0.6026041666666667 0.3046875 0.009375 0.0546875
0 0.6020833333333333 0.33203125 0.010416666666666666 0.0625
1 0.6171875 0.373046875 0.015625 0.08203125
1 0.7572916666666667 0.33203125 0.014583333333333334 0.0625
2 0.7911458333333333 0.583984375 0.034375 0.16015625
2 0.8265625 0.451171875 0.023958333333333335 0.10546875
3 0.8932291666666666 0.76171875 0.07395833333333333 0.4296875
2 0.9270833333333334 0.40625 0.016666666666666666 0.0859375
1 0.921875 0.322265625 0.014583333333333334 0.05859375
0 0.5416666666666666 0.23046875 0.008333333333333333 0.03125
0 0.5666666666666667 0.23046875 0.00625 0.03125
