2 0.027083333333333334 0.248046875 0.008333333333333333 0.03515625
2 0.022395833333333334 0.275390625 0.009375 0.04296875
1 0.0359375 0.41796875 0.023958333333333335 0.109375
1 0.07604166666666666 0.837890625 0.0625 0.26953125
2 0.04635416666666667 0.259765625 0.009375 0.04296875
1 0.051041666666666666 0.236328125 0.00625 0.03515625
1 0.0625 0.298828125 0.010416666666666666 0.05859375
2 0.0765625 0.32421875 0.015625 0.0625
1 0.12708333333333333 0.505859375 0.03125 0.13671875
1 0.12239583333333333 0.240234375 0.007291666666666667 0.03515625
1 0.15104166666666666 0.26953125 0.008333333333333333 0.046875
1 0.15833333333333333 0.251953125 0.00625 0.04296875
0 0.171875 0.291015625 0.010416666666666666 0.05078125
0 0.19479166666666667 0.31640625 0.0125 0.0546875
0 0.24479166666666666 0.287109375 0.010416666666666666 0.05078125
2 0.25625 0.349609375 0.014583333333333334 0.07421875
0 0.27447916666666666 0.30859375 0.013541666666666667 0.0546875
2 0.42083333333333334 0.419921875 0.020833333333333332 0.10546875
0 0.5328125 0.328125 0.011458333333333333 0.0625
2 0.6645833333333333 0.666015625 0.03958333333333333 0.19921875
