1 0.2328125 0.595703125 0.034375 0.16796875
1 0.4197916666666667 0.447265625 0.016666666666666666 0.09765625
1 0.5005208333333333 0.40234375 0.013541666666666667 0.0703125
1 0.5552083333333333 0.376953125 0.010416666666666666 0.05859375
2 0.7338541666666667 0.427734375 0.015625 0.08203125
2 0.7364583333333333 0.380859375 0.0125 0.05859375
2 0.7411458333333333 0.509765625 0.021875 0.12109375
2 0.7859375 0.65625 0.036458333333333336 0.1796875
1 0.6067708333333334 0.35546875 0.007291666666666667 0.046875
1 0.6442708333333333 0.33984375 0.007291666666666667 0.0390625
2 0.759375 0.359375 0.008333333333333333 0.046875
2 0.7739583333333333 0.34765625 0.008333333333333333 0.046875
