2 0.0890625 0.30859375 0.013541666666666667 0.0625
1 0.171875 0.5859375 0.0375 0.1640625
2 0.20520833333333333 0.28125 0.010416666666666666 0.046875
1 0.25364583333333335 0.349609375 0.013541666666666667 0.07421875
1 0.35052083333333334 0.302734375 0.011458333333333333 0.05859375
1 0.39114583333333336 0.275390625 0.009375 0.05078125
1 0.4036458333333333 0.43359375 0.017708333333333333 0.1015625
1 0.41510416666666666 0.259765625 0.007291666666666667 0.04296875
1 0.42864583333333334 0.255859375 0.007291666666666667 0.03515625
1 0.4661458333333333 0.251953125 0.007291666666666667 0.03515625
1 0.5505208333333333 0.349609375 0.013541666666666667 0.07421875
1 0.6802083333333333 0.30078125 0.0125 0.0625
1 0.7713541666666667 0.296875 0.009375 0.0546875
1 0.8427083333333333 0.298828125 0.010416666666666666 0.04296875
1 0.8833333333333333 0.291015625 0.008333333333333333 0.04296875
2 0.9119791666666667 0.353515625 0.019791666666666666 0.08203125
2 0.8796875 0.431640625 0.023958333333333335 0.11328125
2 0.9244791666666666 0.69921875 0.040625 0.1953125
1 0.8729166666666667 0.275390625 0.00625 0.03515625
