1 0.3828125 0.716796875 0.04479166666666667 0.21484375
0 0.48802083333333335 0.33984375 0.015625 0.0703125
0 0.5276041666666667 0.31640625 0.011458333333333333 0.0625
1 0.590625 0.474609375 0.025 0.11328125
0 0.6432291666666666 0.361328125 0.013541666666666667 0.07421875
0 0.6578125 0.3359375 0.011458333333333333 0.0546875
2 0.6598958333333333 0.28125 0.009375 0.046875
2 0.6739583333333333 0.302734375 0.010416666666666666 0.05078125
2 0.6869791666666667 0.2734375 0.007291666666666667 0.0390625
2 0.740625 0.267578125 0.008333333333333333 0.03515625
1 0.7479166666666667 0.2890625 0.008333333333333333 0.0390625
1 0.7625 0.28125 0.00625 0.0390625
1 0.771875 0.30859375 0.008333333333333333 0.046875
2 0.7848958333333333 0.34375 0.011458333333333333 0.0703125
1 0.8 0.279296875 0.008333333333333333 0.03515625
2 0.815625 0.271484375 0.00625 0.02734375
2 0.8192708333333333 0.353515625 0.015625 0.07421875
1 0.8177083333333334 0.396484375 0.016666666666666666 0.07421875
1 0.8463541666666666 0.390625 0.017708333333333333 0.078125
1 0.8578125 0.28125 0.007291666666666667 0.03125
1 0.8932291666666666 0.34375 0.013541666666666667 0.0625
2 0.9083333333333333 0.27734375 0.008333333333333333 0.0390625
1 0.9276041666666667 0.283203125 0.007291666666666667 0.03515625
2 0.9317708333333333 0.61328125 0.03229166666666667 0.1640625
2 0.9942708333333333 0.283203125 0.009375 0.03515625
