1 0.1375 0.4296875 0.022916666666666665 0.109375
0 0.18958333333333333 0.861328125 0.06041666666666667 0.27734375
2 0.2838541666666667 0.572265625 0.034375 0.16015625
1 0.3296875 0.361328125 0.013541666666666667 0.08203125
3 0.37083333333333335 0.314453125 0.020833333333333332 0.09765625
1 0.553125 0.31640625 0.016666666666666666 0.1015625
2 0.5958333333333333 0.365234375 0.016666666666666666 0.08203125
1 0.6546875 0.564453125 0.028125 0.14453125
2 0.7661458333333333 0.4375 0.021875 0.1015625
0 0.815625 0.869140625 0.05625 0.26171875
