1 0.43125 0.576171875 0.03958333333333333 0.17578125
1 0.6369791666666667 0.4140625 0.019791666666666666 0.1015625
2 0.9296875 0.544921875 0.040625 0.15234375
1 0.8067708333333333 0.373046875 0.017708333333333333 0.07421875
0 0.7640625 0.318359375 0.011458333333333333 0.05859375
0 0.8151041666666666 0.30859375 0.013541666666666667 0.0546875
0 0.871875 0.341796875 0.016666666666666666 0.06640625
0 0.9078125 0.32421875 0.015625 0.0546875
2 0.915625 0.3046875 0.0125 0.046875
2 0.9104166666666667 0.28515625 0.008333333333333333 0.0390625
