2 0.052083333333333336 0.30078125 0.0125 0.0546875
2 0.0953125 0.2578125 0.007291666666666667 0.0390625
2 0.09895833333333333 0.275390625 0.008333333333333333 0.04296875
1 0.08229166666666667 0.390625 0.020833333333333332 0.0859375
1 0.08177083333333333 0.705078125 0.042708333333333334 0.21484375
2 0.06770833333333333 0.25 0.008333333333333333 0.0390625
1 0.21458333333333332 0.3359375 0.0125 0.0625
1 0.26510416666666664 0.28515625 0.009375 0.046875
1 0.2911458333333333 0.462890625 0.021875 0.11328125
1 0.27395833333333336 0.259765625 0.008333333333333333 0.04296875
1 0.4114583333333333 0.35546875 0.014583333333333334 0.078125
1 0.5713541666666667 0.314453125 0.011458333333333333 0.05859375
1 0.6958333333333333 0.296875 0.010416666666666666 0.0546875
2 0.7578125 0.447265625 0.021875 0.10546875
2 0.7921875 0.419921875 0.023958333333333335 0.09765625
1 0.8541666666666666 0.310546875 0.010416666666666666 0.05078125
2 0.809375 0.537109375 0.027083333333333334 0.13671875
2 0.9026041666666667 0.408203125 0.021875 0.08984375
