1 0.16666666666666666 0.89453125 0.035416666666666666 0.203125
2 0.8458333333333333 0.865234375 0.05 0.25390625
2 0.7557291666666667 0.580078125 0.026041666666666668 0.13671875
2 0.7432291666666667 0.458984375 0.015625 0.09765625
2 0.7578125 0.412109375 0.011458333333333333 0.07421875
2 0.7572916666666667 0.4140625 0.0125 0.078125
2 0.7848958333333333 0.396484375 0.011458333333333333 0.07421875
2 0.8630208333333333 0.400390625 0.013541666666666667 0.07421875
1 0.3828125 0.515625 0.019791666666666666 0.1328125
1 0.534375 0.396484375 0.0125 0.07421875
1 0.6088541666666667 0.357421875 0.009375 0.06640625
1 0.6677083333333333 0.330078125 0.008333333333333333 0.05078125
1 0.7416666666666667 0.337890625 0.008333333333333333 0.05078125
1 0.7927083333333333 0.337890625 0.008333333333333333 0.05078125
1 0.8515625 0.322265625 0.009375 0.05078125
1 0.79375 0.337890625 0.008333333333333333 0.05078125
