1 0.22864583333333333 0.76953125 0.046875 0.2265625
1 0.37135416666666665 0.49609375 0.021875 0.1171875
1 0.26458333333333334 0.2421875 0.00625 0.0390625
1 0.2520833333333333 0.255859375 0.00625 0.04296875
1 0.2604166666666667 0.283203125 0.00625 0.04296875
1 0.28854166666666664 0.3359375 0.010416666666666666 0.0625
1 0.42604166666666665 0.37890625 0.0125 0.0703125
2 0.36822916666666666 0.2578125 0.005208333333333333 0.03125
2 0.37395833333333334 0.267578125 0.00625 0.03515625
2 0.38697916666666665 0.28515625 0.007291666666666667 0.0390625
2 0.41875 0.310546875 0.008333333333333333 0.04296875
2 0.4708333333333333 0.318359375 0.008333333333333333 0.04296875
2 0.53125 0.326171875 0.008333333333333333 0.04296875
2 0.6005208333333333 0.35546875 0.011458333333333333 0.0546875
2 0.6052083333333333 0.400390625 0.014583333333333334 0.07421875
2 0.6630208333333333 0.509765625 0.023958333333333335 0.12109375
2 0.8859375 0.8828125 0.04895833333333333 0.21875
1 0.2786458333333333 0.234375 0.005208333333333333 0.03125
