3 0.008333333333333333 0.37109375 0.016666666666666666 0.1328125
2 0.011979166666666667 0.259765625 0.013541666666666667 0.05859375
3 0.05260416666666667 0.294921875 0.017708333333333333 0.10546875
2 0.07447916666666667 0.248046875 0.009375 0.05078125
1 0.08177083333333333 0.41796875 0.023958333333333335 0.109375
1 0.14114583333333333 0.8828125 0.04895833333333333 0.234375
1 0.17604166666666668 0.5234375 0.03333333333333333 0.1484375
1 0.10104166666666667 0.224609375 0.008333333333333333 0.03515625
2 0.10833333333333334 0.322265625 0.016666666666666666 0.07421875
2 0.14791666666666667 0.244140625 0.008333333333333333 0.04296875
3 0.19427083333333334 0.310546875 0.017708333333333333 0.10546875
1 0.20104166666666667 0.23046875 0.00625 0.03125
2 0.22291666666666668 0.244140625 0.008333333333333333 0.03515625
2 0.26927083333333335 0.333984375 0.013541666666666667 0.07421875
2 0.36614583333333334 0.248046875 0.005208333333333333 0.02734375
2 0.40625 0.32421875 0.0125 0.0625
1 0.4661458333333333 0.25 0.005208333333333333 0.03125
2 0.47760416666666666 0.265625 0.007291666666666667 0.03125
2 0.4864583333333333 0.310546875 0.010416666666666666 0.05078125
2 0.4734375 0.435546875 0.019791666666666666 0.10546875
1 0.49322916666666666 0.36328125 0.013541666666666667 0.0703125
2 0.5083333333333333 0.27734375 0.008333333333333333 0.0390625
2 0.5166666666666667 0.29296875 0.008333333333333333 0.046875
1 0.5354166666666667 0.26171875 0.00625 0.03125
1 0.5890625 0.279296875 0.007291666666666667 0.03515625
1 0.6036458333333333 0.33203125 0.009375 0.0546875
1 0.6192708333333333 0.30078125 0.009375 0.0390625
0 0.6166666666666667 0.37890625 0.014583333333333334 0.0703125
0 0.6385416666666667 0.455078125 0.020833333333333332 0.10546875
0 0.7229166666666667 0.388671875 0.014583333333333334 0.07421875
0 0.7869791666666667 0.4765625 0.023958333333333335 0.109375
2 0.7703125 0.71875 0.04479166666666667 0.21875
