2 0.915625 0.65234375 0.03333333333333333 0.203125
2 0.6776041666666667 0.548828125 0.023958333333333335 0.16015625
2 0.5270833333333333 0.482421875 0.025 0.14453125
2 0.49322916666666666 0.369140625 0.015625 0.08984375
2 0.4895833333333333 0.326171875 0.016666666666666666 0.08984375
2 0.4984375 0.30078125 0.011458333333333333 0.078125
2 0.5119791666666667 0.263671875 0.009375 0.05859375
1 0.18697916666666667 0.3671875 0.023958333333333335 0.125
1 0.26666666666666666 0.283203125 0.014583333333333334 0.08203125
1 0.33541666666666664 0.255859375 0.0125 0.07421875
1 0.3796875 0.244140625 0.011458333333333333 0.05859375
1 0.4171875 0.2421875 0.011458333333333333 0.0546875
1 0.45625 0.23828125 0.010416666666666666 0.0546875
