1 0.3177083333333333 0.46875 0.027083333333333334 0.125
1 0.40677083333333336 0.33984375 0.013541666666666667 0.0625
1 0.4395833333333333 0.291015625 0.010416666666666666 0.05078125
1 0.45677083333333335 0.265625 0.007291666666666667 0.03125
1 0.4671875 0.251953125 0.007291666666666667 0.03515625
1 0.4739583333333333 0.2421875 0.00625 0.03125
2 0.5494791666666666 0.25390625 0.007291666666666667 0.03125
2 0.559375 0.26953125 0.008333333333333333 0.0390625
2 0.5739583333333333 0.294921875 0.010416666666666666 0.05078125
2 0.6036458333333333 0.33984375 0.013541666666666667 0.0703125
2 0.6885416666666667 0.48046875 0.029166666666666667 0.1328125
