1 0.24791666666666667 0.65234375 0.03333333333333333 0.1796875
1 0.3953125 0.451171875 0.017708333333333333 0.09765625
2 0.7552083333333334 0.48828125 0.01875 0.1015625
1 0.44375 0.376953125 0.010416666666666666 0.06640625
1 0.46145833333333336 0.3359375 0.008333333333333333 0.046875
1 0.47708333333333336 0.310546875 0.00625 0.04296875
1 0.5401041666666667 0.294921875 0.005208333333333333 0.03515625
1 0.6296875 0.296875 0.005208333333333333 0.03125
1 0.6895833333333333 0.30078125 0.00625 0.03125
1 0.7598958333333333 0.310546875 0.005208333333333333 0.03515625
1 0.759375 0.310546875 0.00625 0.03515625
1 0.8703125 0.3203125 0.007291666666666667 0.0390625
2 0.7635416666666667 0.345703125 0.010416666666666666 0.05078125
2 0.6854166666666667 0.330078125 0.008333333333333333 0.04296875
2 0.6390625 0.322265625 0.007291666666666667 0.04296875
2 0.6473958333333333 0.345703125 0.009375 0.05078125
2 0.6807291666666667 0.38671875 0.013541666666666667 0.0703125
