2 0.06354166666666666 0.572265625 0.03958333333333333 0.18359375
0 0.17447916666666666 0.419921875 0.023958333333333335 0.11328125
0 0.21875 0.353515625 0.01875 0.08984375
0 0.23854166666666668 0.328125 0.014583333333333334 0.078125
0 0.2578125 0.298828125 0.011458333333333333 0.06640625
0 0.27760416666666665 0.275390625 0.011458333333333333 0.05859375
0 0.28958333333333336 0.259765625 0.010416666666666666 0.05859375
0 0.33958333333333335 0.263671875 0.010416666666666666 0.05078125
0 0.3854166666666667 0.259765625 0.010416666666666666 0.05859375
0 0.4354166666666667 0.283203125 0.008333333333333333 0.05078125
0 0.4390625 0.310546875 0.011458333333333333 0.05859375
0 0.44583333333333336 0.361328125 0.014583333333333334 0.06640625
0 0.453125 0.4296875 0.01875 0.1015625
1 0.46458333333333335 0.509765625 0.025 0.12890625
1 0.6510416666666666 0.384765625 0.016666666666666666 0.08984375
1 0.8203125 0.349609375 0.015625 0.07421875
2 0.865625 0.693359375 0.04375 0.20703125
2 0.9098958333333333 0.50390625 0.028125 0.125
