1 0.09010416666666667 0.478515625 0.026041666666666668 0.13671875
2 0.22916666666666666 0.72265625 0.04375 0.234375
2 0.24947916666666667 0.22265625 0.005208333333333333 0.03125
1 0.2921875 0.24609375 0.005208333333333333 0.0390625
1 0.33177083333333335 0.37890625 0.015625 0.0859375
2 0.3578125 0.232421875 0.005208333333333333 0.03515625
1 0.3536458333333333 0.259765625 0.007291666666666667 0.04296875
1 0.39479166666666665 0.279296875 0.008333333333333333 0.05078125
1 0.4010416666666667 0.32421875 0.010416666666666666 0.0625
3 0.3802083333333333 0.3203125 0.016666666666666666 0.1171875
3 0.4041666666666667 0.27734375 0.0125 0.0859375
2 0.440625 0.248046875 0.00625 0.03515625
0 0.44635416666666666 0.234375 0.005208333333333333 0.03125
0 0.44635416666666666 0.234375 0.005208333333333333 0.03125
0 0.45625 0.220703125 0.004166666666666667 0.02734375
0 0.45989583333333334 0.2109375 0.003125 0.0234375
0 0.46770833333333334 0.205078125 0.004166666666666667 0.02734375
0 0.528125 0.23828125 0.00625 0.03125
1 0.5322916666666667 0.251953125 0.00625 0.03515625
2 0.565625 0.326171875 0.010416666666666666 0.06640625
2 0.5713541666666667 0.29296875 0.007291666666666667 0.046875
3 0.5859375 0.330078125 0.017708333333333333 0.11328125
3 0.5677083333333334 0.291015625 0.0125 0.08984375
1 0.6375 0.390625 0.016666666666666666 0.0859375
2 0.6380208333333334 0.388671875 0.015625 0.08984375
2 0.6713541666666667 0.26171875 0.007291666666666667 0.0390625
1 0.7046875 0.234375 0.005208333333333333 0.03125
2 0.7447916666666666 0.26171875 0.00625 0.0390625
1 0.8119791666666667 0.2421875 0.005208333333333333 0.03125
2 0.8317708333333333 0.26953125 0.007291666666666667 0.0390625
2 0.8614583333333333 0.490234375 0.025 0.12109375
2 0.9411458333333333 0.279296875 0.007291666666666667 0.04296875
1 0.1 0.234375 0.00625 0.0390625
2 0.12708333333333333 0.22265625 0.00625 0.0390625
1 0.20625 0.23828125 0.00625 0.0390625
1 0.7453125 0.71484375 0.040625 0.21875
2 0.6109375 0.271484375 0.007291666666666667 0.04296875
