3 0.4270833333333333 0.36328125 0.020833333333333332 0.140625
3 0.44947916666666665 0.341796875 0.019791666666666666 0.12890625
1 0.5125 0.3046875 0.008333333333333333 0.0546875
1 0.5458333333333333 0.275390625 0.008333333333333333 0.04296875
1 0.5635416666666667 0.255859375 0.00625 0.03515625
1 0.5765625 0.24609375 0.005208333333333333 0.03125
1 0.5848958333333333 0.236328125 0.005208333333333333 0.02734375
1 0.5911458333333334 0.228515625 0.005208333333333333 0.02734375
1 0.5958333333333333 0.22265625 0.004166666666666667 0.0234375
2 0.6557291666666667 0.24609375 0.005208333333333333 0.03125
2 0.6604166666666667 0.259765625 0.00625 0.03515625
2 0.6729166666666667 0.279296875 0.008333333333333333 0.04296875
2 0.6828125 0.322265625 0.011458333333333333 0.05859375
3 0.7125 0.369140625 0.020833333333333332 0.13671875
3 0.7203125 0.392578125 0.026041666666666668 0.16015625
