1 0.0171875 0.416015625 0.028125 0.11328125
1 0.0765625 0.357421875 0.017708333333333333 0.08203125
1 0.1453125 0.28125 0.005208333333333333 0.0390625
1 0.125 0.287109375 0.008333333333333333 0.05859375
1 0.11354166666666667 0.306640625 0.00625 0.05859375
1 0.1 0.318359375 0.008333333333333333 0.07421875
1 0.16770833333333332 0.271484375 0.008333333333333333 0.04296875
1 0.20104166666666667 0.26953125 0.008333333333333333 0.03125
2 0.3046875 0.345703125 0.007291666666666667 0.06640625
2 0.2838541666666667 0.333984375 0.007291666666666667 0.06640625
2 0.26458333333333334 0.306640625 0.00625 0.05078125
2 0.253125 0.291015625 0.008333333333333333 0.05859375
2 0.24322916666666666 0.298828125 0.003125 0.04296875
2 0.30833333333333335 0.28125 0.010416666666666666 0.03125
2 0.28020833333333334 0.275390625 0.00625 0.03515625
2 0.24375 0.279296875 0.008333333333333333 0.04296875
