2 0.14479166666666668 0.38671875 0.022916666666666665 0.1015625
2 0.33958333333333335 0.490234375 0.029166666666666667 0.12890625
0 0.3885416666666667 0.380859375 0.020833333333333332 0.08984375
0 0.4244791666666667 0.32421875 0.013541666666666667 0.0703125
0 0.4390625 0.294921875 0.013541666666666667 0.06640625
0 0.45677083333333335 0.2734375 0.011458333333333333 0.0546875
0 0.47291666666666665 0.25390625 0.010416666666666666 0.046875
0 0.4786458333333333 0.2421875 0.009375 0.0390625
0 0.5145833333333333 0.234375 0.008333333333333333 0.046875
0 0.5442708333333334 0.23828125 0.009375 0.0390625
0 0.5765625 0.263671875 0.009375 0.04296875
0 0.5828125 0.283203125 0.011458333333333333 0.05859375
0 0.5869791666666667 0.3125 0.011458333333333333 0.0625
0 0.6020833333333333 0.34765625 0.014583333333333334 0.078125
0 0.6088541666666667 0.396484375 0.017708333333333333 0.08984375
1 0.6453125 0.486328125 0.028125 0.12890625
1 0.8239583333333333 0.390625 0.01875 0.09375
