2 0.03125 0.267578125 0.0125 0.05859375
3 0.049479166666666664 0.322265625 0.023958333333333335 0.12890625
2 0.10625 0.255859375 0.0125 0.05078125
2 0.11822916666666666 0.361328125 0.019791666666666666 0.08984375
2 0.18385416666666668 0.248046875 0.009375 0.04296875
1 0.2578125 0.470703125 0.026041666666666668 0.12109375
2 0.2604166666666667 0.24609375 0.008333333333333333 0.0390625
2 0.3015625 0.369140625 0.019791666666666666 0.08203125
0 0.3880208333333333 0.56640625 0.030208333333333334 0.15625
2 0.46145833333333336 0.359375 0.014583333333333334 0.078125
2 0.5588541666666667 0.330078125 0.011458333333333333 0.05859375
0 0.596875 0.671875 0.0375 0.1953125
1 0.5833333333333334 0.41796875 0.01875 0.09375
2 0.5729166666666666 0.283203125 0.008333333333333333 0.05078125
2 0.5875 0.302734375 0.010416666666666666 0.05078125
1 0.6635416666666667 0.287109375 0.008333333333333333 0.04296875
1 0.7119791666666667 0.314453125 0.011458333333333333 0.05078125
1 0.7088541666666667 0.361328125 0.011458333333333333 0.06640625
