2 0.040625 0.328125 0.0125 0.0703125
2 0.033854166666666664 0.392578125 0.017708333333333333 0.08203125
2 0.11875 0.291015625 0.010416666666666666 0.05078125
1 0.2390625 0.716796875 0.046875 0.22265625
2 0.2203125 0.47265625 0.026041666666666668 0.125
1 0.22135416666666666 0.314453125 0.011458333333333333 0.05859375
1 0.2421875 0.291015625 0.009375 0.04296875
1 0.25885416666666666 0.345703125 0.011458333333333333 0.06640625
1 0.29270833333333335 0.275390625 0.008333333333333333 0.04296875
1 0.3796875 0.375 0.013541666666666667 0.078125
2 0.4010416666666667 0.25 0.00625 0.03125
1 0.4244791666666667 0.2578125 0.007291666666666667 0.0390625
1 0.5598958333333334 0.3828125 0.015625 0.078125
1 0.5609375 0.255859375 0.007291666666666667 0.03515625
2 0.5723958333333333 0.2421875 0.007291666666666667 0.0390625
3 0.653125 0.34765625 0.01875 0.1328125
2 0.6666666666666666 0.248046875 0.008333333333333333 0.04296875
1 0.6973958333333333 0.265625 0.007291666666666667 0.0390625
1 0.7203125 0.36328125 0.013541666666666667 0.0703125
3 0.7708333333333334 0.330078125 0.016666666666666666 0.10546875
2 0.7588541666666667 0.255859375 0.007291666666666667 0.04296875
1 0.7588541666666667 0.28515625 0.007291666666666667 0.0390625
1 0.7947916666666667 0.306640625 0.010416666666666666 0.05078125
1 0.7958333333333333 0.333984375 0.010416666666666666 0.05859375
2 0.8427083333333333 0.548828125 0.03125 0.15234375
3 0.8765625 0.44921875 0.036458333333333336 0.203125
2 0.9385416666666667 0.439453125 0.022916666666666665 0.11328125
2 0.95 0.3125 0.010416666666666666 0.0625
2 0.8630208333333333 0.279296875 0.009375 0.05078125
1 0.6296875 0.2578125 0.007291666666666667 0.0390625
