1 0.3359375 0.509765625 0.021875 0.12890625
1 0.46927083333333336 0.376953125 0.011458333333333333 0.07421875
1 0.5255208333333333 0.34375 0.009375 0.0625
1 0.5901041666666667 0.328125 0.007291666666666667 0.046875
1 0.6828125 0.318359375 0.007291666666666667 0.04296875
2 0.7151041666666667 0.435546875 0.017708333333333333 0.08203125
2 0.8197916666666667 0.642578125 0.0375 0.16796875
2 0.725 0.384765625 0.0125 0.06640625
2 0.7505208333333333 0.357421875 0.011458333333333333 0.05078125
2 0.7973958333333333 0.34375 0.009375 0.046875
2 0.865625 0.33203125 0.008333333333333333 0.0390625
1 0.7604166666666666 0.30859375 0.00625 0.0390625
