0 0.019010416666666665 0.8263888888888888 0.03802083333333333 0.1287037037037037
0 0.2875 0.6944444444444444 0.0375 0.08148148148148149
0 0.36953125 0.6504629629629629 0.030729166666666665 0.06574074074074074
2 0.41692708333333334 0.611574074074074 0.021354166666666667 0.05277777777777778
3 0.4861979166666667 0.5583333333333333 0.019270833333333334 0.06111111111111111
2 0.5020833333333333 0.5662037037037037 0.013541666666666667 0.03611111111111111
1 0.5330729166666667 0.5509259259259259 0.013020833333333334 0.03333333333333333
0 0.5453125 0.5587962962962963 0.0125 0.032407407407407406
0 0.5604166666666667 0.5888888888888889 0.019791666666666666 0.04814814814814815
3 0.67265625 0.5453703703703704 0.0171875 0.04814814814814815
3 0.7213541666666666 0.5791666666666667 0.022916666666666665 0.07314814814814814
3 0.7434895833333334 0.6342592592592593 0.03177083333333333 0.10740740740740741
