0 0.04791666666666667 0.474609375 0.03125 0.14453125
0 0.13645833333333332 0.36328125 0.022916666666666665 0.1015625
0 0.16927083333333334 0.318359375 0.019791666666666666 0.08203125
0 0.20208333333333334 0.287109375 0.016666666666666666 0.06640625
0 0.22916666666666666 0.255859375 0.0125 0.05859375
0 0.2390625 0.2421875 0.011458333333333333 0.0546875
0 0.24635416666666668 0.234375 0.011458333333333333 0.0546875
0 0.2869791666666667 0.232421875 0.011458333333333333 0.05078125
0 0.32447916666666665 0.234375 0.011458333333333333 0.046875
0 0.359375 0.263671875 0.010416666666666666 0.05078125
0 0.3651041666666667 0.291015625 0.011458333333333333 0.05859375
0 0.36822916666666666 0.328125 0.013541666666666667 0.0703125
0 0.38229166666666664 0.37109375 0.020833333333333332 0.09375
0 0.3875 0.4375 0.022916666666666665 0.1171875
1 0.42916666666666664 0.57421875 0.03333333333333333 0.1640625
1 0.61875 0.392578125 0.020833333333333332 0.09765625
1 0.7770833333333333 0.341796875 0.016666666666666666 0.06640625
2 0.9072916666666667 0.51953125 0.03125 0.1328125
1 0.9515625 0.333984375 0.013541666666666667 0.06640625
