1 0.09427083333333333 0.744140625 0.06145833333333333 0.24609375
1 0.10677083333333333 0.498046875 0.036458333333333336 0.15234375
1 0.04895833333333333 0.41796875 0.03125 0.125
1 0.051041666666666666 0.236328125 0.008333333333333333 0.04296875
2 0.06979166666666667 0.248046875 0.010416666666666666 0.05078125
2 0.11510416666666666 0.271484375 0.015625 0.06640625
1 0.175 0.23828125 0.008333333333333333 0.0390625
2 0.2234375 0.251953125 0.011458333333333333 0.05078125
2 0.26458333333333334 0.287109375 0.016666666666666666 0.06640625
1 0.290625 0.2421875 0.008333333333333333 0.0390625
2 0.3697916666666667 0.259765625 0.010416666666666666 0.05078125
1 0.4203125 0.24609375 0.007291666666666667 0.0390625
2 0.41041666666666665 0.314453125 0.01875 0.08203125
2 0.4713541666666667 0.265625 0.009375 0.046875
1 0.4973958333333333 0.25 0.007291666666666667 0.0390625
2 0.5625 0.2734375 0.010416666666666666 0.0546875
2 0.5791666666666667 0.388671875 0.022916666666666665 0.10546875
1 0.5927083333333333 0.2578125 0.008333333333333333 0.0390625
2 0.6989583333333333 0.28515625 0.0125 0.0546875
1 0.7109375 0.271484375 0.009375 0.05078125
1 0.8869791666666667 0.2890625 0.011458333333333333 0.0546875
2 0.8911458333333333 0.314453125 0.015625 0.06640625
