1 0.23177083333333334 0.875 0.04479166666666667 0.25
2 0.23177083333333334 0.876953125 0.042708333333333334 0.24609375
1 0.5380208333333333 0.896484375 0.03854166666666667 0.20703125
1 0.7723958333333333 0.46875 0.021875 0.109375
2 0.9776041666666667 0.359375 0.015625 0.0703125
2 0.8708333333333333 0.34375 0.014583333333333334 0.0625
2 0.7890625 0.33203125 0.011458333333333333 0.0625
2 0.7489583333333333 0.291015625 0.010416666666666666 0.05078125
1 0.5864583333333333 0.3828125 0.016666666666666666 0.078125
1 0.5802083333333333 0.30078125 0.010416666666666666 0.0625
1 0.5854166666666667 0.259765625 0.008333333333333333 0.04296875
2 0.7364583333333333 0.271484375 0.008333333333333333 0.04296875
