1 0.10364583333333334 0.728515625 0.04479166666666667 0.21484375
1 0.41770833333333335 0.46875 0.01875 0.1015625
1 0.5661458333333333 0.412109375 0.013541666666666667 0.07421875
1 0.6854166666666667 0.392578125 0.010416666666666666 0.05859375
1 0.7927083333333333 0.384765625 0.010416666666666666 0.05859375
1 0.9213541666666667 0.373046875 0.011458333333333333 0.05859375
1 0.7015625 0.337890625 0.007291666666666667 0.04296875
1 0.7640625 0.32421875 0.007291666666666667 0.0390625
1 0.5942708333333333 0.337890625 0.007291666666666667 0.04296875
2 0.6625 0.294921875 0.00625 0.03515625
2 0.6052083333333333 0.306640625 0.00625 0.03515625
2 0.5697916666666667 0.302734375 0.00625 0.03515625
2 0.5432291666666667 0.298828125 0.005208333333333333 0.03515625
2 0.5072916666666667 0.29296875 0.00625 0.03125
1 0.46510416666666665 0.3125 0.007291666666666667 0.0390625
