2 0.2635416666666667 0.6328125 0.03958333333333333 0.1953125
1 0.11770833333333333 0.453125 0.025 0.1171875
1 0.3333333333333333 0.369140625 0.016666666666666666 0.08203125
3 0.3765625 0.3203125 0.017708333333333333 0.109375
1 0.3963541666666667 0.31640625 0.013541666666666667 0.0625
2 0.5526041666666667 0.322265625 0.013541666666666667 0.05859375
3 0.5708333333333333 0.326171875 0.016666666666666666 0.10546875
2 0.6171875 0.380859375 0.017708333333333333 0.08203125
1 0.6958333333333333 0.623046875 0.0375 0.17578125
2 0.8114583333333333 0.462890625 0.022916666666666665 0.10546875
