1 0.2125 0.646484375 0.05 0.21484375
1 0.39010416666666664 0.376953125 0.021875 0.08984375
2 0.8151041666666666 0.69921875 0.057291666666666664 0.2265625
2 0.6328125 0.388671875 0.021875 0.09765625
3 0.43020833333333336 0.296875 0.01875 0.1015625
3 0.440625 0.28125 0.014583333333333334 0.09375
3 0.5973958333333333 0.306640625 0.019791666666666666 0.10546875
3 0.5833333333333334 0.28515625 0.014583333333333334 0.09375
0 0.56875 0.28125 0.010416666666666666 0.0546875
0 0.5567708333333333 0.2578125 0.009375 0.0390625
0 0.5505208333333333 0.24609375 0.007291666666666667 0.03125
0 0.45729166666666665 0.267578125 0.010416666666666666 0.05078125
0 0.46979166666666666 0.251953125 0.010416666666666666 0.04296875
