2 0.0078125 0.28125 0.013541666666666667 0.0625
2 0.021875 0.306640625 0.014583333333333334 0.07421875
2 0.049479166666666664 0.26171875 0.013541666666666667 0.0625
1 0.06614583333333333 0.4609375 0.028125 0.125
3 0.07239583333333334 0.3046875 0.019791666666666666 0.109375
2 0.11458333333333333 0.25 0.0125 0.0546875
1 0.03229166666666667 0.23046875 0.010416666666666666 0.046875
2 0.128125 0.330078125 0.016666666666666666 0.08203125
1 0.14166666666666666 0.62890625 0.041666666666666664 0.1953125
1 0.14479166666666668 0.228515625 0.010416666666666666 0.04296875
2 0.18854166666666666 0.24609375 0.0125 0.046875
3 0.215625 0.3203125 0.020833333333333332 0.1171875
2 0.29635416666666664 0.34765625 0.017708333333333333 0.078125
2 0.4078125 0.248046875 0.009375 0.04296875
2 0.44635416666666666 0.33984375 0.013541666666666667 0.0625
2 0.5260416666666666 0.490234375 0.025 0.12890625
1 0.5104166666666666 0.251953125 0.008333333333333333 0.03515625
2 0.521875 0.271484375 0.008333333333333333 0.03515625
2 0.534375 0.3203125 0.0125 0.0625
1 0.5458333333333333 0.38671875 0.01875 0.0859375
2 0.55625 0.28125 0.010416666666666666 0.046875
2 0.5661458333333333 0.30078125 0.009375 0.046875
1 0.584375 0.265625 0.008333333333333333 0.0390625
1 0.6442708333333333 0.28125 0.009375 0.046875
1 0.6682291666666667 0.34765625 0.013541666666666667 0.0625
1 0.6802083333333333 0.30859375 0.0125 0.0546875
0 0.6927083333333334 0.41015625 0.01875 0.0859375
0 0.740625 0.52734375 0.029166666666666667 0.140625
0 0.8270833333333333 0.427734375 0.01875 0.08984375
