1 0.09583333333333334 0.720703125 0.06666666666666667 0.24609375
1 0.30625 0.466796875 0.03125 0.12109375
1 0.4276041666666667 0.357421875 0.017708333333333333 0.08203125
1 0.5880208333333333 0.31640625 0.015625 0.0546875
1 0.7166666666666667 0.30078125 0.016666666666666666 0.0625
1 0.8802083333333334 0.30859375 0.014583333333333334 0.0546875
2 0.8208333333333333 0.427734375 0.03125 0.11328125
2 0.7822916666666667 0.4609375 0.029166666666666667 0.1328125
2 0.8411458333333334 0.556640625 0.036458333333333336 0.16015625
2 0.9354166666666667 0.41796875 0.027083333333333334 0.109375
