1 0.10260416666666666 0.4375 0.026041666666666668 0.1171875
2 0.153125 0.330078125 0.016666666666666666 0.07421875
1 0.19114583333333332 0.587890625 0.03854166666666667 0.17578125
2 0.33177083333333335 0.359375 0.019791666666666666 0.0859375
2 0.5390625 0.466796875 0.023958333333333335 0.12890625
0 0.9208333333333333 0.6015625 0.03333333333333333 0.171875
0 0.9020833333333333 0.47265625 0.025 0.109375
0 0.9015625 0.42578125 0.019791666666666666 0.09375
0 0.9005208333333333 0.37890625 0.015625 0.0703125
0 0.9005208333333333 0.33984375 0.013541666666666667 0.0546875
