0 0.08072916666666667 0.482421875 0.030208333333333334 0.13671875
0 0.1453125 0.390625 0.023958333333333335 0.1015625
0 0.175 0.349609375 0.01875 0.08203125
0 0.1984375 0.31640625 0.011458333333333333 0.0703125
0 0.24895833333333334 0.3125 0.014583333333333334 0.0703125
0 0.29270833333333335 0.3125 0.014583333333333334 0.0703125
0 0.3328125 0.310546875 0.013541666666666667 0.05859375
0 0.3421875 0.341796875 0.013541666666666667 0.06640625
0 0.3453125 0.380859375 0.015625 0.08203125
0 0.35625 0.44921875 0.01875 0.109375
1 0.36614583333333334 0.62109375 0.034375 0.1796875
1 0.41770833333333335 0.53515625 0.027083333333333334 0.140625
1 0.6421875 0.404296875 0.017708333333333333 0.09765625
2 0.8338541666666667 0.72265625 0.04895833333333333 0.21875
1 0.80625 0.373046875 0.014583333333333334 0.07421875
2 0.8760416666666667 0.4921875 0.025 0.1171875
