1 0.0515625 0.462890625 0.028125 0.12109375
2 0.09479166666666666 0.353515625 0.016666666666666666 0.07421875
3 0.09270833333333334 0.466796875 0.03958333333333333 0.21484375
3 0.13229166666666667 0.693359375 0.06666666666666667 0.39453125
2 0.12239583333333333 0.35546875 0.015625 0.0703125
0 0.11614583333333334 0.3203125 0.013541666666666667 0.0625
0 0.10729166666666666 0.287109375 0.008333333333333333 0.05078125
0 0.14322916666666666 0.26953125 0.009375 0.046875
0 0.17552083333333332 0.271484375 0.011458333333333333 0.04296875
0 0.2046875 0.26953125 0.009375 0.0390625
0 0.21979166666666666 0.279296875 0.010416666666666666 0.05078125
0 0.23125 0.29296875 0.010416666666666666 0.0546875
0 0.25052083333333336 0.30859375 0.011458333333333333 0.0625
1 0.27291666666666664 0.33203125 0.010416666666666666 0.0703125
1 0.28854166666666664 0.322265625 0.0125 0.06640625
1 0.4015625 0.291015625 0.011458333333333333 0.05078125
2 0.40625 0.392578125 0.01875 0.08984375
2 0.42552083333333335 0.333984375 0.013541666666666667 0.06640625
3 0.4203125 0.40234375 0.026041666666666668 0.1640625
2 0.4786458333333333 0.478515625 0.026041666666666668 0.12890625
2 0.48489583333333336 0.3046875 0.013541666666666667 0.0625
2 0.4859375 0.306640625 0.011458333333333333 0.05859375
1 0.4984375 0.2734375 0.009375 0.046875
2 0.5583333333333333 0.29296875 0.0125 0.0625
1 0.5864583333333333 0.2734375 0.008333333333333333 0.0390625
3 0.6015625 0.517578125 0.040625 0.24609375
2 0.621875 0.29296875 0.010416666666666666 0.046875
1 0.7020833333333333 0.27734375 0.010416666666666666 0.046875
2 0.715625 0.29296875 0.0125 0.0546875
2 0.7666666666666667 0.654296875 0.04375 0.19921875
1 0.840625 0.283203125 0.008333333333333333 0.04296875
2 0.8359375 0.306640625 0.009375 0.05078125
2 0.9677083333333333 0.3203125 0.014583333333333334 0.0625
