1 0.3333333333333333 0.71875 0.04583333333333333 0.21875
0 0.4609375 0.333984375 0.015625 0.07421875
0 0.5005208333333333 0.314453125 0.011458333333333333 0.05859375
1 0.5557291666666667 0.466796875 0.023958333333333335 0.11328125
0 0.6130208333333333 0.357421875 0.017708333333333333 0.07421875
0 0.6286458333333333 0.33203125 0.011458333333333333 0.0625
2 0.6338541666666667 0.279296875 0.007291666666666667 0.03515625
2 0.6473958333333333 0.30078125 0.009375 0.046875
2 0.6609375 0.267578125 0.009375 0.03515625
2 0.7130208333333333 0.263671875 0.007291666666666667 0.02734375
1 0.7411458333333333 0.3046875 0.009375 0.046875
2 0.7510416666666667 0.341796875 0.014583333333333334 0.06640625
1 0.7697916666666667 0.275390625 0.008333333333333333 0.03515625
2 0.7854166666666667 0.265625 0.008333333333333333 0.03125
2 0.784375 0.349609375 0.014583333333333334 0.06640625
1 0.78125 0.390625 0.01875 0.0703125
1 0.809375 0.38671875 0.016666666666666666 0.078125
1 0.825 0.275390625 0.00625 0.03515625
1 0.8567708333333334 0.337890625 0.011458333333333333 0.05859375
2 0.8838541666666667 0.59765625 0.03229166666666667 0.1640625
2 0.8744791666666667 0.271484375 0.009375 0.04296875
1 0.8916666666666667 0.28125 0.008333333333333333 0.0390625
2 0.9546875 0.279296875 0.007291666666666667 0.03515625
1 0.9619791666666667 0.28515625 0.007291666666666667 0.0390625
