1 0.08489583333333334 0.759765625 0.05520833333333333 0.23828125
1 0.3697916666666667 0.498046875 0.020833333333333332 0.12109375
1 0.46979166666666666 0.423828125 0.014583333333333334 0.08203125
1 0.53125 0.392578125 0.010416666666666666 0.05859375
1 0.5854166666666667 0.361328125 0.008333333333333333 0.04296875
2 0.746875 0.365234375 0.008333333333333333 0.05078125
2 0.7291666666666666 0.3984375 0.010416666666666666 0.0703125
2 0.734375 0.451171875 0.016666666666666666 0.09765625
2 0.759375 0.572265625 0.029166666666666667 0.14453125
2 0.8505208333333333 0.8203125 0.051041666666666666 0.25
1 0.6239583333333333 0.345703125 0.00625 0.03515625
1 0.6723958333333333 0.333984375 0.005208333333333333 0.03515625
2 0.759375 0.349609375 0.008333333333333333 0.05078125
2 0.7770833333333333 0.337890625 0.008333333333333333 0.04296875
