1 0.3015625 0.55078125 0.028125 0.1484375
1 0.4796875 0.458984375 0.015625 0.08984375
1 0.5697916666666667 0.369140625 0.008333333333333333 0.05078125
1 0.5921875 0.3984375 0.009375 0.0546875
1 0.5651041666666666 0.423828125 0.009375 0.06640625
1 0.534375 0.3515625 0.00625 0.0390625
1 0.5 0.337890625 0.00625 0.04296875
2 0.8979166666666667 0.748046875 0.04583333333333333 0.21484375
2 0.7838541666666666 0.41796875 0.011458333333333333 0.0546875
2 0.8 0.451171875 0.0125 0.07421875
2 0.8177083333333334 0.5234375 0.025 0.1171875
2 0.7333333333333333 0.380859375 0.008333333333333333 0.04296875
