1 0.20989583333333334 0.681640625 0.04479166666666667 0.22265625
1 0.425 0.419921875 0.01875 0.09765625
1 0.4942708333333333 0.36328125 0.013541666666666667 0.078125
1 0.5666666666666667 0.337890625 0.0125 0.05859375
1 0.665625 0.322265625 0.010416666666666666 0.05078125
2 0.7390625 0.48828125 0.030208333333333334 0.125
2 0.7307291666666667 0.40625 0.021875 0.0859375
2 0.7505208333333333 0.3671875 0.017708333333333333 0.0703125
1 0.7442708333333333 0.30859375 0.009375 0.046875
1 0.7729166666666667 0.30078125 0.008333333333333333 0.046875
1 0.78125 0.294921875 0.00625 0.04296875
2 0.8046875 0.34375 0.013541666666666667 0.0546875
2 0.8588541666666667 0.330078125 0.011458333333333333 0.05078125
2 0.875 0.314453125 0.008333333333333333 0.03515625
2 0.8838541666666667 0.328125 0.011458333333333333 0.046875
2 0.8984375 0.326171875 0.009375 0.04296875
