2 0.03229166666666667 0.310546875 0.0125 0.06640625
1 0.08489583333333334 0.3671875 0.017708333333333333 0.0859375
1 0.19791666666666666 0.408203125 0.020833333333333332 0.09765625
2 0.23229166666666667 0.3203125 0.014583333333333334 0.0703125
1 0.2786458333333333 0.509765625 0.028125 0.13671875
2 0.37083333333333335 0.353515625 0.014583333333333334 0.07421875
2 0.5265625 0.44921875 0.021875 0.109375
2 0.5515625 0.474609375 0.023958333333333335 0.12109375
0 0.5755208333333334 0.39453125 0.013541666666666667 0.078125
0 0.5890625 0.349609375 0.009375 0.05859375
0 0.5953125 0.3203125 0.009375 0.0546875
0 0.6015625 0.3046875 0.007291666666666667 0.046875
0 0.6385416666666667 0.3046875 0.008333333333333333 0.046875
0 0.6723958333333333 0.310546875 0.009375 0.05078125
0 0.7067708333333333 0.310546875 0.009375 0.05078125
0 0.7234375 0.333984375 0.011458333333333333 0.05859375
0 0.734375 0.361328125 0.0125 0.06640625
0 0.7598958333333333 0.408203125 0.015625 0.08203125
1 0.7994791666666666 0.513671875 0.026041666666666668 0.11328125
1 0.8317708333333333 0.478515625 0.028125 0.11328125
