1 0.26145833333333335 0.681640625 0.0375 0.18359375
1 0.3703125 0.46875 0.019791666666666666 0.109375
1 0.45416666666666666 0.388671875 0.014583333333333334 0.07421875
1 0.5364583333333334 0.34765625 0.010416666666666666 0.0546875
1 0.6197916666666666 0.32421875 0.008333333333333333 0.0390625
1 0.7010416666666667 0.3203125 0.00625 0.0390625
2 0.66875 0.44140625 0.020833333333333332 0.1015625
2 0.6822916666666666 0.3984375 0.014583333333333334 0.0703125
2 0.7151041666666667 0.37890625 0.013541666666666667 0.0703125
2 0.7625 0.36328125 0.014583333333333334 0.0703125
2 0.8484375 0.35546875 0.013541666666666667 0.0546875
2 0.8317708333333333 0.646484375 0.042708333333333334 0.17578125
1 0.7927083333333333 0.318359375 0.008333333333333333 0.04296875
