1 0.0984375 0.265625 0.011458333333333333 0.0546875
2 0.16614583333333333 0.240234375 0.009375 0.05078125
1 0.18229166666666666 0.568359375 0.035416666666666666 0.16015625
1 0.2109375 0.2734375 0.009375 0.0546875
1 0.2869791666666667 0.29296875 0.011458333333333333 0.0625
3 0.296875 0.421875 0.03125 0.1953125
2 0.3020833333333333 0.251953125 0.010416666666666666 0.05078125
1 0.3390625 0.33203125 0.013541666666666667 0.0703125
1 0.33958333333333335 0.39453125 0.01875 0.09375
3 0.35104166666666664 0.330078125 0.01875 0.12890625
2 0.4041666666666667 0.275390625 0.010416666666666666 0.05078125
0 0.41302083333333334 0.251953125 0.007291666666666667 0.04296875
0 0.41822916666666665 0.236328125 0.007291666666666667 0.04296875
0 0.42239583333333336 0.232421875 0.007291666666666667 0.04296875
0 0.42604166666666665 0.22265625 0.00625 0.0390625
0 0.43125 0.212890625 0.00625 0.03515625
0 0.4359375 0.208984375 0.005208333333333333 0.03515625
0 0.4625 0.208984375 0.00625 0.03515625
0 0.4875 0.2109375 0.00625 0.03125
0 0.5177083333333333 0.248046875 0.008333333333333333 0.04296875
0 0.51875 0.279296875 0.008333333333333333 0.04296875
1 0.51875 0.279296875 0.008333333333333333 0.04296875
3 0.5760416666666667 0.33984375 0.01875 0.125
2 0.584375 0.396484375 0.01875 0.09765625
1 0.6119791666666666 0.259765625 0.007291666666666667 0.04296875
2 0.6213541666666667 0.302734375 0.011458333333333333 0.05859375
3 0.6380208333333334 0.4296875 0.030208333333333334 0.1875
2 0.6901041666666666 0.287109375 0.009375 0.05078125
2 0.7416666666666667 0.556640625 0.029166666666666667 0.15234375
1 0.7182291666666667 0.25390625 0.007291666666666667 0.0390625
2 0.7729166666666667 0.283203125 0.010416666666666666 0.05078125
1 0.8395833333333333 0.259765625 0.008333333333333333 0.04296875
2 0.8770833333333333 0.2890625 0.0125 0.0546875
