1 0.334375 0.5 0.025 0.140625
1 0.45989583333333334 0.416015625 0.019791666666666666 0.09765625
1 0.5276041666666667 0.384765625 0.017708333333333333 0.08203125
1 0.575 0.365234375 0.0125 0.08203125
1 0.6234375 0.353515625 0.015625 0.06640625
1 0.6614583333333334 0.345703125 0.0125 0.06640625
1 0.7072916666666667 0.33984375 0.0125 0.0546875
2 0.8229166666666666 0.7734375 0.04375 0.2578125
2 0.7432291666666667 0.5546875 0.026041666666666668 0.1484375
2 0.7260416666666667 0.466796875 0.025 0.10546875
2 0.7302083333333333 0.41015625 0.016666666666666666 0.1015625
2 0.7380208333333333 0.373046875 0.013541666666666667 0.08203125
2 0.765625 0.357421875 0.0125 0.06640625
