1 0.18229166666666666 0.5625 0.035416666666666666 0.171875
2 0.10208333333333333 0.26171875 0.010416666666666666 0.046875
1 0.16458333333333333 0.326171875 0.016666666666666666 0.07421875
1 0.23229166666666667 0.28515625 0.0125 0.0625
1 0.26927083333333335 0.265625 0.009375 0.046875
1 0.28958333333333336 0.2578125 0.008333333333333333 0.046875
1 0.428125 0.38671875 0.01875 0.09375
1 0.5822916666666667 0.3125 0.0125 0.0703125
1 0.6739583333333333 0.3046875 0.010416666666666666 0.0546875
2 0.846875 0.494140625 0.03125 0.13671875
2 0.8427083333333333 0.375 0.01875 0.09375
1 0.7401041666666667 0.298828125 0.009375 0.05078125
1 0.7729166666666667 0.291015625 0.008333333333333333 0.04296875
1 0.7604166666666666 0.2734375 0.008333333333333333 0.0390625
2 0.8890625 0.33984375 0.017708333333333333 0.078125
2 0.9307291666666667 0.322265625 0.013541666666666667 0.05859375
2 0.9479166666666666 0.3125 0.0125 0.0546875
2 0.9182291666666667 0.2890625 0.009375 0.0390625
