1 0.259375 0.599609375 0.03333333333333333 0.16015625
2 0.7203125 0.73046875 0.042708333333333334 0.2109375
2 0.6447916666666667 0.48828125 0.022916666666666665 0.109375
2 0.5083333333333333 0.388671875 0.0125 0.07421875
2 0.4119791666666667 0.373046875 0.011458333333333333 0.06640625
2 0.3265625 0.359375 0.011458333333333333 0.0703125
2 0.2911458333333333 0.30859375 0.011458333333333333 0.0546875
1 0.009895833333333333 0.45703125 0.019791666666666666 0.1171875
1 0.0515625 0.31640625 0.017708333333333333 0.078125
1 0.07916666666666666 0.267578125 0.0125 0.05859375
1 0.125 0.24609375 0.010416666666666666 0.046875
2 0.28072916666666664 0.283203125 0.009375 0.04296875
