1 0.18385416666666668 0.751953125 0.06145833333333333 0.27734375
1 0.008333333333333333 0.337890625 0.016666666666666666 0.08203125
1 0.041666666666666664 0.365234375 0.022916666666666665 0.08984375
1 0.052083333333333336 0.298828125 0.010416666666666666 0.05859375
1 0.11927083333333334 0.41796875 0.028125 0.1171875
1 0.21458333333333332 0.4921875 0.035416666666666666 0.15625
2 0.26666666666666666 0.3046875 0.010416666666666666 0.0546875
2 0.278125 0.31640625 0.010416666666666666 0.0546875
2 0.32916666666666666 0.330078125 0.0125 0.06640625
2 0.4192708333333333 0.3515625 0.017708333333333333 0.078125
2 0.5833333333333334 0.421875 0.027083333333333334 0.1171875
2 0.8229166666666666 0.646484375 0.05416666666666667 0.19921875
