1 0.2713541666666667 0.357421875 0.007291666666666667 0.05078125
1 0.34739583333333335 0.365234375 0.009375 0.05078125
1 0.38958333333333334 0.380859375 0.00625 0.05078125
1 0.4328125 0.408203125 0.009375 0.05859375
1 0.45989583333333334 0.44921875 0.011458333333333333 0.0703125
1 0.421875 0.51171875 0.016666666666666666 0.09375
1 0.26614583333333336 0.638671875 0.030208333333333334 0.15234375
2 0.5338541666666666 0.36328125 0.007291666666666667 0.046875
2 0.6203125 0.400390625 0.009375 0.05859375
2 0.6848958333333334 0.455078125 0.013541666666666667 0.07421875
2 0.7239583333333334 0.51953125 0.01875 0.09375
2 0.8151041666666666 0.7109375 0.03854166666666667 0.1796875
