1 0.32916666666666666 0.607421875 0.029166666666666667 0.16796875
1 0.41770833333333335 0.4375 0.016666666666666666 0.09375
1 0.5322916666666667 0.3671875 0.010416666666666666 0.0625
1 0.5328125 0.369140625 0.009375 0.06640625
1 0.5973958333333333 0.341796875 0.009375 0.05078125
1 0.5973958333333333 0.341796875 0.009375 0.05078125
2 0.7057291666666666 0.59375 0.026041666666666668 0.1484375
2 0.6859375 0.474609375 0.017708333333333333 0.09765625
2 0.6947916666666667 0.408203125 0.0125 0.07421875
2 0.7151041666666667 0.37890625 0.011458333333333333 0.0625
2 0.7411458333333333 0.369140625 0.009375 0.05859375
2 0.8052083333333333 0.375 0.010416666666666666 0.0625
2 0.9005208333333333 0.380859375 0.011458333333333333 0.06640625
2 0.9635416666666666 0.376953125 0.0125 0.06640625
2 0.9395833333333333 0.296875 0.008333333333333333 0.046875
1 0.6515625 0.3203125 0.007291666666666667 0.046875
1 0.7161458333333334 0.328125 0.007291666666666667 0.046875
1 0.7619791666666667 0.32421875 0.007291666666666667 0.046875
