1 0.008333333333333333 0.224609375 0.010416666666666666 0.03515625
2 0.016145833333333335 0.283203125 0.011458333333333333 0.05859375
2 0.04479166666666667 0.236328125 0.010416666666666666 0.04296875
1 0.065625 0.30078125 0.0125 0.0546875
2 0.059375 0.328125 0.016666666666666666 0.078125
2 0.096875 0.240234375 0.008333333333333333 0.04296875
2 0.09635416666666667 0.263671875 0.009375 0.04296875
1 0.09270833333333334 0.298828125 0.010416666666666666 0.05859375
2 0.10052083333333334 0.33203125 0.015625 0.0703125
1 0.0765625 0.443359375 0.023958333333333335 0.11328125
1 0.14375 0.595703125 0.035416666666666666 0.17578125
1 0.11822916666666666 0.23046875 0.007291666666666667 0.03125
2 0.11510416666666666 0.25390625 0.009375 0.0390625
1 0.17447916666666666 0.236328125 0.007291666666666667 0.03515625
1 0.21145833333333333 0.25 0.00625 0.03125
1 0.2078125 0.265625 0.007291666666666667 0.03125
0 0.23385416666666667 0.291015625 0.011458333333333333 0.05859375
0 0.25104166666666666 0.310546875 0.0125 0.05859375
2 0.2994791666666667 0.369140625 0.017708333333333333 0.08203125
0 0.35260416666666666 0.27734375 0.009375 0.046875
0 0.38125 0.296875 0.010416666666666666 0.0546875
2 0.4817708333333333 0.47265625 0.026041666666666668 0.125
