1 0.3802083333333333 0.67578125 0.03958333333333333 0.203125
1 0.6380208333333334 0.431640625 0.021875 0.10546875
0 0.7140625 0.310546875 0.011458333333333333 0.05859375
0 0.753125 0.3046875 0.010416666666666666 0.0546875
1 0.7770833333333333 0.390625 0.01875 0.078125
0 0.8546875 0.341796875 0.013541666666666667 0.06640625
0 0.88125 0.330078125 0.0125 0.05859375
2 0.9114583333333334 0.291015625 0.008333333333333333 0.04296875
2 0.9177083333333333 0.30859375 0.010416666666666666 0.046875
2 0.9213541666666667 0.55859375 0.030208333333333334 0.1484375
2 0.9546875 0.28515625 0.007291666666666667 0.0390625
