0 0.1703125 0.53125 0.036458333333333336 0.1640625
0 0.23125 0.4140625 0.025 0.109375
2 0.265625 0.287109375 0.0125 0.05859375
2 0.28020833333333334 0.32421875 0.014583333333333334 0.078125
2 0.30833333333333335 0.263671875 0.010416666666666666 0.05078125
2 0.3723958333333333 0.251953125 0.009375 0.04296875
1 0.38229166666666664 0.287109375 0.010416666666666666 0.05078125
1 0.39739583333333334 0.271484375 0.009375 0.04296875
1 0.4114583333333333 0.3125 0.014583333333333334 0.0625
2 0.43802083333333336 0.390625 0.017708333333333333 0.09375
1 0.4359375 0.26171875 0.009375 0.0390625
2 0.48385416666666664 0.400390625 0.019791666666666666 0.09765625
2 0.4479166666666667 0.2421875 0.008333333333333333 0.0390625
1 0.5067708333333333 0.513671875 0.028125 0.13671875
1 0.4875 0.255859375 0.008333333333333333 0.03515625
2 0.5255208333333333 0.24609375 0.007291666666666667 0.03125
1 0.5427083333333333 0.255859375 0.008333333333333333 0.03515625
1 0.5432291666666667 0.490234375 0.026041666666666668 0.12109375
1 0.553125 0.349609375 0.014583333333333334 0.07421875
2 0.5869791666666667 0.248046875 0.007291666666666667 0.03515625
1 0.5963541666666666 0.255859375 0.007291666666666667 0.03515625
1 0.6635416666666667 0.259765625 0.008333333333333333 0.03515625
1 0.7213541666666666 0.369140625 0.015625 0.07421875
2 0.6786458333333333 0.25390625 0.007291666666666667 0.0390625
1 0.753125 0.2734375 0.008333333333333333 0.0390625
2 0.7885416666666667 0.267578125 0.008333333333333333 0.03515625
3 0.7880208333333333 0.353515625 0.021875 0.11328125
1 0.8317708333333333 0.287109375 0.009375 0.04296875
1 0.8427083333333333 0.369140625 0.016666666666666666 0.07421875
1 0.8916666666666667 0.306640625 0.008333333333333333 0.04296875
2 0.9 0.29296875 0.008333333333333333 0.0390625
3 0.9020833333333333 0.34375 0.01875 0.1015625
2 0.8979166666666667 0.75390625 0.05 0.234375
2 0.9244791666666666 0.498046875 0.028125 0.12109375
1 0.925 0.3515625 0.014583333333333334 0.0625
1 0.9364583333333333 0.330078125 0.010416666666666666 0.05078125
