1 0.03125 0.5078125 0.029166666666666667 0.15625
2 0.1875 0.255859375 0.008333333333333333 0.04296875
1 0.215625 0.26953125 0.010416666666666666 0.046875
1 0.36875 0.49609375 0.027083333333333334 0.1328125
1 0.3932291666666667 0.267578125 0.009375 0.04296875
2 0.4083333333333333 0.25390625 0.008333333333333333 0.0390625
1 0.47239583333333335 0.275390625 0.009375 0.04296875
2 0.5119791666666667 0.26171875 0.009375 0.046875
3 0.5098958333333333 0.4296875 0.028125 0.1796875
1 0.5463541666666667 0.28515625 0.009375 0.046875
2 0.6067708333333334 0.26953125 0.009375 0.046875
1 0.5942708333333333 0.4296875 0.019791666666666666 0.1015625
1 0.6125 0.306640625 0.010416666666666666 0.04296875
3 0.6484375 0.373046875 0.021875 0.14453125
1 0.65625 0.333984375 0.0125 0.05859375
1 0.66875 0.375 0.014583333333333334 0.0703125
2 0.7109375 0.296875 0.011458333333333333 0.0546875
2 0.8052083333333333 0.33984375 0.014583333333333334 0.0703125
0 0.8380208333333333 0.3203125 0.013541666666666667 0.0546875
0 0.8609375 0.302734375 0.011458333333333333 0.05859375
3 0.8765625 0.634765625 0.053125 0.32421875
2 0.9020833333333333 0.564453125 0.035416666666666666 0.16015625
3 0.9541666666666667 0.478515625 0.03125 0.20703125
0 0.8729166666666667 0.294921875 0.0125 0.05859375
0 0.8875 0.28515625 0.0125 0.0546875
0 0.9052083333333333 0.2734375 0.010416666666666666 0.046875
0 0.9166666666666666 0.271484375 0.010416666666666666 0.05078125
0 0.9619791666666667 0.275390625 0.011458333333333333 0.05078125
