1 0.2296875 0.63671875 0.034375 0.171875
1 0.3651041666666667 0.435546875 0.017708333333333333 0.09765625
1 0.41458333333333336 0.359375 0.010416666666666666 0.0703125
1 0.43645833333333334 0.326171875 0.008333333333333333 0.05078125
1 0.45 0.302734375 0.00625 0.04296875
1 0.46510416666666665 0.28515625 0.005208333333333333 0.03125
1 0.4765625 0.275390625 0.005208333333333333 0.02734375
2 0.5734375 0.279296875 0.005208333333333333 0.02734375
2 0.5796875 0.29296875 0.005208333333333333 0.03125
2 0.5901041666666667 0.3046875 0.007291666666666667 0.0390625
2 0.6057291666666667 0.33203125 0.009375 0.046875
2 0.6333333333333333 0.365234375 0.0125 0.05859375
2 0.6942708333333333 0.4453125 0.019791666666666666 0.09375
2 0.8307291666666666 0.630859375 0.036458333333333336 0.16796875
1 0.8786458333333333 0.267578125 0.005208333333333333 0.02734375
2 0.9296875 0.28515625 0.007291666666666667 0.0390625
2 0.8338541666666667 0.275390625 0.005208333333333333 0.02734375
