1 0.32864583333333336 0.478515625 0.030208333333333334 0.12890625
3 0.4083333333333333 0.337890625 0.020833333333333332 0.12890625
3 0.4265625 0.306640625 0.017708333333333333 0.10546875
0 0.4505208333333333 0.287109375 0.011458333333333333 0.05859375
0 0.4666666666666667 0.26171875 0.010416666666666666 0.046875
2 0.7036458333333333 0.50390625 0.036458333333333336 0.140625
3 0.6291666666666667 0.3515625 0.022916666666666665 0.1328125
3 0.6052083333333333 0.310546875 0.016666666666666666 0.12109375
0 0.5817708333333333 0.298828125 0.011458333333333333 0.05078125
0 0.5817708333333333 0.296875 0.011458333333333333 0.0546875
0 0.5661458333333333 0.26953125 0.009375 0.0390625
0 0.5572916666666666 0.251953125 0.008333333333333333 0.03515625
