1 0.32447916666666665 0.517578125 0.023958333333333335 0.13671875
1 0.4635416666666667 0.396484375 0.014583333333333334 0.08203125
1 0.5364583333333334 0.34765625 0.008333333333333333 0.0546875
1 0.5963541666666666 0.314453125 0.007291666666666667 0.04296875
1 0.6348958333333333 0.3046875 0.007291666666666667 0.0390625
1 0.6869791666666667 0.296875 0.007291666666666667 0.0390625
1 0.7666666666666667 0.296875 0.00625 0.03125
1 0.8421875 0.294921875 0.007291666666666667 0.03515625
2 0.853125 0.314453125 0.008333333333333333 0.04296875
2 0.8020833333333334 0.318359375 0.008333333333333333 0.04296875
2 0.76875 0.330078125 0.008333333333333333 0.04296875
2 0.7416666666666667 0.345703125 0.010416666666666666 0.05078125
2 0.7401041666666667 0.39453125 0.013541666666666667 0.0625
2 0.7567708333333333 0.478515625 0.021875 0.10546875
2 0.7942708333333334 0.66015625 0.036458333333333336 0.1796875
