0 0.0109375 0.279296875 0.011458333333333333 0.05859375
0 0.0421875 0.298828125 0.013541666666666667 0.05859375
1 0.0640625 0.4453125 0.026041666666666668 0.1171875
0 0.11302083333333333 0.271484375 0.009375 0.04296875
0 0.1484375 0.28515625 0.011458333333333333 0.0546875
2 0.14166666666666666 0.328125 0.016666666666666666 0.078125
1 0.11927083333333334 0.61328125 0.040625 0.1875
2 0.315625 0.369140625 0.016666666666666666 0.08203125
3 0.4390625 0.26171875 0.011458333333333333 0.078125
2 0.5052083333333334 0.478515625 0.025 0.12890625
