1 0.24166666666666667 0.599609375 0.03958333333333333 0.19921875
1 0.39427083333333335 0.44921875 0.026041666666666668 0.109375
1 0.5 0.380859375 0.01875 0.08203125
1 0.6223958333333334 0.345703125 0.013541666666666667 0.06640625
1 0.7057291666666666 0.326171875 0.011458333333333333 0.05078125
1 0.7317708333333334 0.31640625 0.009375 0.0390625
1 0.7375 0.310546875 0.008333333333333333 0.03515625
2 0.8609375 0.791015625 0.05520833333333333 0.25390625
2 0.7541666666666667 0.513671875 0.029166666666666667 0.12890625
2 0.75 0.42578125 0.025 0.09375
2 0.7953125 0.376953125 0.017708333333333333 0.06640625
2 0.840625 0.3515625 0.0125 0.0546875
2 0.8578125 0.345703125 0.011458333333333333 0.05078125
2 0.8645833333333334 0.337890625 0.010416666666666666 0.05078125
2 0.8322916666666667 0.322265625 0.010416666666666666 0.04296875
