1 0.016145833333333335 0.396484375 0.019791666666666666 0.09765625
2 0.03125 0.3203125 0.016666666666666666 0.0703125
1 0.13385416666666666 0.458984375 0.028125 0.11328125
1 0.14739583333333334 0.677734375 0.04479166666666667 0.20703125
2 0.19947916666666668 0.337890625 0.017708333333333333 0.08203125
2 0.35625 0.3984375 0.016666666666666666 0.09375
2 0.3770833333333333 0.412109375 0.01875 0.09765625
0 0.39895833333333336 0.353515625 0.014583333333333334 0.07421875
0 0.4114583333333333 0.322265625 0.008333333333333333 0.05859375
0 0.41770833333333335 0.302734375 0.008333333333333333 0.05078125
0 0.4239583333333333 0.28515625 0.00625 0.046875
0 0.45625 0.287109375 0.010416666666666666 0.04296875
0 0.48541666666666666 0.287109375 0.008333333333333333 0.04296875
0 0.5125 0.287109375 0.008333333333333333 0.04296875
0 0.5229166666666667 0.302734375 0.008333333333333333 0.05078125
0 0.5286458333333334 0.322265625 0.011458333333333333 0.05859375
0 0.5421875 0.353515625 0.013541666666666667 0.06640625
1 0.5578125 0.412109375 0.017708333333333333 0.08984375
1 0.5822916666666667 0.390625 0.016666666666666666 0.078125
1 0.7458333333333333 0.353515625 0.0125 0.06640625
2 0.7942708333333334 0.68359375 0.042708333333333334 0.203125
2 0.8036458333333333 0.46875 0.026041666666666668 0.1171875
3 0.8703125 0.814453125 0.06145833333333333 0.37109375
1 0.9078125 0.345703125 0.013541666666666667 0.05859375
2 0.9078125 0.41015625 0.021875 0.078125
3 0.0796875 0.78125 0.08020833333333334 0.4296875
