2 0.7015625 0.62890625 0.040625 0.1875
2 0.49166666666666664 0.46484375 0.025 0.109375
2 0.32395833333333335 0.388671875 0.01875 0.09765625
2 0.17395833333333333 0.3515625 0.01875 0.078125
2 0.03177083333333333 0.271484375 0.009375 0.04296875
2 0.08802083333333334 0.2734375 0.009375 0.0390625
1 0.09270833333333334 0.26171875 0.008333333333333333 0.0390625
2 0.1359375 0.27734375 0.009375 0.046875
1 0.16458333333333333 0.265625 0.008333333333333333 0.0390625
2 0.1953125 0.287109375 0.009375 0.04296875
1 0.22447916666666667 0.26953125 0.007291666666666667 0.0390625
2 0.26458333333333334 0.302734375 0.010416666666666666 0.04296875
1 0.278125 0.287109375 0.008333333333333333 0.04296875
1 0.3390625 0.3046875 0.007291666666666667 0.0390625
2 0.353125 0.33203125 0.010416666666666666 0.046875
1 0.43333333333333335 0.328125 0.008333333333333333 0.046875
2 0.4359375 0.35546875 0.011458333333333333 0.046875
1 0.5182291666666666 0.3515625 0.011458333333333333 0.0546875
2 0.5588541666666667 0.39453125 0.015625 0.0625
1 0.678125 0.400390625 0.010416666666666666 0.05859375
2 0.6765625 0.451171875 0.015625 0.08203125
1 0.8286458333333333 0.44921875 0.013541666666666667 0.0703125
2 0.9359375 0.5703125 0.028125 0.125
