2 0.14114583333333333 0.365234375 0.019791666666666666 0.08203125
2 0.3171875 0.443359375 0.023958333333333335 0.12890625
0 0.3619791666666667 0.369140625 0.015625 0.08203125
0 0.38333333333333336 0.32421875 0.0125 0.0703125
0 0.39479166666666665 0.302734375 0.0125 0.05859375
0 0.40572916666666664 0.287109375 0.011458333333333333 0.05859375
0 0.41770833333333335 0.267578125 0.010416666666666666 0.05078125
0 0.42604166666666665 0.259765625 0.010416666666666666 0.05078125
0 0.4671875 0.255859375 0.011458333333333333 0.05078125
0 0.5057291666666667 0.26171875 0.011458333333333333 0.046875
0 0.5473958333333333 0.26171875 0.007291666666666667 0.0390625
0 0.5510416666666667 0.275390625 0.010416666666666666 0.05078125
0 0.5552083333333333 0.294921875 0.010416666666666666 0.05859375
0 0.5614583333333333 0.337890625 0.014583333333333334 0.07421875
0 0.5697916666666667 0.388671875 0.016666666666666666 0.08984375
1 0.5791666666666667 0.439453125 0.020833333333333332 0.10546875
1 0.7442708333333333 0.3671875 0.015625 0.078125
2 0.8921875 0.578125 0.036458333333333336 0.1640625
1 0.925 0.349609375 0.014583333333333334 0.06640625
