1 0.165625 0.85546875 0.05 0.28125
1 0.3932291666666667 0.310546875 0.007291666666666667 0.04296875
1 0.43020833333333336 0.333984375 0.008333333333333333 0.05078125
1 0.4786458333333333 0.359375 0.009375 0.0625
1 0.46197916666666666 0.466796875 0.015625 0.09765625
1 0.49583333333333335 0.37890625 0.010416666666666666 0.0625
1 0.496875 0.404296875 0.010416666666666666 0.07421875
2 0.5348958333333333 0.345703125 0.007291666666666667 0.04296875
2 0.4713541666666667 0.32421875 0.005208333333333333 0.0390625
2 0.609375 0.376953125 0.008333333333333333 0.05078125
2 0.6713541666666667 0.408203125 0.011458333333333333 0.06640625
2 0.7088541666666667 0.451171875 0.013541666666666667 0.08203125
2 0.75 0.51953125 0.01875 0.1171875
