1 0.3255208333333333 0.494140625 0.019791666666666666 0.11328125
1 0.40729166666666666 0.390625 0.0125 0.0703125
1 0.440625 0.34765625 0.010416666666666666 0.0546875
1 0.4546875 0.314453125 0.007291666666666667 0.04296875
1 0.4671875 0.296875 0.005208333333333333 0.03125
1 0.5234375 0.28515625 0.005208333333333333 0.03125
2 0.6098958333333333 0.306640625 0.005208333333333333 0.03515625
2 0.6135416666666667 0.32421875 0.008333333333333333 0.046875
2 0.6494791666666667 0.3125 0.007291666666666667 0.0390625
2 0.6369791666666667 0.3515625 0.009375 0.0546875
2 0.6802083333333333 0.416015625 0.014583333333333334 0.08203125
2 0.7692708333333333 0.544921875 0.026041666666666668 0.12890625
2 0.7145833333333333 0.32421875 0.008333333333333333 0.046875
1 0.7171875 0.298828125 0.007291666666666667 0.03515625
1 0.809375 0.306640625 0.008333333333333333 0.04296875
1 0.9161458333333333 0.30859375 0.007291666666666667 0.046875
2 0.8677083333333333 0.341796875 0.010416666666666666 0.05078125
1 0.6567708333333333 0.29296875 0.005208333333333333 0.03125
1 0.6041666666666666 0.287109375 0.004166666666666667 0.02734375
