1 0.121875 0.744140625 0.058333333333333334 0.26171875
1 0.34375 0.498046875 0.03333333333333333 0.12890625
1 0.4739583333333333 0.400390625 0.016666666666666666 0.08203125
1 0.6041666666666666 0.36328125 0.014583333333333334 0.0625
1 0.6901041666666666 0.33203125 0.011458333333333333 0.0546875
1 0.7161458333333334 0.322265625 0.011458333333333333 0.05078125
1 0.7213541666666666 0.31640625 0.009375 0.046875
2 0.7651041666666667 0.3125 0.007291666666666667 0.03125
2 0.76875 0.568359375 0.03333333333333333 0.15234375
2 0.75 0.455078125 0.025 0.10546875
2 0.790625 0.392578125 0.01875 0.08203125
2 0.8317708333333333 0.36328125 0.013541666666666667 0.0625
2 0.8458333333333333 0.353515625 0.0125 0.05078125
2 0.85 0.34765625 0.010416666666666666 0.0546875
2 0.8161458333333333 0.330078125 0.009375 0.04296875
