1 0.3776041666666667 0.646484375 0.046875 0.21484375
1 0.6098958333333333 0.4296875 0.023958333333333335 0.109375
1 0.7817708333333333 0.375 0.017708333333333333 0.078125
0 0.734375 0.31640625 0.014583333333333334 0.0546875
0 0.7838541666666666 0.3046875 0.011458333333333333 0.0546875
0 0.8432291666666667 0.341796875 0.015625 0.06640625
2 0.9244791666666666 0.568359375 0.04479166666666667 0.16796875
0 0.875 0.322265625 0.0125 0.05078125
2 0.8796875 0.296875 0.009375 0.046875
2 0.8734375 0.279296875 0.007291666666666667 0.04296875
