1 0.19427083333333334 0.70703125 0.051041666666666666 0.2265625
1 0.38333333333333336 0.521484375 0.022916666666666665 0.12109375
1 0.46979166666666666 0.443359375 0.016666666666666666 0.08984375
1 0.53125 0.390625 0.010416666666666666 0.0625
1 0.5723958333333333 0.373046875 0.009375 0.05859375
1 0.6223958333333334 0.3515625 0.007291666666666667 0.0546875
1 0.6661458333333333 0.337890625 0.009375 0.04296875
2 0.8546875 0.837890625 0.06145833333333333 0.29296875
2 0.7442708333333333 0.548828125 0.030208333333333334 0.13671875
2 0.7119791666666667 0.443359375 0.015625 0.08984375
2 0.7161458333333334 0.392578125 0.011458333333333333 0.07421875
2 0.7359375 0.35546875 0.009375 0.0546875
2 0.7661458333333333 0.345703125 0.009375 0.05078125
2 0.896875 0.349609375 0.008333333333333333 0.05078125
2 0.9182291666666667 0.3671875 0.009375 0.0546875
