0 0.028645833333333332 0.513671875 0.036458333333333336 0.17578125
0 0.0453125 0.4140625 0.034375 0.1328125
0 0.07239583333333334 0.33984375 0.023958333333333335 0.1015625
0 0.0875 0.291015625 0.01875 0.08203125
0 0.10364583333333334 0.259765625 0.015625 0.06640625
0 0.109375 0.244140625 0.014583333333333334 0.05859375
0 0.051041666666666666 0.25 0.014583333333333334 0.0625
1 0.45677083333333335 0.498046875 0.028125 0.14453125
1 0.65 0.3671875 0.016666666666666666 0.0859375
1 0.8151041666666666 0.3359375 0.017708333333333333 0.0859375
2 0.8911458333333333 0.689453125 0.04479166666666667 0.20703125
2 0.9166666666666666 0.49609375 0.03333333333333333 0.1328125
