1 0.17239583333333333 0.8515625 0.065625 0.2734375
0 0.5088541666666667 0.357421875 0.015625 0.05859375
1 0.5541666666666667 0.46484375 0.022916666666666665 0.109375
0 0.5552083333333333 0.322265625 0.010416666666666666 0.05078125
0 0.6052083333333333 0.3671875 0.014583333333333334 0.0703125
2 0.6125 0.27734375 0.008333333333333333 0.046875
2 0.6255208333333333 0.30078125 0.009375 0.046875
0 0.6234375 0.330078125 0.011458333333333333 0.05078125
2 0.6416666666666667 0.265625 0.008333333333333333 0.0390625
1 0.7078125 0.28515625 0.007291666666666667 0.0390625
1 0.71875 0.27734375 0.00625 0.03125
2 0.7213541666666666 0.34375 0.011458333333333333 0.0625
1 0.734375 0.306640625 0.010416666666666666 0.05078125
1 0.7401041666666667 0.396484375 0.015625 0.07421875
1 0.8166666666666667 0.330078125 0.0125 0.05859375
2 0.9098958333333333 0.62890625 0.042708333333333334 0.1875
1 0.7552083333333334 0.271484375 0.00625 0.03515625
2 0.8598958333333333 0.26171875 0.007291666666666667 0.03125
1 0.9744791666666667 0.359375 0.011458333333333333 0.0625
