1 0.14270833333333333 0.857421875 0.05625 0.25390625
1 0.35989583333333336 0.484375 0.023958333333333335 0.125
1 0.4078125 0.3984375 0.013541666666666667 0.09375
1 0.43333333333333335 0.357421875 0.0125 0.07421875
1 0.45260416666666664 0.333984375 0.011458333333333333 0.05078125
1 0.4640625 0.314453125 0.011458333333333333 0.03515625
1 0.4921875 0.302734375 0.009375 0.05078125
1 0.534375 0.291015625 0.0125 0.05078125
1 0.5838541666666667 0.283203125 0.009375 0.04296875
2 0.7635416666666667 0.501953125 0.035416666666666666 0.13671875
2 0.6755208333333333 0.40625 0.023958333333333335 0.09375
2 0.625 0.359375 0.01875 0.0703125
2 0.5994791666666667 0.3359375 0.013541666666666667 0.0625
2 0.5796875 0.314453125 0.011458333333333333 0.05078125
2 0.6182291666666667 0.294921875 0.009375 0.03515625
2 0.6489583333333333 0.296875 0.010416666666666666 0.046875
2 0.7015625 0.2890625 0.009375 0.046875
2 0.7645833333333333 0.294921875 0.010416666666666666 0.05078125
2 0.8520833333333333 0.287109375 0.014583333333333334 0.04296875
2 0.9348958333333334 0.2890625 0.013541666666666667 0.046875
