1 0.7479166666666667 0.6875 0.0375 0.1953125
1 0.6130208333333333 0.58203125 0.030208333333333334 0.15625
1 0.5015625 0.498046875 0.019791666666666666 0.11328125
1 0.45416666666666666 0.4609375 0.014583333333333334 0.1015625
1 0.3223958333333333 0.365234375 0.013541666666666667 0.06640625
1 0.25885416666666666 0.32421875 0.009375 0.0625
2 0.5875 0.37890625 0.0125 0.0625
2 0.7265625 0.3828125 0.013541666666666667 0.0625
1 0.8067708333333333 0.49609375 0.019791666666666666 0.109375
2 0.7927083333333333 0.365234375 0.0125 0.06640625
2 0.8848958333333333 0.333984375 0.009375 0.05078125
2 0.4817708333333333 0.34375 0.011458333333333333 0.0546875
2 0.40625 0.314453125 0.00625 0.03515625
