1 0.13489583333333333 0.7265625 0.046875 0.21875
1 0.48333333333333334 0.46875 0.020833333333333332 0.109375
1 0.6015625 0.380859375 0.011458333333333333 0.06640625
1 0.6276041666666666 0.341796875 0.007291666666666667 0.05078125
1 0.6265625 0.35546875 0.007291666666666667 0.0546875
1 0.6140625 0.330078125 0.007291666666666667 0.04296875
1 0.5760416666666667 0.3125 0.00625 0.0390625
2 0.609375 0.310546875 0.00625 0.03515625
2 0.6630208333333333 0.328125 0.007291666666666667 0.0390625
2 0.7270833333333333 0.3515625 0.008333333333333333 0.046875
2 0.7770833333333333 0.376953125 0.008333333333333333 0.05078125
2 0.7942708333333334 0.3984375 0.009375 0.0625
2 0.8020833333333334 0.42578125 0.014583333333333334 0.078125
2 0.8083333333333333 0.5234375 0.025 0.125
