1 0.025520833333333333 0.43359375 0.023958333333333335 0.125
0 0.029166666666666667 0.26171875 0.0125 0.0625
1 0.050520833333333334 0.279296875 0.013541666666666667 0.06640625
3 0.07760416666666667 0.4453125 0.04479166666666667 0.2265625
1 0.11614583333333334 0.591796875 0.040625 0.18359375
1 0.1484375 0.248046875 0.011458333333333333 0.05078125
2 0.20677083333333332 0.28515625 0.011458333333333333 0.0546875
2 0.203125 0.322265625 0.0125 0.07421875
3 0.23802083333333332 0.31640625 0.021875 0.125
2 0.2515625 0.265625 0.011458333333333333 0.046875
2 0.2833333333333333 0.361328125 0.014583333333333334 0.08203125
2 0.31197916666666664 0.255859375 0.009375 0.05078125
1 0.34270833333333334 0.232421875 0.008333333333333333 0.04296875
2 0.37864583333333335 0.25390625 0.009375 0.046875
3 0.3703125 0.361328125 0.023958333333333335 0.13671875
2 0.46145833333333336 0.40234375 0.01875 0.1015625
1 0.43125 0.23828125 0.00625 0.03125
2 0.4484375 0.25390625 0.007291666666666667 0.0390625
2 0.5984375 0.267578125 0.007291666666666667 0.03515625
1 0.621875 0.2578125 0.00625 0.0390625
2 0.6729166666666667 0.279296875 0.008333333333333333 0.04296875
2 0.6588541666666666 0.41015625 0.017708333333333333 0.0859375
1 0.721875 0.2734375 0.008333333333333333 0.0390625
2 0.74375 0.302734375 0.008333333333333333 0.05078125
2 0.7973958333333333 0.32421875 0.011458333333333333 0.0546875
2 0.7833333333333333 0.38671875 0.01875 0.0859375
2 0.8208333333333333 0.35546875 0.014583333333333334 0.0703125
1 0.828125 0.298828125 0.010416666666666666 0.05078125
1 0.8520833333333333 0.55859375 0.03333333333333333 0.140625
1 0.9354166666666667 0.333984375 0.0125 0.05859375
