1 0.011979166666666667 0.314453125 0.015625 0.07421875
1 0.04895833333333333 0.337890625 0.025 0.08984375
1 0.12916666666666668 0.38671875 0.027083333333333334 0.109375
1 0.22395833333333334 0.45703125 0.03125 0.140625
1 0.21041666666666667 0.6796875 0.058333333333333334 0.25
2 0.2635416666666667 0.283203125 0.010416666666666666 0.05078125
2 0.27447916666666666 0.29296875 0.011458333333333333 0.0546875
2 0.32760416666666664 0.302734375 0.013541666666666667 0.06640625
2 0.41510416666666666 0.328125 0.015625 0.078125
2 0.5723958333333333 0.390625 0.026041666666666668 0.109375
2 0.7869791666666667 0.580078125 0.04895833333333333 0.19140625
