2 0.016666666666666666 0.3125 0.0125 0.0703125
1 0.10520833333333333 0.470703125 0.027083333333333334 0.12890625
3 0.14114583333333333 0.49609375 0.040625 0.2421875
1 0.13072916666666667 0.697265625 0.04479166666666667 0.21484375
0 0.23072916666666668 0.232421875 0.007291666666666667 0.04296875
0 0.22291666666666668 0.251953125 0.008333333333333333 0.05078125
0 0.21666666666666667 0.279296875 0.008333333333333333 0.04296875
0 0.21302083333333333 0.3046875 0.011458333333333333 0.0625
2 0.20677083333333332 0.3359375 0.013541666666666667 0.0703125
0 0.26927083333333335 0.234375 0.007291666666666667 0.0390625
0 0.3026041666666667 0.23046875 0.007291666666666667 0.0390625
0 0.3421875 0.244140625 0.005208333333333333 0.03515625
0 0.34739583333333335 0.2578125 0.007291666666666667 0.0390625
0 0.35520833333333335 0.283203125 0.008333333333333333 0.04296875
0 0.3640625 0.3046875 0.009375 0.0546875
1 0.3729166666666667 0.326171875 0.010416666666666666 0.05859375
0 0.33958333333333335 0.236328125 0.00625 0.03515625
1 0.47291666666666665 0.287109375 0.008333333333333333 0.05078125
2 0.4942708333333333 0.40625 0.017708333333333333 0.09375
2 0.5145833333333333 0.34765625 0.0125 0.0703125
3 0.5291666666666667 0.4375 0.029166666666666667 0.1875
2 0.5875 0.548828125 0.027083333333333334 0.14453125
2 0.571875 0.3203125 0.010416666666666666 0.0546875
1 0.5755208333333334 0.2734375 0.009375 0.046875
2 0.6442708333333333 0.306640625 0.009375 0.05078125
1 0.6833333333333333 0.271484375 0.008333333333333333 0.04296875
2 0.7317708333333334 0.306640625 0.009375 0.05078125
3 0.7713541666666667 0.658203125 0.05520833333333333 0.34765625
2 0.8036458333333333 0.28515625 0.007291666666666667 0.0390625
1 0.8036458333333333 0.287109375 0.009375 0.04296875
2 0.8375 0.314453125 0.010416666666666666 0.05078125
