2 0.026041666666666668 0.232421875 0.008333333333333333 0.03515625
2 0.04791666666666667 0.2890625 0.010416666666666666 0.0546875
1 0.08229166666666667 0.4453125 0.027083333333333334 0.1171875
1 0.13697916666666668 0.595703125 0.040625 0.17578125
2 0.09791666666666667 0.2421875 0.00625 0.03125
2 0.12864583333333332 0.2734375 0.011458333333333333 0.046875
2 0.14010416666666667 0.248046875 0.007291666666666667 0.03515625
2 0.15364583333333334 0.2578125 0.009375 0.0390625
1 0.15416666666666667 0.30078125 0.010416666666666666 0.0546875
2 0.15729166666666666 0.3359375 0.016666666666666666 0.0625
1 0.16458333333333333 0.234375 0.00625 0.03125
1 0.22395833333333334 0.244140625 0.00625 0.03515625
1 0.2421875 0.2734375 0.009375 0.046875
1 0.25364583333333335 0.255859375 0.007291666666666667 0.03515625
0 0.25625 0.298828125 0.010416666666666666 0.05078125
0 0.2734375 0.326171875 0.013541666666666667 0.05859375
0 0.32864583333333336 0.294921875 0.009375 0.05078125
2 0.328125 0.375 0.016666666666666666 0.0859375
0 0.35572916666666665 0.3203125 0.011458333333333333 0.0546875
2 0.5078125 0.486328125 0.026041666666666668 0.12890625
0 0.6395833333333333 0.35546875 0.0125 0.0703125
