0 0.04375 0.244140625 0.014583333333333334 0.06640625
0 0.071875 0.634765625 0.04583333333333333 0.21484375
0 0.10260416666666666 0.240234375 0.015625 0.07421875
0 0.11458333333333333 0.470703125 0.03333333333333333 0.15234375
0 0.11614583333333334 0.388671875 0.030208333333333334 0.12109375
0 0.13333333333333333 0.3203125 0.016666666666666666 0.0859375
0 0.14010416666666667 0.27734375 0.017708333333333333 0.078125
0 0.15104166666666666 0.25390625 0.014583333333333334 0.0625
1 0.48072916666666665 0.4609375 0.026041666666666668 0.125
1 0.6625 0.35546875 0.01875 0.09375
1 0.8244791666666667 0.333984375 0.013541666666666667 0.07421875
2 0.8661458333333333 0.62890625 0.040625 0.1796875
2 0.909375 0.474609375 0.027083333333333334 0.12109375
