1 0.315625 0.533203125 0.025 0.12109375
1 0.403125 0.40625 0.0125 0.078125
1 0.44166666666666665 0.345703125 0.008333333333333333 0.05859375
1 0.459375 0.318359375 0.008333333333333333 0.05078125
1 0.4713541666666667 0.296875 0.005208333333333333 0.0390625
1 0.48489583333333336 0.28125 0.005208333333333333 0.03125
2 0.59375 0.287109375 0.00625 0.03515625
2 0.603125 0.30078125 0.00625 0.0390625
2 0.6166666666666667 0.326171875 0.008333333333333333 0.04296875
2 0.6401041666666667 0.3515625 0.011458333333333333 0.0546875
2 0.6875 0.4140625 0.016666666666666666 0.078125
2 0.7791666666666667 0.541015625 0.027083333333333334 0.12890625
