1 0.2947916666666667 0.546875 0.03333333333333333 0.1640625
1 0.4479166666666667 0.431640625 0.020833333333333332 0.11328125
1 0.521875 0.3984375 0.01875 0.1015625
1 0.5734375 0.373046875 0.015625 0.07421875
1 0.6234375 0.349609375 0.009375 0.05859375
1 0.6619791666666667 0.34765625 0.013541666666666667 0.0625
1 0.7098958333333333 0.337890625 0.011458333333333333 0.06640625
2 0.78125 0.607421875 0.03958333333333333 0.17578125
2 0.7463541666666667 0.4921875 0.023958333333333335 0.1171875
2 0.74375 0.42578125 0.016666666666666666 0.0859375
2 0.7484375 0.380859375 0.013541666666666667 0.07421875
2 0.7723958333333333 0.36328125 0.011458333333333333 0.0546875
