1 0.2838541666666667 0.59765625 0.030208333333333334 0.1484375
1 0.40625 0.4453125 0.016666666666666666 0.09375
1 0.4609375 0.369140625 0.011458333333333333 0.06640625
1 0.4890625 0.326171875 0.007291666666666667 0.05078125
1 0.5036458333333333 0.306640625 0.007291666666666667 0.04296875
1 0.5135416666666667 0.2890625 0.00625 0.03125
1 0.5255208333333333 0.275390625 0.005208333333333333 0.02734375
2 0.634375 0.296875 0.00625 0.03125
2 0.6458333333333334 0.3125 0.008333333333333333 0.0390625
2 0.6635416666666667 0.337890625 0.010416666666666666 0.05078125
2 0.6973958333333333 0.380859375 0.015625 0.06640625
2 0.7515625 0.4609375 0.019791666666666666 0.09375
2 0.8885416666666667 0.6640625 0.03958333333333333 0.1796875
2 0.95625 0.279296875 0.00625 0.02734375
1 0.9171875 0.267578125 0.005208333333333333 0.02734375
