1 0.09635416666666667 0.533203125 0.03229166666666667 0.15234375
1 0.042708333333333334 0.462890625 0.027083333333333334 0.12109375
2 0.0484375 0.341796875 0.019791666666666666 0.07421875
2 0.053125 0.244140625 0.008333333333333333 0.03515625
2 0.065625 0.232421875 0.00625 0.02734375
2 0.06145833333333333 0.216796875 0.00625 0.02734375
2 0.057291666666666664 0.2109375 0.00625 0.03125
1 0.11354166666666667 0.2109375 0.00625 0.0234375
1 0.121875 0.216796875 0.00625 0.01953125
1 0.12864583333333332 0.220703125 0.005208333333333333 0.01953125
1 0.1359375 0.228515625 0.005208333333333333 0.02734375
1 0.140625 0.234375 0.00625 0.03125
1 0.1515625 0.25 0.007291666666666667 0.03125
2 0.15572916666666667 0.271484375 0.007291666666666667 0.03515625
2 0.17239583333333333 0.265625 0.009375 0.0390625
2 0.17291666666666666 0.26953125 0.010416666666666666 0.046875
2 0.18802083333333333 0.267578125 0.007291666666666667 0.03515625
2 0.20260416666666667 0.265625 0.009375 0.03125
1 0.23489583333333333 0.259765625 0.009375 0.03515625
2 0.2546875 0.275390625 0.011458333333333333 0.04296875
2 0.25364583333333335 0.279296875 0.007291666666666667 0.03515625
2 0.2947916666666667 0.28125 0.008333333333333333 0.0390625
2 0.33229166666666665 0.291015625 0.008333333333333333 0.04296875
2 0.34427083333333336 0.373046875 0.019791666666666666 0.07421875
2 0.38125 0.30078125 0.010416666666666666 0.046875
1 0.30364583333333334 0.265625 0.007291666666666667 0.03125
1 0.3609375 0.2734375 0.007291666666666667 0.03125
1 0.4119791666666667 0.28515625 0.007291666666666667 0.03125
2 0.4432291666666667 0.318359375 0.011458333333333333 0.05078125
1 0.46145833333333336 0.296875 0.010416666666666666 0.046875
1 0.5192708333333333 0.3203125 0.009375 0.0390625
2 0.5322916666666667 0.357421875 0.0125 0.05859375
1 0.621875 0.35546875 0.0125 0.0625
2 0.6286458333333333 0.3984375 0.013541666666666667 0.0625
2 0.19322916666666667 0.35546875 0.015625 0.078125
2 0.4953125 0.4453125 0.023958333333333335 0.1171875
2 0.7380208333333333 0.611328125 0.042708333333333334 0.18359375
2 0.8072916666666666 0.484375 0.022916666666666665 0.1015625
1 0.7322916666666667 0.39453125 0.014583333333333334 0.0625
