2 0.009375 0.3046875 0.014583333333333334 0.0703125
1 0.01875 0.384765625 0.01875 0.08984375
2 0.019270833333333334 0.234375 0.009375 0.046875
1 0.07708333333333334 0.216796875 0.00625 0.03515625
2 0.10520833333333333 0.232421875 0.00625 0.03515625
3 0.103125 0.294921875 0.016666666666666666 0.09765625
1 0.14010416666666667 0.451171875 0.026041666666666668 0.12109375
2 0.18020833333333333 0.314453125 0.0125 0.06640625
1 0.19114583333333332 0.626953125 0.03854166666666667 0.19140625
2 0.2630208333333333 0.23828125 0.007291666666666667 0.03125
2 0.3125 0.302734375 0.010416666666666666 0.05859375
2 0.3807291666666667 0.380859375 0.015625 0.08203125
2 0.38697916666666665 0.29296875 0.009375 0.046875
1 0.3958333333333333 0.33203125 0.0125 0.0625
2 0.40729166666666666 0.263671875 0.00625 0.03515625
2 0.41458333333333336 0.27734375 0.008333333333333333 0.0390625
1 0.4322916666666667 0.25 0.00625 0.03125
1 0.4817708333333333 0.263671875 0.005208333333333333 0.03515625
1 0.4921875 0.302734375 0.009375 0.05078125
0 0.49895833333333334 0.341796875 0.0125 0.05859375
1 0.5072916666666667 0.27734375 0.008333333333333333 0.046875
0 0.5109375 0.390625 0.015625 0.078125
2 0.5770833333333333 0.51171875 0.022916666666666665 0.125
0 0.5833333333333334 0.34375 0.014583333333333334 0.0703125
0 0.6171875 0.396484375 0.017708333333333333 0.08203125
2 0.18958333333333333 0.234375 0.00625 0.03125
1 0.2833333333333333 0.23046875 0.00625 0.03125
1 0.3645833333333333 0.240234375 0.00625 0.02734375
2 0.3765625 0.25390625 0.007291666666666667 0.03125
