1 0.26666666666666666 0.49609375 0.035416666666666666 0.1796875
1 0.24583333333333332 0.359375 0.027083333333333334 0.1171875
1 0.15416666666666667 0.30078125 0.022916666666666665 0.109375
1 0.06770833333333333 0.2578125 0.022916666666666665 0.09375
2 0.24739583333333334 0.22265625 0.011458333333333333 0.0546875
2 0.2604166666666667 0.232421875 0.010416666666666666 0.05859375
2 0.3104166666666667 0.244140625 0.014583333333333334 0.05078125
2 0.3958333333333333 0.265625 0.016666666666666666 0.0703125
2 0.5328125 0.3203125 0.021875 0.09375
2 0.6875 0.458984375 0.035416666666666666 0.14453125
