1 0.3484375 0.513671875 0.028125 0.13671875
2 0.73125 0.50390625 0.025 0.125
2 0.6458333333333334 0.390625 0.016666666666666666 0.078125
1 0.409375 0.408203125 0.016666666666666666 0.07421875
1 0.475 0.361328125 0.0125 0.05859375
2 0.6635416666666667 0.36328125 0.0125 0.0625
1 0.5395833333333333 0.326171875 0.008333333333333333 0.05078125
2 0.6963541666666667 0.35546875 0.011458333333333333 0.0546875
2 0.7416666666666667 0.341796875 0.0125 0.05078125
2 0.821875 0.337890625 0.010416666666666666 0.05078125
1 0.621875 0.306640625 0.00625 0.04296875
1 0.6984375 0.3046875 0.007291666666666667 0.0390625
