0 0.10989583333333333 0.46484375 0.026041666666666668 0.1171875
2 0.153125 0.3125 0.0125 0.0703125
2 0.1546875 0.365234375 0.019791666666666666 0.08203125
2 0.215625 0.28125 0.0125 0.0546875
1 0.3072916666666667 0.30859375 0.0125 0.0546875
2 0.3177083333333333 0.447265625 0.022916666666666665 0.12109375
1 0.3494791666666667 0.66015625 0.040625 0.1953125
1 0.3416666666666667 0.337890625 0.0125 0.06640625
1 0.45364583333333336 0.365234375 0.015625 0.07421875
1 0.6291666666666667 0.380859375 0.016666666666666666 0.08203125
3 0.7239583333333334 0.3515625 0.020833333333333332 0.1328125
1 0.7958333333333333 0.36328125 0.016666666666666666 0.078125
1 0.8390625 0.287109375 0.009375 0.04296875
3 0.8505208333333333 0.333984375 0.019791666666666666 0.12109375
1 0.8786458333333333 0.3359375 0.015625 0.0703125
2 0.9260416666666667 0.556640625 0.03125 0.16796875
2 0.9572916666666667 0.28125 0.0125 0.0546875
1 0.771875 0.26953125 0.010416666666666666 0.046875
2 0.7380208333333333 0.248046875 0.009375 0.04296875
1 0.6984375 0.2578125 0.009375 0.0390625
2 0.6390625 0.2421875 0.007291666666666667 0.0390625
