2 0.009375 0.208984375 0.008333333333333333 0.03515625
2 0.03697916666666667 0.240234375 0.011458333333333333 0.05078125
1 0.043229166666666666 0.322265625 0.017708333333333333 0.08203125
1 0.1078125 0.380859375 0.021875 0.09765625
1 0.0984375 0.51953125 0.030208333333333334 0.140625
2 0.06666666666666667 0.20703125 0.008333333333333333 0.0390625
2 0.14739583333333334 0.25390625 0.011458333333333333 0.0546875
2 0.2791666666666667 0.28515625 0.014583333333333334 0.0625
2 0.38229166666666664 0.34375 0.014583333333333334 0.078125
2 0.5145833333333333 0.451171875 0.020833333333333332 0.09765625
2 0.7286458333333333 0.646484375 0.036458333333333336 0.17578125
2 0.6041666666666666 0.271484375 0.008333333333333333 0.03515625
2 0.6395833333333333 0.30078125 0.008333333333333333 0.046875
2 0.6994791666666667 0.318359375 0.009375 0.04296875
2 0.75625 0.328125 0.010416666666666666 0.046875
2 0.8390625 0.349609375 0.013541666666666667 0.05859375
2 0.9239583333333333 0.380859375 0.0125 0.05859375
1 0.8015625 0.314453125 0.009375 0.04296875
