1 0.15572916666666667 0.8828125 0.053125 0.2265625
3 0.03958333333333333 0.287109375 0.01875 0.10546875
2 0.1203125 0.302734375 0.015625 0.06640625
1 0.1203125 0.412109375 0.023958333333333335 0.10546875
1 0.203125 0.5234375 0.03125 0.1484375
2 0.2526041666666667 0.298828125 0.013541666666666667 0.05859375
2 0.3234375 0.28515625 0.009375 0.046875
1 0.3380208333333333 0.318359375 0.011458333333333333 0.05859375
2 0.32916666666666666 0.361328125 0.014583333333333334 0.07421875
2 0.33958333333333335 0.2578125 0.008333333333333333 0.0390625
2 0.3489583333333333 0.267578125 0.008333333333333333 0.04296875
1 0.4244791666666667 0.2890625 0.009375 0.046875
1 0.43802083333333336 0.271484375 0.009375 0.04296875
0 0.43385416666666665 0.32421875 0.011458333333333333 0.0546875
0 0.446875 0.35546875 0.014583333333333334 0.0703125
0 0.5088541666666667 0.322265625 0.011458333333333333 0.05078125
2 0.5036458333333333 0.439453125 0.021875 0.10546875
0 0.5369791666666667 0.361328125 0.013541666666666667 0.06640625
2 0.8171875 0.775390625 0.04895833333333333 0.23046875
