1 0.28020833333333334 0.529296875 0.025 0.12890625
1 0.3807291666666667 0.451171875 0.019791666666666666 0.09765625
1 0.4817708333333333 0.416015625 0.015625 0.08203125
1 0.5604166666666667 0.404296875 0.0125 0.06640625
1 0.653125 0.3984375 0.010416666666666666 0.0546875
1 0.7098958333333333 0.39453125 0.009375 0.0546875
1 0.8307291666666666 0.390625 0.009375 0.046875
2 0.7578125 0.6171875 0.034375 0.1640625
2 0.784375 0.50390625 0.020833333333333332 0.1015625
2 0.8166666666666667 0.458984375 0.016666666666666666 0.08203125
2 0.8364583333333333 0.4453125 0.014583333333333334 0.0703125
2 0.9265625 0.443359375 0.013541666666666667 0.06640625
