1 0.06458333333333334 0.294921875 0.0125 0.05859375
2 0.10416666666666667 0.267578125 0.010416666666666666 0.05859375
1 0.196875 0.294921875 0.0125 0.05859375
2 0.2640625 0.2734375 0.011458333333333333 0.0546875
1 0.3046875 0.30859375 0.011458333333333333 0.0625
1 0.33125 0.703125 0.04583333333333333 0.2265625
2 0.3880208333333333 0.28125 0.009375 0.0546875
1 0.3932291666666667 0.3359375 0.011458333333333333 0.0546875
1 0.4505208333333333 0.375 0.015625 0.078125
3 0.4421875 0.5078125 0.034375 0.2421875
1 0.4713541666666667 0.462890625 0.021875 0.10546875
2 0.5114583333333333 0.310546875 0.0125 0.05859375
2 0.625 0.36328125 0.016666666666666666 0.078125
0 0.6494791666666667 0.33203125 0.011458333333333333 0.0625
0 0.6640625 0.3046875 0.009375 0.0546875
0 0.6723958333333333 0.296875 0.009375 0.046875
0 0.68125 0.283203125 0.010416666666666666 0.05078125
0 0.6921875 0.267578125 0.009375 0.04296875
0 0.6989583333333333 0.263671875 0.008333333333333333 0.04296875
0 0.7369791666666666 0.265625 0.009375 0.0390625
0 0.775 0.267578125 0.010416666666666666 0.04296875
0 0.81875 0.30078125 0.010416666666666666 0.0546875
0 0.8234375 0.322265625 0.011458333333333333 0.05859375
0 0.8182291666666667 0.326171875 0.011458333333333333 0.05078125
0 0.81875 0.365234375 0.016666666666666666 0.06640625
1 0.8166666666666667 0.392578125 0.014583333333333334 0.07421875
