1 0.20989583333333334 0.6171875 0.034375 0.171875
1 0.44947916666666665 0.45703125 0.019791666666666666 0.1015625
1 0.5895833333333333 0.396484375 0.0125 0.06640625
2 0.9364583333333333 0.61328125 0.03125 0.1484375
1 0.696875 0.3671875 0.0125 0.0625
1 0.8161458333333333 0.333984375 0.011458333333333333 0.05859375
1 0.5979166666666667 0.3203125 0.008333333333333333 0.046875
1 0.48489583333333336 0.333984375 0.007291666666666667 0.05078125
1 0.3333333333333333 0.3203125 0.008333333333333333 0.046875
2 0.4953125 0.291015625 0.007291666666666667 0.03515625
2 0.5552083333333333 0.275390625 0.00625 0.03515625
1 0.6578125 0.296875 0.007291666666666667 0.0390625
2 0.4583333333333333 0.294921875 0.00625 0.03515625
2 0.3885416666666667 0.2890625 0.00625 0.0390625
2 0.428125 0.294921875 0.00625 0.03515625
