2 0.1015625 0.29296875 0.013541666666666667 0.0703125
1 0.11458333333333333 0.36328125 0.01875 0.078125
1 0.20260416666666667 0.40625 0.019791666666666666 0.1015625
3 0.21458333333333332 0.59765625 0.05 0.3125
1 0.24427083333333333 0.51953125 0.030208333333333334 0.1484375
2 0.2755208333333333 0.314453125 0.013541666666666667 0.06640625
2 0.41041666666666665 0.361328125 0.016666666666666666 0.08203125
0 0.4296875 0.32421875 0.011458333333333333 0.0546875
0 0.440625 0.29296875 0.010416666666666666 0.0546875
0 0.4473958333333333 0.283203125 0.009375 0.05078125
0 0.4552083333333333 0.26953125 0.008333333333333333 0.046875
0 0.4625 0.255859375 0.008333333333333333 0.04296875
0 0.46822916666666664 0.25 0.007291666666666667 0.0390625
0 0.5020833333333333 0.25390625 0.008333333333333333 0.0390625
0 0.534375 0.25390625 0.010416666666666666 0.046875
0 0.5708333333333333 0.263671875 0.008333333333333333 0.03515625
0 0.5734375 0.279296875 0.009375 0.04296875
0 0.5770833333333333 0.306640625 0.010416666666666666 0.05078125
0 0.58125 0.337890625 0.010416666666666666 0.05859375
1 0.5848958333333333 0.365234375 0.013541666666666667 0.07421875
2 0.7276041666666667 0.533203125 0.030208333333333334 0.14453125
3 0.7776041666666667 0.634765625 0.04895833333333333 0.31640625
1 0.86875 0.318359375 0.0125 0.05859375
2 0.8640625 0.388671875 0.015625 0.07421875
1 0.7171875 0.330078125 0.011458333333333333 0.06640625
2 0.7703125 0.427734375 0.021875 0.08984375
