2 0.022395833333333334 0.25390625 0.011458333333333333 0.0625
1 0.03125 0.353515625 0.022916666666666665 0.09765625
1 0.103125 0.392578125 0.025 0.12109375
1 0.15260416666666668 0.494140625 0.030208333333333334 0.14453125
1 0.10260416666666666 0.767578125 0.05520833333333333 0.26171875
2 0.17552083333333332 0.263671875 0.011458333333333333 0.05859375
2 0.2947916666666667 0.29296875 0.0125 0.0625
2 0.42916666666666664 0.349609375 0.016666666666666666 0.08203125
2 0.5963541666666666 0.45703125 0.021875 0.1171875
2 0.821875 0.724609375 0.04375 0.21484375
