1 0.32083333333333336 0.53125 0.022916666666666665 0.125
1 0.4010416666666667 0.396484375 0.014583333333333334 0.07421875
1 0.43020833333333336 0.3515625 0.010416666666666666 0.0546875
1 0.446875 0.318359375 0.008333333333333333 0.04296875
2 0.784375 0.541015625 0.025 0.12890625
2 0.6723958333333333 0.404296875 0.015625 0.07421875
2 0.6302083333333334 0.353515625 0.010416666666666666 0.05859375
2 0.6067708333333334 0.32421875 0.007291666666666667 0.0390625
2 0.5916666666666667 0.302734375 0.00625 0.03515625
1 0.4640625 0.298828125 0.005208333333333333 0.03515625
2 0.5838541666666667 0.2890625 0.005208333333333333 0.03125
2 0.8739583333333333 0.28515625 0.00625 0.03125
