1 0.065625 0.775390625 0.05416666666666667 0.24609375
1 0.07708333333333334 0.48046875 0.03125 0.1328125
1 0.06822916666666666 0.3671875 0.023958333333333335 0.09375
2 0.0875 0.24609375 0.0125 0.0625
2 0.228125 0.275390625 0.0125 0.06640625
2 0.33229166666666665 0.330078125 0.014583333333333334 0.06640625
2 0.4578125 0.419921875 0.017708333333333333 0.08984375
2 0.6265625 0.55078125 0.030208333333333334 0.140625
2 0.54375 0.263671875 0.008333333333333333 0.03515625
2 0.5755208333333334 0.2890625 0.009375 0.0390625
1 0.6322916666666667 0.275390625 0.00625 0.02734375
2 0.6286458333333333 0.306640625 0.009375 0.04296875
2 0.6786458333333333 0.3125 0.009375 0.046875
1 0.7213541666666666 0.298828125 0.007291666666666667 0.03515625
2 0.7479166666666667 0.333984375 0.010416666666666666 0.05078125
1 0.8213541666666667 0.322265625 0.009375 0.04296875
2 0.8135416666666667 0.35546875 0.014583333333333334 0.0625
2 0.8895833333333333 0.3828125 0.016666666666666666 0.0703125
1 0.9286458333333333 0.349609375 0.011458333333333333 0.05078125
