1 0.4869791666666667 0.291015625 0.019791666666666666 0.10546875
1 0.5875 0.205078125 0.014583333333333334 0.08203125
1 0.6671875 0.171875 0.009375 0.0625
1 0.7213541666666666 0.16015625 0.009375 0.0546875
1 0.7666666666666667 0.150390625 0.008333333333333333 0.04296875
1 0.8177083333333334 0.140625 0.008333333333333333 0.0390625
1 0.8588541666666667 0.13671875 0.007291666666666667 0.03125
2 0.9161458333333333 0.158203125 0.011458333333333333 0.04296875
2 0.8911458333333333 0.17578125 0.011458333333333333 0.0546875
2 0.8666666666666667 0.20703125 0.014583333333333334 0.0703125
2 0.8552083333333333 0.24609375 0.016666666666666666 0.078125
2 0.8557291666666667 0.3203125 0.023958333333333335 0.1015625
2 0.95625 0.142578125 0.008333333333333333 0.04296875
