1 0.0984375 0.236328125 0.009375 0.05078125
2 0.13072916666666667 0.224609375 0.009375 0.04296875
1 0.2078125 0.240234375 0.009375 0.05078125
2 0.25625 0.2265625 0.010416666666666666 0.046875
1 0.296875 0.25 0.008333333333333333 0.046875
1 0.32135416666666666 0.412109375 0.021875 0.10546875
2 0.3671875 0.236328125 0.009375 0.04296875
1 0.3609375 0.267578125 0.009375 0.05078125
3 0.38125 0.33984375 0.022916666666666665 0.1328125
1 0.403125 0.29296875 0.010416666666666666 0.0625
1 0.4078125 0.3359375 0.013541666666666667 0.0703125
3 0.4114583333333333 0.2890625 0.014583333333333334 0.109375
2 0.453125 0.255859375 0.008333333333333333 0.04296875
0 0.45989583333333334 0.23828125 0.007291666666666667 0.046875
0 0.4703125 0.22265625 0.007291666666666667 0.0390625
0 0.4744791666666667 0.212890625 0.007291666666666667 0.03515625
0 0.546875 0.2421875 0.008333333333333333 0.0390625
1 0.5510416666666667 0.2578125 0.008333333333333333 0.046875
3 0.5911458333333334 0.3046875 0.017708333333333333 0.1015625
2 0.5916666666666667 0.345703125 0.014583333333333334 0.06640625
3 0.615625 0.353515625 0.025 0.13671875
1 0.6364583333333333 0.244140625 0.008333333333333333 0.05078125
2 0.6369791666666667 0.28125 0.011458333333333333 0.0546875
2 0.6796875 0.4296875 0.021875 0.109375
2 0.7020833333333333 0.271484375 0.0125 0.05078125
1 0.7364583333333333 0.2421875 0.008333333333333333 0.0390625
2 0.7817708333333333 0.271484375 0.011458333333333333 0.05078125
1 0.853125 0.248046875 0.008333333333333333 0.04296875
2 0.8791666666666667 0.27734375 0.010416666666666666 0.046875
