1 0.21614583333333334 0.626953125 0.034375 0.17578125
1 0.4401041666666667 0.48828125 0.017708333333333333 0.1015625
1 0.5338541666666666 0.443359375 0.011458333333333333 0.07421875
1 0.5614583333333333 0.41015625 0.008333333333333333 0.0625
1 0.5380208333333333 0.384765625 0.009375 0.05859375
2 0.8125 0.5546875 0.027083333333333334 0.1328125
2 0.7817708333333333 0.466796875 0.011458333333333333 0.07421875
2 0.7604166666666666 0.423828125 0.008333333333333333 0.06640625
2 0.70625 0.384765625 0.008333333333333333 0.05078125
2 0.6276041666666666 0.349609375 0.007291666666666667 0.04296875
