0 0.215625 0.43359375 0.022916666666666665 0.1171875
1 0.2552083333333333 0.75390625 0.05 0.2421875
0 0.3020833333333333 0.35546875 0.016666666666666666 0.078125
0 0.3703125 0.4375 0.021875 0.109375
2 0.3802083333333333 0.283203125 0.008333333333333333 0.05078125
2 0.3963541666666667 0.314453125 0.011458333333333333 0.06640625
0 0.3953125 0.359375 0.015625 0.0703125
1 0.48541666666666666 0.287109375 0.008333333333333333 0.04296875
1 0.5161458333333333 0.3046875 0.011458333333333333 0.0546875
2 0.5140625 0.365234375 0.015625 0.07421875
1 0.5520833333333334 0.44921875 0.022916666666666665 0.109375
1 0.603125 0.330078125 0.014583333333333334 0.06640625
1 0.7479166666666667 0.3515625 0.0125 0.0625
3 0.834375 0.33203125 0.01875 0.1015625
2 0.8786458333333333 0.576171875 0.036458333333333336 0.16015625
2 0.9520833333333333 0.458984375 0.025 0.11328125
3 0.9703125 0.326171875 0.019791666666666666 0.10546875
1 0.9072916666666667 0.353515625 0.014583333333333334 0.06640625
1 0.9244791666666666 0.27734375 0.011458333333333333 0.0546875
2 0.8927083333333333 0.2578125 0.008333333333333333 0.0390625
2 0.784375 0.248046875 0.010416666666666666 0.04296875
