1 0.08802083333333334 0.404296875 0.021875 0.10546875
2 0.11041666666666666 0.30859375 0.014583333333333334 0.0625
1 0.16979166666666667 0.498046875 0.03125 0.13671875
1 0.15729166666666666 0.794921875 0.05416666666666667 0.26953125
2 0.2984375 0.33984375 0.015625 0.078125
2 0.4583333333333333 0.416015625 0.020833333333333332 0.09765625
0 0.4817708333333333 0.3515625 0.015625 0.0703125
0 0.4942708333333333 0.3125 0.011458333333333333 0.0625
0 0.5015625 0.298828125 0.011458333333333333 0.05859375
0 0.509375 0.279296875 0.010416666666666666 0.05078125
0 0.5177083333333333 0.259765625 0.008333333333333333 0.05078125
0 0.5234375 0.251953125 0.009375 0.05078125
0 0.5630208333333333 0.255859375 0.009375 0.04296875
0 0.6 0.2578125 0.010416666666666666 0.046875
0 0.6421875 0.259765625 0.007291666666666667 0.04296875
0 0.6463541666666667 0.275390625 0.009375 0.04296875
0 0.6520833333333333 0.291015625 0.010416666666666666 0.05859375
0 0.6598958333333333 0.30859375 0.011458333333333333 0.0546875
0 0.6625 0.33203125 0.014583333333333334 0.0625
0 0.6760416666666667 0.376953125 0.016666666666666666 0.08203125
1 0.6901041666666666 0.421875 0.017708333333333333 0.0859375
1 0.8536458333333333 0.3671875 0.015625 0.0703125
