1 0.015104166666666667 0.234375 0.009375 0.046875
1 0.0375 0.255859375 0.010416666666666666 0.05078125
2 0.19479166666666667 0.25390625 0.010416666666666666 0.046875
2 0.22708333333333333 0.2734375 0.010416666666666666 0.046875
2 0.171875 0.376953125 0.022916666666666665 0.10546875
2 0.1953125 0.314453125 0.015625 0.07421875
2 0.2203125 0.294921875 0.011458333333333333 0.05078125
2 0.228125 0.568359375 0.03958333333333333 0.17578125
1 0.5239583333333333 0.328125 0.010416666666666666 0.0546875
1 0.5515625 0.318359375 0.009375 0.05078125
1 0.6088541666666667 0.318359375 0.009375 0.04296875
1 0.6791666666666667 0.3125 0.008333333333333333 0.0390625
1 0.6796875 0.517578125 0.028125 0.13671875
1 0.75625 0.302734375 0.008333333333333333 0.04296875
1 0.7984375 0.296875 0.007291666666666667 0.0390625
1 0.8541666666666666 0.291015625 0.008333333333333333 0.03515625
1 0.9338541666666667 0.296875 0.007291666666666667 0.03125
1 0.9296875 0.3984375 0.019791666666666666 0.0859375
