1 0.017708333333333333 0.404296875 0.01875 0.10546875
1 0.033854166666666664 0.318359375 0.013541666666666667 0.06640625
1 0.11875 0.296875 0.010416666666666666 0.046875
1 0.19114583333333332 0.443359375 0.023958333333333335 0.10546875
1 0.20989583333333334 0.27734375 0.009375 0.046875
2 0.2708333333333333 0.255859375 0.00625 0.03515625
1 0.296875 0.265625 0.008333333333333333 0.0390625
1 0.4479166666666667 0.44140625 0.020833333333333332 0.109375
1 0.4557291666666667 0.259765625 0.007291666666666667 0.03515625
2 0.46822916666666664 0.24609375 0.007291666666666667 0.0390625
1 0.5286458333333334 0.263671875 0.007291666666666667 0.03515625
2 0.5661458333333333 0.25390625 0.007291666666666667 0.0390625
3 0.5635416666666667 0.39453125 0.025 0.15625
1 0.5994791666666667 0.27734375 0.007291666666666667 0.0390625
1 0.6401041666666667 0.3984375 0.017708333333333333 0.09375
2 0.659375 0.263671875 0.008333333333333333 0.04296875
1 0.6645833333333333 0.294921875 0.008333333333333333 0.04296875
3 0.6916666666666667 0.35546875 0.01875 0.125
1 0.7046875 0.318359375 0.011458333333333333 0.05859375
1 0.7125 0.35546875 0.0125 0.0703125
2 0.7630208333333334 0.287109375 0.009375 0.05078125
2 0.8677083333333333 0.75 0.05 0.2265625
3 0.8671875 0.546875 0.042708333333333334 0.2734375
2 0.909375 0.505859375 0.03125 0.13671875
2 0.8536458333333333 0.32421875 0.013541666666666667 0.0625
0 0.8916666666666667 0.306640625 0.010416666666666666 0.05078125
0 0.9182291666666667 0.291015625 0.011458333333333333 0.05078125
0 0.9322916666666666 0.283203125 0.010416666666666666 0.05078125
0 0.95 0.275390625 0.010416666666666666 0.05078125
0 0.9708333333333333 0.265625 0.010416666666666666 0.046875
0 0.9838541666666667 0.26171875 0.009375 0.046875
