1 0.3494791666666667 0.701171875 0.04479166666666667 0.22265625
0 0.5604166666666667 0.349609375 0.0125 0.06640625
0 0.6010416666666667 0.3203125 0.010416666666666666 0.0546875
1 0.6125 0.44921875 0.022916666666666665 0.1015625
2 0.6536458333333334 0.283203125 0.009375 0.04296875
0 0.6526041666666667 0.357421875 0.013541666666666667 0.07421875
2 0.6671875 0.302734375 0.009375 0.05078125
0 0.66875 0.33203125 0.010416666666666666 0.0546875
1 0.7484375 0.291015625 0.007291666666666667 0.04296875
2 0.7645833333333333 0.34375 0.0125 0.0703125
1 0.7755208333333333 0.30859375 0.009375 0.046875
1 0.784375 0.388671875 0.014583333333333334 0.08203125
1 0.8604166666666667 0.330078125 0.0125 0.05859375
2 0.940625 0.583984375 0.025 0.15234375
