2 0.16197916666666667 0.51953125 0.034375 0.15625
0 0.24114583333333334 0.404296875 0.019791666666666666 0.09765625
0 0.275 0.345703125 0.016666666666666666 0.08203125
0 0.2911458333333333 0.322265625 0.013541666666666667 0.06640625
0 0.3078125 0.296875 0.011458333333333333 0.0625
0 0.32395833333333335 0.2734375 0.010416666666666666 0.0546875
0 0.3338541666666667 0.26171875 0.011458333333333333 0.0546875
0 0.3802083333333333 0.259765625 0.010416666666666666 0.05078125
0 0.4239583333333333 0.263671875 0.010416666666666666 0.05078125
0 0.4708333333333333 0.28125 0.010416666666666666 0.0546875
0 0.47604166666666664 0.306640625 0.0125 0.05859375
0 0.48333333333333334 0.35546875 0.016666666666666666 0.0703125
0 0.49166666666666664 0.4140625 0.020833333333333332 0.1015625
1 0.5020833333333333 0.482421875 0.022916666666666665 0.11328125
1 0.6786458333333333 0.37890625 0.017708333333333333 0.0859375
2 0.8677083333333333 0.642578125 0.0375 0.17578125
1 0.8505208333333333 0.34765625 0.015625 0.0703125
2 0.9276041666666667 0.494140625 0.026041666666666668 0.12109375
