0 0.44427083333333334 0.369140625 0.015625 0.07421875
1 0.49114583333333334 0.509765625 0.026041666666666668 0.12890625
0 0.49583333333333335 0.328125 0.010416666666666666 0.0546875
0 0.55 0.380859375 0.016666666666666666 0.08203125
2 0.5552083333333333 0.279296875 0.010416666666666666 0.04296875
2 0.5692708333333333 0.302734375 0.009375 0.04296875
0 0.5682291666666667 0.3359375 0.011458333333333333 0.0546875
1 0.65 0.28515625 0.008333333333333333 0.0390625
1 0.6604166666666667 0.275390625 0.008333333333333333 0.03515625
2 0.6692708333333334 0.34765625 0.013541666666666667 0.0625
1 0.678125 0.302734375 0.010416666666666666 0.04296875
1 0.6927083333333334 0.408203125 0.016666666666666666 0.07421875
1 0.7609375 0.328125 0.009375 0.0546875
1 0.9140625 0.35546875 0.015625 0.0625
2 0.9114583333333334 0.708984375 0.0375 0.21484375
