1 0.26197916666666665 0.619140625 0.034375 0.16796875
1 0.3578125 0.4453125 0.021875 0.09375
1 0.39947916666666666 0.38671875 0.015625 0.0703125
1 0.428125 0.345703125 0.010416666666666666 0.05859375
1 0.44166666666666665 0.322265625 0.008333333333333333 0.04296875
1 0.4739583333333333 0.306640625 0.00625 0.03515625
1 0.515625 0.291015625 0.00625 0.03515625
2 0.5880208333333333 0.302734375 0.007291666666666667 0.03515625
2 0.571875 0.314453125 0.008333333333333333 0.04296875
2 0.59375 0.33984375 0.010416666666666666 0.046875
2 0.6255208333333333 0.373046875 0.013541666666666667 0.06640625
2 0.6911458333333333 0.4453125 0.019791666666666666 0.0859375
2 0.8375 0.619140625 0.03333333333333333 0.16015625
