2 0.007291666666666667 0.3359375 0.014583333333333334 0.0625
3 0.0390625 0.400390625 0.030208333333333334 0.16796875
0 0.027604166666666666 0.259765625 0.009375 0.04296875
0 0.0609375 0.26171875 0.007291666666666667 0.0390625
0 0.08333333333333333 0.26953125 0.008333333333333333 0.0390625
0 0.10052083333333334 0.279296875 0.009375 0.05078125
0 0.12760416666666666 0.291015625 0.011458333333333333 0.05859375
1 0.159375 0.3125 0.0125 0.0625
1 0.171875 0.30078125 0.010416666666666666 0.0546875
1 0.10104166666666667 0.478515625 0.03125 0.12109375
3 0.1390625 0.494140625 0.042708333333333334 0.23828125
1 0.13489583333333333 0.63671875 0.040625 0.1875
1 0.2786458333333333 0.275390625 0.007291666666666667 0.04296875
2 0.2953125 0.345703125 0.013541666666666667 0.07421875
3 0.3104166666666667 0.345703125 0.020833333333333332 0.12890625
2 0.35885416666666664 0.39453125 0.019791666666666666 0.09375
2 0.3614583333333333 0.283203125 0.010416666666666666 0.04296875
1 0.3723958333333333 0.2578125 0.007291666666666667 0.0390625
3 0.44427083333333334 0.3984375 0.026041666666666668 0.15625
2 0.4270833333333333 0.26953125 0.008333333333333333 0.0390625
1 0.45364583333333336 0.25390625 0.005208333333333333 0.03125
2 0.4828125 0.265625 0.007291666666666667 0.0390625
1 0.5526041666666667 0.251953125 0.005208333333333333 0.02734375
2 0.5401041666666667 0.451171875 0.019791666666666666 0.10546875
2 0.5609375 0.265625 0.007291666666666667 0.03125
2 0.6520833333333333 0.26953125 0.00625 0.03125
1 0.6588541666666666 0.259765625 0.005208333333333333 0.02734375
2 0.7385416666666667 0.279296875 0.008333333333333333 0.03515625
1 0.7677083333333333 0.26953125 0.008333333333333333 0.0390625
2 0.8135416666666667 0.2890625 0.008333333333333333 0.046875
1 0.8765625 0.287109375 0.009375 0.04296875
2 0.8729166666666667 0.4765625 0.027083333333333334 0.1171875
2 0.9255208333333333 0.31640625 0.011458333333333333 0.046875
