1 0.14583333333333334 0.80859375 0.05416666666666667 0.2578125
1 0.24947916666666667 0.494140625 0.026041666666666668 0.12109375
1 0.2765625 0.396484375 0.015625 0.08203125
1 0.2994791666666667 0.345703125 0.011458333333333333 0.05859375
1 0.37135416666666665 0.314453125 0.009375 0.05078125
1 0.41875 0.302734375 0.00625 0.03515625
1 0.46041666666666664 0.2890625 0.00625 0.03125
1 0.50625 0.287109375 0.00625 0.03515625
1 0.5369791666666667 0.2890625 0.005208333333333333 0.03125
1 0.5609375 0.271484375 0.005208333333333333 0.02734375
1 0.571875 0.27734375 0.00625 0.03125
2 0.6473958333333333 0.267578125 0.005208333333333333 0.02734375
2 0.6557291666666667 0.29296875 0.007291666666666667 0.0390625
2 0.46145833333333336 0.380859375 0.0125 0.06640625
2 0.4635416666666667 0.3515625 0.0125 0.0546875
2 0.4984375 0.45703125 0.019791666666666666 0.1015625
2 0.47760416666666666 0.33203125 0.009375 0.046875
2 0.4947916666666667 0.318359375 0.008333333333333333 0.04296875
2 0.5130208333333334 0.30859375 0.007291666666666667 0.0390625
2 0.5515625 0.3125 0.007291666666666667 0.0390625
2 0.603125 0.310546875 0.008333333333333333 0.04296875
2 0.6364583333333333 0.306640625 0.008333333333333333 0.04296875
2 0.6729166666666667 0.63671875 0.035416666666666666 0.1640625
