0 0.09895833333333333 0.419921875 0.027083333333333334 0.12109375
0 0.20364583333333333 0.35546875 0.019791666666666666 0.09375
0 0.37604166666666666 0.423828125 0.025 0.11328125
0 0.40260416666666665 0.361328125 0.015625 0.08203125
2 0.41041666666666665 0.275390625 0.010416666666666666 0.05859375
2 0.4270833333333333 0.302734375 0.0125 0.07421875
2 0.4421875 0.2578125 0.009375 0.046875
2 0.49583333333333335 0.25 0.008333333333333333 0.0390625
1 0.5072916666666667 0.279296875 0.008333333333333333 0.04296875
1 0.5192708333333333 0.265625 0.009375 0.0390625
1 0.5338541666666666 0.298828125 0.011458333333333333 0.05078125
2 0.5578125 0.359375 0.015625 0.0703125
2 0.5973958333333333 0.369140625 0.017708333333333333 0.08203125
1 0.6125 0.4453125 0.01875 0.1015625
1 0.6416666666666667 0.43359375 0.01875 0.09375
1 0.6598958333333333 0.337890625 0.013541666666666667 0.05859375
1 0.8244791666666667 0.365234375 0.013541666666666667 0.06640625
2 0.9052083333333333 0.6171875 0.03958333333333333 0.171875
3 0.8958333333333334 0.353515625 0.020833333333333332 0.11328125
1 0.9578125 0.373046875 0.015625 0.07421875
1 0.9739583333333334 0.30078125 0.010416666666666666 0.0390625
2 0.9291666666666667 0.28125 0.010416666666666666 0.0390625
1 0.884375 0.28515625 0.008333333333333333 0.0390625
2 0.8026041666666667 0.263671875 0.007291666666666667 0.03515625
1 0.7848958333333333 0.267578125 0.007291666666666667 0.03515625
1 0.5536458333333333 0.259765625 0.007291666666666667 0.03515625
2 0.565625 0.24609375 0.008333333333333333 0.03125
1 0.6026041666666667 0.255859375 0.007291666666666667 0.03515625
1 0.6572916666666667 0.2578125 0.008333333333333333 0.0390625
1 0.7125 0.263671875 0.00625 0.03515625
2 0.6390625 0.251953125 0.009375 0.04296875
2 0.7041666666666667 0.255859375 0.008333333333333333 0.03515625
