1 0.40520833333333334 0.505859375 0.016666666666666666 0.10546875
1 0.45677083333333335 0.416015625 0.011458333333333333 0.07421875
2 0.7375 0.5546875 0.014583333333333334 0.125
2 0.6578125 0.419921875 0.011458333333333333 0.08984375
2 0.6276041666666666 0.37109375 0.009375 0.0546875
1 0.4869791666666667 0.353515625 0.009375 0.05078125
1 0.37604166666666666 0.32421875 0.008333333333333333 0.0546875
2 0.47552083333333334 0.306640625 0.007291666666666667 0.04296875
2 0.5713541666666667 0.3125 0.007291666666666667 0.046875
2 0.5203125 0.314453125 0.005208333333333333 0.03515625
