1 0.24114583333333334 0.6875 0.040625 0.203125
1 0.4328125 0.419921875 0.015625 0.08984375
1 0.47552083333333334 0.3671875 0.009375 0.0625
1 0.5026041666666666 0.337890625 0.007291666666666667 0.04296875
1 0.5182291666666666 0.32421875 0.007291666666666667 0.0390625
1 0.4630208333333333 0.30078125 0.005208333333333333 0.03125
1 0.5302083333333333 0.310546875 0.004166666666666667 0.02734375
2 0.609375 0.310546875 0.00625 0.03515625
2 0.6135416666666667 0.322265625 0.00625 0.03515625
2 0.6213541666666667 0.3359375 0.009375 0.046875
2 0.6348958333333333 0.36328125 0.011458333333333333 0.0625
2 0.6697916666666667 0.4296875 0.01875 0.0859375
2 0.8166666666666667 0.673828125 0.03958333333333333 0.18359375
