1 0.021875 0.4140625 0.022916666666666665 0.109375
1 0.13489583333333333 0.474609375 0.026041666666666668 0.12890625
1 0.18177083333333333 0.689453125 0.042708333333333334 0.20703125
2 0.21770833333333334 0.349609375 0.016666666666666666 0.08203125
2 0.3692708333333333 0.390625 0.021875 0.09375
2 0.5609375 0.552734375 0.030208333333333334 0.15234375
2 0.5958333333333333 0.61328125 0.035416666666666666 0.1796875
0 0.625 0.455078125 0.022916666666666665 0.10546875
0 0.6364583333333333 0.384765625 0.016666666666666666 0.07421875
0 0.6401041666666667 0.345703125 0.013541666666666667 0.06640625
0 0.6453125 0.3203125 0.011458333333333333 0.0625
0 0.6901041666666666 0.32421875 0.011458333333333333 0.0625
0 0.7302083333333333 0.326171875 0.0125 0.06640625
0 0.771875 0.33203125 0.0125 0.0625
0 0.8 0.365234375 0.016666666666666666 0.07421875
0 0.8223958333333333 0.400390625 0.019791666666666666 0.08984375
0 0.8786458333333333 0.48828125 0.028125 0.1171875
