1 0.2234375 0.779296875 0.057291666666666664 0.26953125
1 0.3802083333333333 0.44140625 0.022916666666666665 0.125
1 0.20260416666666667 0.369140625 0.017708333333333333 0.09765625
1 0.18697916666666667 0.298828125 0.015625 0.06640625
2 0.8010416666666667 0.802734375 0.058333333333333334 0.26953125
2 0.6375 0.478515625 0.025 0.12109375
2 0.6380208333333334 0.486328125 0.023958333333333335 0.12109375
2 0.6161458333333333 0.400390625 0.017708333333333333 0.08984375
2 0.5239583333333333 0.345703125 0.014583333333333334 0.06640625
2 0.44947916666666665 0.333984375 0.013541666666666667 0.06640625
2 0.3848958333333333 0.326171875 0.017708333333333333 0.06640625
