2 0.21614583333333334 0.69921875 0.04895833333333333 0.234375
2 0.0625 0.404296875 0.025 0.12109375
2 0.08020833333333334 0.322265625 0.016666666666666666 0.08203125
2 0.09114583333333333 0.26953125 0.011458333333333333 0.0546875
2 0.1078125 0.2421875 0.009375 0.046875
2 0.14270833333333333 0.228515625 0.008333333333333333 0.04296875
2 0.17916666666666667 0.22265625 0.00625 0.0390625
2 0.3328125 0.28125 0.009375 0.0546875
2 0.3234375 0.306640625 0.011458333333333333 0.05859375
2 0.228125 0.21484375 0.008333333333333333 0.0390625
1 0.5994791666666667 0.6796875 0.03854166666666667 0.203125
1 0.8369791666666667 0.423828125 0.019791666666666666 0.08984375
1 0.9526041666666667 0.36328125 0.013541666666666667 0.0703125
