2 0.0125 0.24609375 0.008333333333333333 0.0390625
2 0.025 0.236328125 0.008333333333333333 0.04296875
2 0.014583333333333334 0.341796875 0.01875 0.06640625
2 0.0125 0.2109375 0.00625 0.03125
2 0.018229166666666668 0.2109375 0.007291666666666667 0.03125
1 0.07447916666666667 0.2109375 0.007291666666666667 0.03125
1 0.0828125 0.216796875 0.007291666666666667 0.02734375
1 0.09010416666666667 0.21875 0.007291666666666667 0.03125
1 0.09791666666666667 0.228515625 0.00625 0.03515625
1 0.10364583333333334 0.234375 0.007291666666666667 0.03125
1 0.10572916666666667 0.26953125 0.007291666666666667 0.0390625
1 0.11666666666666667 0.251953125 0.008333333333333333 0.03515625
2 0.12239583333333333 0.271484375 0.009375 0.04296875
1 0.13802083333333334 0.26953125 0.013541666666666667 0.046875
1 0.15572916666666667 0.267578125 0.009375 0.03515625
2 0.16822916666666668 0.275390625 0.009375 0.03515625
2 0.16770833333333332 0.34765625 0.01875 0.0703125
1 0.20260416666666667 0.26171875 0.009375 0.03125
2 0.2234375 0.27734375 0.009375 0.0390625
2 0.265625 0.283203125 0.008333333333333333 0.04296875
1 0.275 0.267578125 0.008333333333333333 0.03515625
2 0.30416666666666664 0.2890625 0.010416666666666666 0.046875
1 0.3333333333333333 0.26953125 0.00625 0.0390625
2 0.3546875 0.30078125 0.011458333333333333 0.046875
1 0.384375 0.28125 0.008333333333333333 0.03125
2 0.4171875 0.318359375 0.013541666666666667 0.05078125
1 0.4322916666666667 0.298828125 0.008333333333333333 0.04296875
1 0.49114583333333334 0.31640625 0.009375 0.046875
2 0.5036458333333333 0.3515625 0.011458333333333333 0.0546875
1 0.5911458333333334 0.34765625 0.009375 0.046875
2 0.5963541666666666 0.390625 0.013541666666666667 0.0625
1 0.6932291666666667 0.3828125 0.011458333333333333 0.0546875
2 0.7598958333333333 0.4609375 0.023958333333333335 0.078125
1 0.08645833333333333 0.267578125 0.008333333333333333 0.03515625
1 0.019791666666666666 0.458984375 0.027083333333333334 0.12890625
1 0.08020833333333334 0.521484375 0.035416666666666666 0.15234375
1 0.0296875 0.75390625 0.04895833333333333 0.2578125
2 0.3177083333333333 0.376953125 0.016666666666666666 0.08203125
2 0.4671875 0.4375 0.021875 0.1171875
2 0.6890625 0.580078125 0.03854166666666667 0.16796875
1 0.9270833333333334 0.474609375 0.01875 0.08984375
