2 0.4546875 0.439453125 0.019791666666666666 0.10546875
0 0.8140625 0.580078125 0.023958333333333335 0.13671875
2 0.7567708333333333 0.80859375 0.04895833333333333 0.25
1 0.1328125 0.92578125 0.028125 0.140625
1 0.1703125 0.546875 0.026041666666666668 0.140625
2 0.2942708333333333 0.369140625 0.011458333333333333 0.07421875
1 0.07447916666666667 0.427734375 0.019791666666666666 0.11328125
2 0.08958333333333333 0.3359375 0.0125 0.0625
2 0.8536458333333333 0.91015625 0.030208333333333334 0.171875
0 0.7869791666666667 0.35546875 0.013541666666666667 0.078125
0 0.7901041666666667 0.396484375 0.017708333333333333 0.08984375
0 0.8 0.45703125 0.022916666666666665 0.109375
0 0.8135416666666667 0.58203125 0.03333333333333333 0.15625
0 0.8473958333333333 0.3671875 0.017708333333333333 0.078125
0 0.9052083333333333 0.37109375 0.016666666666666666 0.078125
