1 0.057291666666666664 0.720703125 0.06041666666666667 0.24609375
1 0.06770833333333333 0.5546875 0.03958333333333333 0.1640625
2 0.16354166666666667 0.359375 0.020833333333333332 0.078125
2 0.2911458333333333 0.28515625 0.011458333333333333 0.0390625
2 0.24322916666666666 0.27734375 0.009375 0.0390625
2 0.2942708333333333 0.38671875 0.023958333333333335 0.078125
2 0.33229166666666665 0.28515625 0.008333333333333333 0.0390625
1 0.36770833333333336 0.26953125 0.00625 0.03125
2 0.38177083333333334 0.291015625 0.009375 0.04296875
2 0.4197916666666667 0.298828125 0.010416666666666666 0.04296875
2 0.4578125 0.306640625 0.011458333333333333 0.05078125
1 0.43333333333333335 0.28125 0.008333333333333333 0.03125
2 0.45416666666666666 0.4375 0.027083333333333334 0.109375
1 0.4895833333333333 0.287109375 0.008333333333333333 0.03515625
2 0.509375 0.322265625 0.0125 0.05078125
1 0.54375 0.30078125 0.008333333333333333 0.03125
2 0.5802083333333333 0.34765625 0.014583333333333334 0.0625
1 0.5984375 0.3203125 0.009375 0.0390625
1 0.5979166666666667 0.3203125 0.008333333333333333 0.0390625
1 0.671875 0.349609375 0.010416666666666666 0.04296875
2 0.6958333333333333 0.408203125 0.016666666666666666 0.08203125
2 0.6697916666666667 0.59375 0.041666666666666664 0.171875
1 0.8145833333333333 0.404296875 0.014583333333333334 0.06640625
2 0.8526041666666667 0.490234375 0.028125 0.10546875
