2 0.0296875 0.26171875 0.011458333333333333 0.0625
1 0.028125 0.36328125 0.022916666666666665 0.109375
1 0.0984375 0.408203125 0.023958333333333335 0.11328125
1 0.1421875 0.517578125 0.03229166666666667 0.15234375
2 0.18177083333333333 0.26953125 0.013541666666666667 0.0625
2 0.30364583333333334 0.298828125 0.015625 0.06640625
2 0.44114583333333335 0.357421875 0.015625 0.08984375
2 0.61875 0.474609375 0.020833333333333332 0.12109375
2 0.61875 0.47265625 0.022916666666666665 0.125
2 0.8864583333333333 0.798828125 0.052083333333333336 0.23828125
