1 0.140625 0.619140625 0.041666666666666664 0.18359375
1 0.075 0.501953125 0.03125 0.12890625
1 0.028125 0.431640625 0.025 0.10546875
1 0.016145833333333335 0.40625 0.019791666666666666 0.078125
1 0.0375 0.376953125 0.016666666666666666 0.06640625
1 0.0890625 0.3515625 0.013541666666666667 0.0546875
1 0.20520833333333333 0.326171875 0.010416666666666666 0.04296875
2 0.29791666666666666 0.3515625 0.0125 0.0546875
2 0.30625 0.365234375 0.0125 0.05078125
2 0.31927083333333334 0.34765625 0.011458333333333333 0.046875
2 0.3515625 0.37890625 0.015625 0.0703125
2 0.4375 0.412109375 0.022916666666666665 0.08984375
2 0.621875 0.509765625 0.03125 0.13671875
2 0.37135416666666665 0.33984375 0.011458333333333333 0.046875
2 0.42135416666666664 0.333984375 0.009375 0.04296875
2 0.5020833333333333 0.330078125 0.008333333333333333 0.03515625
2 0.571875 0.330078125 0.008333333333333333 0.03515625
