1 0.016666666666666666 0.298828125 0.01875 0.08984375
1 0.04010416666666667 0.716796875 0.05520833333333333 0.22265625
2 0.1 0.22265625 0.010416666666666666 0.046875
2 0.11927083333333334 0.21875 0.007291666666666667 0.0390625
2 0.11510416666666666 0.232421875 0.009375 0.05078125
1 0.125 0.345703125 0.020833333333333332 0.08984375
1 0.15989583333333332 0.439453125 0.026041666666666668 0.12890625
2 0.17083333333333334 0.21484375 0.008333333333333333 0.0390625
2 0.17604166666666668 0.24609375 0.010416666666666666 0.046875
2 0.22083333333333333 0.212890625 0.008333333333333333 0.04296875
2 0.2677083333333333 0.263671875 0.0125 0.05859375
2 0.3958333333333333 0.3046875 0.014583333333333334 0.0703125
2 0.5098958333333333 0.392578125 0.017708333333333333 0.08984375
2 0.7895833333333333 0.298828125 0.010416666666666666 0.04296875
2 0.7244791666666667 0.638671875 0.036458333333333336 0.17578125
1 0.903125 0.296875 0.008333333333333333 0.0390625
1 0.9265625 0.322265625 0.009375 0.04296875
2 0.9458333333333333 0.375 0.014583333333333334 0.0625
2 0.8052083333333333 0.28515625 0.008333333333333333 0.0390625
