1 0.35520833333333335 0.53125 0.022916666666666665 0.1328125
1 0.41041666666666665 0.40625 0.014583333333333334 0.0703125
1 0.44114583333333335 0.349609375 0.007291666666666667 0.05078125
1 0.5276041666666667 0.322265625 0.007291666666666667 0.04296875
1 0.6421875 0.318359375 0.007291666666666667 0.04296875
1 0.7203125 0.326171875 0.007291666666666667 0.04296875
1 0.8208333333333333 0.33984375 0.008333333333333333 0.046875
2 0.8651041666666667 0.40625 0.015625 0.078125
2 0.803125 0.541015625 0.027083333333333334 0.12890625
2 0.7390625 0.375 0.013541666666666667 0.0625
2 0.6692708333333334 0.365234375 0.011458333333333333 0.05859375
2 0.7 0.41796875 0.016666666666666666 0.0859375
