3 0.35859375 0.6092592592592593 0.016145833333333335 0.05185185185185185
3 0.38046875 0.6171296296296296 0.018229166666666668 0.06018518518518518
3 0.5135416666666667 0.6083333333333333 0.019791666666666666 0.05740740740740741
3 0.5411458333333333 0.6296296296296297 0.022916666666666665 0.07777777777777778
0 0.5671875 0.6574074074074074 0.021875 0.05185185185185185
3 0.6130208333333333 0.6888888888888889 0.03958333333333333 0.11666666666666667
0 0.7203125 0.750462962962963 0.041666666666666664 0.09166666666666666
2 0.93984375 0.9152777777777777 0.0671875 0.14907407407407408
1 0.5598958333333334 0.6953703703703704 0.029166666666666667 0.06851851851851852
0 0.35546875 0.6550925925925926 0.018229166666666668 0.04537037037037037
3 0.2989583333333333 0.6342592592592593 0.01875 0.06851851851851852
3 0.2765625 0.6597222222222222 0.027083333333333334 0.08611111111111111
0 0.11953125 0.725925925925926 0.0296875 0.07222222222222222
0 0.18125 0.825 0.04791666666666667 0.1111111111111111
0 0.23645833333333333 0.6939814814814815 0.023958333333333335 0.058333333333333334
2 0.5046875 0.6328703703703704 0.016666666666666666 0.04537037037037037
