2 0.1671875 0.87109375 0.053125 0.234375
1 0.0546875 0.30078125 0.013541666666666667 0.0546875
2 0.07395833333333333 0.48828125 0.035416666666666666 0.15625
2 0.12083333333333333 0.392578125 0.025 0.09765625
2 0.16354166666666667 0.3515625 0.016666666666666666 0.078125
1 0.18854166666666666 0.2890625 0.010416666666666666 0.046875
2 0.18697916666666667 0.34375 0.013541666666666667 0.0703125
2 0.2671875 0.3359375 0.015625 0.0625
1 0.7088541666666667 0.5 0.023958333333333335 0.109375
1 0.8026041666666667 0.435546875 0.019791666666666666 0.10546875
1 0.9171875 0.412109375 0.015625 0.08203125
