2 0.016145833333333335 0.298828125 0.015625 0.06640625
1 0.05260416666666667 0.392578125 0.019791666666666666 0.08984375
2 0.06927083333333334 0.228515625 0.009375 0.03515625
1 0.09114583333333333 0.22265625 0.007291666666666667 0.03125
2 0.14791666666666667 0.236328125 0.00625 0.02734375
2 0.15833333333333333 0.291015625 0.010416666666666666 0.05078125
1 0.1609375 0.466796875 0.026041666666666668 0.11328125
1 0.18958333333333333 0.669921875 0.04791666666666667 0.20703125
1 0.19010416666666666 0.234375 0.007291666666666667 0.03125
2 0.20729166666666668 0.24609375 0.00625 0.03125
2 0.23020833333333332 0.279296875 0.008333333333333333 0.04296875
2 0.24322916666666666 0.255859375 0.007291666666666667 0.03515625
2 0.25416666666666665 0.265625 0.008333333333333333 0.0390625
1 0.25 0.306640625 0.010416666666666666 0.05078125
2 0.24895833333333334 0.341796875 0.014583333333333334 0.06640625
1 0.26614583333333336 0.2421875 0.005208333333333333 0.03125
1 0.31875 0.25 0.00625 0.03125
1 0.334375 0.283203125 0.008333333333333333 0.04296875
1 0.3458333333333333 0.265625 0.00625 0.0390625
0 0.34479166666666666 0.310546875 0.010416666666666666 0.05078125
0 0.359375 0.33984375 0.0125 0.0625
2 0.4119791666666667 0.3984375 0.017708333333333333 0.0859375
0 0.41510416666666666 0.306640625 0.011458333333333333 0.05078125
0 0.440625 0.337890625 0.0125 0.05859375
2 0.6166666666666667 0.564453125 0.029166666666666667 0.15234375
0 0.7604166666666666 0.396484375 0.014583333333333334 0.08984375
