1 0.06041666666666667 0.5234375 0.03958333333333333 0.1640625
1 0.11041666666666666 0.619140625 0.05 0.19921875
2 0.10364583333333334 0.30859375 0.017708333333333333 0.078125
2 0.24479166666666666 0.361328125 0.020833333333333332 0.08203125
2 0.3723958333333333 0.400390625 0.023958333333333335 0.09765625
2 0.5515625 0.484375 0.034375 0.1484375
1 0.44895833333333335 0.2734375 0.008333333333333333 0.0390625
2 0.4635416666666667 0.296875 0.008333333333333333 0.046875
2 0.5041666666666667 0.302734375 0.010416666666666666 0.05078125
1 0.5161458333333333 0.28515625 0.007291666666666667 0.0390625
2 0.5432291666666667 0.314453125 0.011458333333333333 0.05859375
1 0.5765625 0.294921875 0.009375 0.04296875
2 0.6015625 0.337890625 0.015625 0.05859375
1 0.6354166666666666 0.310546875 0.010416666666666666 0.05078125
2 0.6864583333333333 0.375 0.01875 0.078125
1 0.7005208333333334 0.3359375 0.009375 0.0546875
1 0.790625 0.375 0.014583333333333334 0.0625
2 0.8427083333333333 0.453125 0.022916666666666665 0.1171875
2 0.8817708333333333 0.7578125 0.05520833333333333 0.2578125
