1 0.31875 0.595703125 0.029166666666666667 0.15234375
1 0.4666666666666667 0.435546875 0.016666666666666666 0.08984375
1 0.565625 0.375 0.0125 0.0703125
1 0.6765625 0.341796875 0.009375 0.05078125
1 0.775 0.341796875 0.008333333333333333 0.05078125
1 0.8338541666666667 0.31640625 0.007291666666666667 0.0390625
1 0.8880208333333334 0.349609375 0.011458333333333333 0.05078125
2 0.8859375 0.4296875 0.017708333333333333 0.078125
2 0.8328125 0.451171875 0.019791666666666666 0.09765625
2 0.7958333333333333 0.486328125 0.022916666666666665 0.10546875
2 0.8083333333333333 0.595703125 0.03333333333333333 0.15234375
