2 0.15572916666666667 0.271484375 0.015625 0.07421875
2 0.26666666666666666 0.328125 0.01875 0.0859375
2 0.39375 0.41015625 0.022916666666666665 0.109375
2 0.546875 0.515625 0.0375 0.15625
1 0.6479166666666667 0.291015625 0.008333333333333333 0.04296875
2 0.6682291666666667 0.322265625 0.011458333333333333 0.05078125
2 0.7255208333333333 0.34375 0.013541666666666667 0.0625
1 0.7354166666666667 0.314453125 0.010416666666666666 0.05078125
2 0.7880208333333333 0.365234375 0.015625 0.07421875
1 0.825 0.333984375 0.010416666666666666 0.05078125
2 0.896875 0.4140625 0.022916666666666665 0.09375
1 0.93125 0.369140625 0.014583333333333334 0.06640625
