1 0.39739583333333334 0.4921875 0.019791666666666666 0.109375
1 0.4942708333333333 0.37890625 0.011458333333333333 0.0625
1 0.5265625 0.345703125 0.009375 0.05078125
1 0.5494791666666666 0.32421875 0.007291666666666667 0.0390625
1 0.5625 0.31640625 0.00625 0.0390625
2 0.6489583333333333 0.3125 0.00625 0.03125
2 0.6536458333333334 0.326171875 0.007291666666666667 0.04296875
2 0.6614583333333334 0.341796875 0.010416666666666666 0.05078125
2 0.6802083333333333 0.384765625 0.014583333333333334 0.06640625
2 0.7473958333333334 0.50390625 0.023958333333333335 0.109375
