1 0.07447916666666667 0.646484375 0.04895833333333333 0.19921875
1 0.057291666666666664 0.52734375 0.03333333333333333 0.15625
2 0.12083333333333333 0.35546875 0.020833333333333332 0.078125
2 0.2557291666666667 0.375 0.021875 0.0859375
2 0.40989583333333335 0.416015625 0.021875 0.09765625
2 0.5947916666666667 0.525390625 0.035416666666666666 0.14453125
2 0.7567708333333333 0.451171875 0.021875 0.08984375
1 0.884375 0.439453125 0.014583333333333334 0.07421875
1 0.7375 0.38671875 0.014583333333333334 0.0703125
2 0.6307291666666667 0.38671875 0.015625 0.0703125
1 0.6125 0.3359375 0.0125 0.046875
2 0.5286458333333334 0.33984375 0.013541666666666667 0.0546875
2 0.24322916666666666 0.28125 0.009375 0.0390625
2 0.28541666666666665 0.283203125 0.008333333333333333 0.04296875
2 0.33541666666666664 0.2890625 0.010416666666666666 0.0390625
2 0.37447916666666664 0.294921875 0.009375 0.04296875
2 0.4114583333333333 0.302734375 0.010416666666666666 0.04296875
2 0.46197916666666666 0.31640625 0.011458333333333333 0.0546875
1 0.5463541666666667 0.3125 0.009375 0.0390625
1 0.4947916666666667 0.296875 0.010416666666666666 0.0390625
1 0.4421875 0.28515625 0.009375 0.03125
1 0.38645833333333335 0.27734375 0.008333333333333333 0.03125
1 0.31979166666666664 0.26953125 0.008333333333333333 0.03125
