1 0.041666666666666664 0.41796875 0.022916666666666665 0.109375
2 0.0453125 0.263671875 0.009375 0.04296875
2 0.053125 0.236328125 0.008333333333333333 0.03515625
2 0.07083333333333333 0.25 0.008333333333333333 0.0390625
1 0.0828125 0.2890625 0.011458333333333333 0.0546875
2 0.09322916666666667 0.31640625 0.015625 0.0703125
1 0.12760416666666666 0.52734375 0.03229166666666667 0.1484375
1 0.146875 0.232421875 0.00625 0.03515625
1 0.17239583333333333 0.26171875 0.007291666666666667 0.0390625
1 0.18125 0.244140625 0.00625 0.03515625
0 0.18385416666666668 0.28125 0.009375 0.046875
0 0.2 0.306640625 0.0125 0.05859375
0 0.27291666666666664 0.27734375 0.010416666666666666 0.046875
2 0.27395833333333336 0.349609375 0.016666666666666666 0.07421875
0 0.296875 0.29296875 0.010416666666666666 0.0546875
2 0.4473958333333333 0.4296875 0.021875 0.109375
3 0.6010416666666667 0.2890625 0.0125 0.0859375
2 0.7536458333333333 0.76171875 0.04895833333333333 0.2421875
