1 0.0484375 0.251953125 0.011458333333333333 0.05859375
2 0.09427083333333333 0.232421875 0.013541666666666667 0.05078125
1 0.17447916666666666 0.251953125 0.009375 0.05078125
1 0.24322916666666666 0.5234375 0.034375 0.15625
2 0.23385416666666667 0.232421875 0.009375 0.04296875
1 0.2734375 0.263671875 0.011458333333333333 0.05078125
1 0.34270833333333334 0.28125 0.0125 0.0625
2 0.3567708333333333 0.24609375 0.011458333333333333 0.046875
3 0.3453125 0.400390625 0.030208333333333334 0.18359375
1 0.3885416666666667 0.314453125 0.014583333333333334 0.07421875
3 0.3963541666666667 0.314453125 0.019791666666666666 0.12109375
1 0.38645833333333335 0.37890625 0.016666666666666666 0.1015625
2 0.45208333333333334 0.265625 0.010416666666666666 0.0546875
0 0.4609375 0.244140625 0.009375 0.04296875
0 0.4734375 0.228515625 0.009375 0.04296875
0 0.478125 0.21875 0.008333333333333333 0.0390625
0 0.5583333333333333 0.25 0.008333333333333333 0.046875
1 0.5635416666666667 0.271484375 0.010416666666666666 0.05078125
3 0.6182291666666667 0.33203125 0.019791666666666666 0.125
2 0.6223958333333334 0.390625 0.019791666666666666 0.09375
1 0.6588541666666666 0.251953125 0.009375 0.04296875
2 0.6661458333333333 0.296875 0.011458333333333333 0.0625
3 0.6619791666666667 0.416015625 0.030208333333333334 0.18359375
2 0.7697916666666667 0.54296875 0.029166666666666667 0.15625
2 0.7380208333333333 0.28125 0.011458333333333333 0.0546875
1 0.7703125 0.248046875 0.009375 0.04296875
2 0.828125 0.283203125 0.0125 0.05859375
1 0.9036458333333334 0.25390625 0.009375 0.046875
2 0.9416666666666667 0.2890625 0.0125 0.0546875
