2 0.057291666666666664 0.296875 0.008333333333333333 0.046875
2 0.09427083333333333 0.3046875 0.007291666666666667 0.046875
2 0.15833333333333333 0.30859375 0.010416666666666666 0.0546875
2 0.20520833333333333 0.306640625 0.008333333333333333 0.05078125
1 0.22708333333333333 0.37109375 0.014583333333333334 0.078125
2 0.26145833333333335 0.296875 0.008333333333333333 0.046875
1 0.3796875 0.474609375 0.021875 0.11328125
1 0.3963541666666667 0.328125 0.011458333333333333 0.0625
1 0.4671875 0.291015625 0.009375 0.05078125
1 0.49947916666666664 0.267578125 0.007291666666666667 0.04296875
1 0.5255208333333333 0.39453125 0.015625 0.0859375
1 0.51875 0.2578125 0.00625 0.0390625
1 0.5296875 0.251953125 0.005208333333333333 0.03515625
1 0.6463541666666667 0.3359375 0.011458333333333333 0.0703125
1 0.7723958333333333 0.298828125 0.009375 0.05859375
1 0.86875 0.298828125 0.008333333333333333 0.05078125
1 0.9505208333333334 0.296875 0.009375 0.046875
1 0.5640625 0.251953125 0.007291666666666667 0.03515625
1 0.6109375 0.251953125 0.005208333333333333 0.02734375
1 0.6651041666666667 0.25 0.005208333333333333 0.0234375
1 0.6973958333333333 0.24609375 0.005208333333333333 0.0234375
1 0.7385416666666667 0.244140625 0.004166666666666667 0.02734375
1 0.7994791666666666 0.24609375 0.005208333333333333 0.03125
1 0.871875 0.25 0.00625 0.0234375
1 0.9291666666666667 0.2578125 0.00625 0.0390625
