1 0.04114583333333333 0.35546875 0.015625 0.0703125
1 0.08385416666666666 0.34375 0.013541666666666667 0.0625
1 0.16041666666666668 0.33984375 0.0125 0.0546875
1 0.21822916666666667 0.58203125 0.03229166666666667 0.15625
1 0.2421875 0.337890625 0.009375 0.04296875
1 0.3229166666666667 0.330078125 0.008333333333333333 0.03515625
1 0.36354166666666665 0.322265625 0.00625 0.03515625
1 0.4125 0.322265625 0.008333333333333333 0.03515625
1 0.46927083333333336 0.42578125 0.017708333333333333 0.0859375
1 0.47552083333333334 0.322265625 0.007291666666666667 0.04296875
1 0.5447916666666667 0.326171875 0.008333333333333333 0.03515625
1 0.5765625 0.404296875 0.013541666666666667 0.06640625
1 0.5958333333333333 0.333984375 0.008333333333333333 0.04296875
1 0.625 0.345703125 0.008333333333333333 0.03515625
1 0.6442708333333333 0.388671875 0.011458333333333333 0.05859375
1 0.6546875 0.359375 0.009375 0.0390625
1 0.6713541666666667 0.380859375 0.007291666666666667 0.04296875
2 0.8078125 0.509765625 0.026041666666666668 0.12890625
2 0.8197916666666667 0.447265625 0.016666666666666666 0.07421875
2 0.8442708333333333 0.3984375 0.009375 0.046875
2 0.8395833333333333 0.41796875 0.014583333333333334 0.0546875
