2 0.03802083333333333 0.59765625 0.03854166666666667 0.1953125
2 0.06666666666666667 0.6484375 0.04375 0.203125
0 0.18385416666666668 0.451171875 0.028125 0.12109375
0 0.2296875 0.375 0.017708333333333333 0.09375
0 0.25052083333333336 0.3359375 0.015625 0.0703125
0 0.2677083333333333 0.306640625 0.010416666666666666 0.06640625
0 0.3145833333333333 0.306640625 0.0125 0.06640625
0 0.3541666666666667 0.3046875 0.0125 0.0625
0 0.390625 0.306640625 0.0125 0.05859375
0 0.40208333333333335 0.333984375 0.0125 0.06640625
0 0.4083333333333333 0.3671875 0.014583333333333334 0.078125
0 0.425 0.4296875 0.020833333333333332 0.109375
1 0.4484375 0.58203125 0.03229166666666667 0.15625
1 0.4895833333333333 0.513671875 0.025 0.13671875
1 0.6979166666666666 0.400390625 0.01875 0.08984375
1 0.8671875 0.3671875 0.017708333333333333 0.078125
2 0.8994791666666667 0.701171875 0.046875 0.21484375
2 0.9416666666666667 0.501953125 0.025 0.13671875
