1 0.09114583333333333 0.296875 0.011458333333333333 0.0546875
2 0.17291666666666666 0.267578125 0.010416666666666666 0.05078125
1 0.2109375 0.3125 0.011458333333333333 0.0625
3 0.2484375 0.546875 0.04895833333333333 0.2734375
1 0.2890625 0.33984375 0.013541666666666667 0.0625
2 0.31614583333333335 0.283203125 0.011458333333333333 0.05078125
1 0.340625 0.384765625 0.016666666666666666 0.08203125
1 0.325 0.490234375 0.027083333333333334 0.12109375
3 0.3484375 0.39453125 0.026041666666666668 0.1640625
2 0.42552083333333335 0.3125 0.011458333333333333 0.0546875
0 0.43645833333333334 0.291015625 0.008333333333333333 0.04296875
0 0.4432291666666667 0.2734375 0.007291666666666667 0.046875
0 0.4473958333333333 0.263671875 0.007291666666666667 0.04296875
0 0.45260416666666664 0.25390625 0.007291666666666667 0.046875
0 0.4578125 0.24609375 0.007291666666666667 0.046875
0 0.4630208333333333 0.236328125 0.007291666666666667 0.04296875
0 0.49166666666666664 0.23828125 0.008333333333333333 0.0390625
0 0.5192708333333333 0.23828125 0.005208333333333333 0.03125
0 0.5520833333333334 0.279296875 0.00625 0.03515625
0 0.553125 0.30078125 0.008333333333333333 0.0390625
1 0.5552083333333333 0.318359375 0.008333333333333333 0.05078125
2 0.6270833333333333 0.388671875 0.016666666666666666 0.08203125
3 0.6317708333333333 0.40625 0.023958333333333335 0.1640625
2 0.6520833333333333 0.501953125 0.027083333333333334 0.13671875
3 0.7442708333333333 0.5859375 0.04479166666666667 0.2890625
1 0.659375 0.296875 0.010416666666666666 0.046875
2 0.6760416666666667 0.3515625 0.0125 0.0625
2 0.7546875 0.33203125 0.011458333333333333 0.0625
1 0.7802083333333333 0.2890625 0.008333333333333333 0.046875
2 0.8526041666666667 0.330078125 0.011458333333333333 0.05859375
1 0.9260416666666667 0.30078125 0.008333333333333333 0.046875
