1 0.10677083333333333 0.85546875 0.059375 0.28125
1 0.3229166666666667 0.521484375 0.027083333333333334 0.12109375
1 0.40260416666666665 0.40625 0.013541666666666667 0.078125
1 0.4317708333333333 0.359375 0.009375 0.0546875
1 0.4786458333333333 0.328125 0.009375 0.046875
1 0.53125 0.306640625 0.008333333333333333 0.04296875
1 0.6015625 0.29296875 0.007291666666666667 0.0390625
1 0.6671875 0.291015625 0.007291666666666667 0.03515625
2 0.69375 0.3203125 0.008333333333333333 0.0390625
2 0.7614583333333333 0.318359375 0.008333333333333333 0.04296875
2 0.8447916666666667 0.31640625 0.008333333333333333 0.0390625
1 0.7421875 0.29296875 0.005208333333333333 0.03125
2 0.6083333333333333 0.34765625 0.010416666666666666 0.0546875
2 0.6260416666666667 0.330078125 0.010416666666666666 0.05078125
2 0.6541666666666667 0.32421875 0.008333333333333333 0.046875
2 0.6494791666666667 0.400390625 0.017708333333333333 0.07421875
2 0.7234375 0.490234375 0.023958333333333335 0.11328125
