1 0.075 0.59375 0.041666666666666664 0.1796875
1 0.10104166666666667 0.275390625 0.010416666666666666 0.05078125
1 0.22083333333333333 0.279296875 0.008333333333333333 0.04296875
1 0.3015625 0.28515625 0.009375 0.0546875
2 0.2682291666666667 0.267578125 0.007291666666666667 0.03515625
2 0.3619791666666667 0.275390625 0.005208333333333333 0.03515625
1 0.3734375 0.302734375 0.009375 0.05078125
1 0.36614583333333334 0.4375 0.021875 0.109375
1 0.41822916666666665 0.330078125 0.009375 0.06640625
3 0.40989583333333335 0.376953125 0.021875 0.13671875
3 0.428125 0.328125 0.016666666666666666 0.1015625
1 0.42604166666666665 0.376953125 0.014583333333333334 0.07421875
2 0.4552083333333333 0.296875 0.00625 0.0390625
2 0.4661458333333333 0.30078125 0.007291666666666667 0.0390625
0 0.4708333333333333 0.28515625 0.00625 0.0390625
0 0.478125 0.2578125 0.004166666666666667 0.03125
0 0.49947916666666664 0.26171875 0.005208333333333333 0.03125
0 0.51875 0.259765625 0.00625 0.02734375
0 0.5369791666666667 0.26171875 0.005208333333333333 0.03125
0 0.54375 0.275390625 0.00625 0.03515625
0 0.5494791666666666 0.287109375 0.005208333333333333 0.03515625
1 0.5520833333333334 0.302734375 0.008333333333333333 0.04296875
1 0.5666666666666667 0.298828125 0.008333333333333333 0.04296875
3 0.596875 0.341796875 0.014583333333333334 0.10546875
2 0.609375 0.345703125 0.010416666666666666 0.05859375
2 0.6109375 0.38671875 0.013541666666666667 0.078125
3 0.6453125 0.40234375 0.023958333333333335 0.1484375
2 0.6979166666666666 0.478515625 0.025 0.11328125
2 0.6567708333333333 0.3203125 0.009375 0.046875
1 0.6682291666666667 0.29296875 0.007291666666666667 0.0390625
2 0.7333333333333333 0.3125 0.008333333333333333 0.0390625
1 0.7755208333333333 0.294921875 0.007291666666666667 0.03515625
2 0.825 0.3125 0.00625 0.0390625
1 0.8890625 0.3046875 0.007291666666666667 0.0390625
2 0.9145833333333333 0.322265625 0.008333333333333333 0.04296875
2 0.13072916666666667 0.263671875 0.009375 0.04296875
