1 0.31979166666666664 0.6015625 0.025 0.15625
1 0.4479166666666667 0.443359375 0.016666666666666666 0.09765625
1 0.5046875 0.390625 0.011458333333333333 0.078125
1 0.5630208333333333 0.353515625 0.011458333333333333 0.05859375
1 0.6109375 0.330078125 0.011458333333333333 0.05078125
1 0.6515625 0.322265625 0.009375 0.04296875
1 0.6994791666666667 0.314453125 0.007291666666666667 0.04296875
2 0.7588541666666667 0.59765625 0.036458333333333336 0.1640625
2 0.7125 0.451171875 0.020833333333333332 0.10546875
2 0.6979166666666666 0.40234375 0.0125 0.0703125
2 0.7020833333333333 0.376953125 0.0125 0.06640625
2 0.73125 0.349609375 0.010416666666666666 0.04296875
