1 0.15260416666666668 0.755859375 0.06770833333333333 0.26171875
1 0.30520833333333336 0.529296875 0.03125 0.12109375
1 0.39010416666666664 0.443359375 0.019791666666666666 0.08203125
1 0.46979166666666666 0.380859375 0.016666666666666666 0.06640625
1 0.6010416666666667 0.361328125 0.014583333333333334 0.06640625
2 0.7317708333333334 0.458984375 0.021875 0.09765625
2 0.7536458333333333 0.505859375 0.023958333333333335 0.09765625
2 0.7671875 0.44140625 0.019791666666666666 0.0859375
2 0.8609375 0.443359375 0.019791666666666666 0.08203125
1 0.8515625 0.37109375 0.015625 0.0625
2 0.9078125 0.6796875 0.04895833333333333 0.1796875
