1 0.05 0.392578125 0.020833333333333332 0.09765625
2 0.08333333333333333 0.25 0.00625 0.03125
1 0.09427083333333333 0.2578125 0.007291666666666667 0.0390625
1 0.2109375 0.251953125 0.007291666666666667 0.03515625
2 0.22083333333333333 0.24609375 0.00625 0.03125
1 0.29635416666666664 0.25390625 0.005208333333333333 0.03125
2 0.32395833333333335 0.25 0.00625 0.03125
1 0.3307291666666667 0.35546875 0.015625 0.078125
1 0.3578125 0.2578125 0.007291666666666667 0.0390625
0 0.3848958333333333 0.54296875 0.028125 0.140625
2 0.39739583333333334 0.25390625 0.005208333333333333 0.03125
0 0.4 0.4140625 0.01875 0.09375
2 0.4 0.4140625 0.01875 0.09375
1 0.4125 0.267578125 0.00625 0.03515625
1 0.43333333333333335 0.322265625 0.010416666666666666 0.05859375
2 0.4390625 0.400390625 0.017708333333333333 0.08984375
1 0.4484375 0.28125 0.007291666666666667 0.0390625
3 0.45260416666666664 0.296875 0.011458333333333333 0.0859375
1 0.4583333333333333 0.30078125 0.008333333333333333 0.046875
3 0.45208333333333334 0.294921875 0.010416666666666666 0.08203125
2 0.46927083333333336 0.265625 0.005208333333333333 0.03125
2 0.47760416666666666 0.26953125 0.005208333333333333 0.03125
0 0.5015625 0.244140625 0.003125 0.01953125
0 0.5177083333333333 0.244140625 0.004166666666666667 0.01953125
0 0.5322916666666667 0.244140625 0.004166666666666667 0.02734375
1 0.5411458333333333 0.26953125 0.005208333333333333 0.03125
1 0.5526041666666667 0.265625 0.005208333333333333 0.03125
3 0.565625 0.28125 0.008333333333333333 0.0703125
2 0.5760416666666667 0.2890625 0.00625 0.0390625
2 0.5708333333333333 0.30859375 0.008333333333333333 0.0390625
3 0.5859375 0.3046875 0.013541666666666667 0.0859375
2 0.6057291666666667 0.3359375 0.011458333333333333 0.0546875
1 0.5958333333333333 0.404296875 0.016666666666666666 0.08203125
1 0.6260416666666667 0.41796875 0.01875 0.09375
0 0.6536458333333334 0.560546875 0.030208333333333334 0.15234375
2 0.7604166666666666 0.38671875 0.01875 0.0859375
0 0.48125 0.259765625 0.004166666666666667 0.02734375
2 0.6145833333333334 0.27734375 0.00625 0.03125
1 0.6307291666666667 0.26171875 0.005208333333333333 0.03125
2 0.6739583333333333 0.2734375 0.00625 0.03125
1 0.7145833333333333 0.265625 0.00625 0.03125
2 0.74375 0.275390625 0.00625 0.03515625
1 0.8005208333333333 0.26953125 0.005208333333333333 0.03125
2 0.8072916666666666 0.28125 0.00625 0.03125
2 0.9041666666666667 0.291015625 0.00625 0.03515625
1 0.9239583333333333 0.283203125 0.00625 0.03515625
