2 0.044270833333333336 0.23828125 0.011458333333333333 0.0546875
1 0.15052083333333333 0.623046875 0.042708333333333334 0.19921875
1 0.12916666666666668 0.26171875 0.0125 0.0546875
2 0.19895833333333332 0.23828125 0.0125 0.0546875
1 0.23697916666666666 0.2734375 0.011458333333333333 0.0625
3 0.2942708333333333 0.447265625 0.03229166666666667 0.21484375
1 0.31197916666666664 0.294921875 0.011458333333333333 0.06640625
2 0.3307291666666667 0.25390625 0.011458333333333333 0.0546875
1 0.35885416666666664 0.33203125 0.013541666666666667 0.078125
1 0.35052083333333334 0.416015625 0.019791666666666666 0.10546875
3 0.365625 0.333984375 0.020833333333333332 0.13671875
2 0.4322916666666667 0.275390625 0.010416666666666666 0.05859375
0 0.4427083333333333 0.25390625 0.010416666666666666 0.0546875
0 0.4552083333333333 0.232421875 0.008333333333333333 0.04296875
0 0.4609375 0.22265625 0.007291666666666667 0.0390625
0 0.4703125 0.212890625 0.007291666666666667 0.03515625
0 0.5453125 0.26171875 0.009375 0.046875
1 0.5510416666666667 0.28125 0.010416666666666666 0.046875
3 0.6135416666666667 0.357421875 0.020833333333333332 0.14453125
2 0.6197916666666666 0.42578125 0.020833333333333332 0.109375
1 0.6505208333333333 0.259765625 0.009375 0.05078125
2 0.6604166666666667 0.310546875 0.0125 0.05859375
3 0.6708333333333333 0.466796875 0.035416666666666666 0.21484375
2 0.7348958333333333 0.29296875 0.011458333333333333 0.0546875
2 0.7651041666666667 0.255859375 0.009375 0.04296875
2 0.8119791666666667 0.642578125 0.03854166666666667 0.19140625
2 0.828125 0.291015625 0.0125 0.05859375
1 0.9005208333333333 0.265625 0.009375 0.046875
2 0.9447916666666667 0.30078125 0.014583333333333334 0.0625
