0 0.3411458333333333 0.349609375 0.015625 0.08203125
0 0.3932291666666667 0.318359375 0.013541666666666667 0.07421875
1 0.4625 0.5703125 0.03125 0.15625
0 0.525 0.369140625 0.016666666666666666 0.08203125
0 0.540625 0.3359375 0.010416666666666666 0.0625
2 0.5395833333333333 0.267578125 0.008333333333333333 0.05078125
2 0.5557291666666667 0.29296875 0.009375 0.0546875
2 0.5661458333333333 0.255859375 0.007291666666666667 0.04296875
2 0.6161458333333333 0.25 0.007291666666666667 0.0390625
1 0.6265625 0.2734375 0.007291666666666667 0.046875
1 0.6385416666666667 0.263671875 0.008333333333333333 0.03515625
1 0.6510416666666666 0.291015625 0.010416666666666666 0.05078125
1 0.6713541666666667 0.2578125 0.007291666666666667 0.0390625
2 0.6713541666666667 0.33984375 0.013541666666666667 0.0703125
2 0.6838541666666667 0.25 0.007291666666666667 0.0390625
2 0.7057291666666666 0.349609375 0.013541666666666667 0.07421875
1 0.7213541666666666 0.259765625 0.007291666666666667 0.04296875
1 0.7151041666666667 0.400390625 0.019791666666666666 0.08984375
1 0.7416666666666667 0.39453125 0.016666666666666666 0.0859375
1 0.7697916666666667 0.33203125 0.0125 0.0625
2 0.7625 0.251953125 0.00625 0.03515625
1 0.7796875 0.26171875 0.007291666666666667 0.03125
2 0.8317708333333333 0.259765625 0.007291666666666667 0.03515625
2 0.8411458333333334 0.265625 0.007291666666666667 0.03125
1 0.9229166666666667 0.275390625 0.008333333333333333 0.03515625
2 0.9473958333333333 0.26953125 0.009375 0.0390625
1 0.9348958333333334 0.357421875 0.015625 0.07421875
2 0.9364583333333333 0.515625 0.027083333333333334 0.1328125
0 0.921875 0.75390625 0.041666666666666664 0.21875
