0 0.14583333333333334 0.447265625 0.022916666666666665 0.11328125
2 0.1578125 0.298828125 0.009375 0.05859375
2 0.1640625 0.345703125 0.013541666666666667 0.07421875
1 0.3072916666666667 0.291015625 0.008333333333333333 0.05078125
2 0.32447916666666665 0.41796875 0.021875 0.109375
1 0.34270833333333334 0.31640625 0.010416666666666666 0.0546875
1 0.36302083333333335 0.595703125 0.030208333333333334 0.17578125
1 0.4505208333333333 0.34375 0.011458333333333333 0.078125
1 0.6171875 0.35546875 0.013541666666666667 0.078125
3 0.7036458333333333 0.330078125 0.017708333333333333 0.11328125
1 0.7734375 0.34375 0.011458333333333333 0.0625
3 0.8296875 0.314453125 0.015625 0.10546875
1 0.853125 0.322265625 0.008333333333333333 0.05859375
1 0.8578125 0.29296875 0.009375 0.046875
2 0.878125 0.509765625 0.029166666666666667 0.13671875
2 0.8864583333333333 0.81640625 0.06041666666666667 0.2734375
3 0.9223958333333333 0.41796875 0.030208333333333334 0.171875
