1 0.16979166666666667 0.666015625 0.06041666666666667 0.19921875
1 0.39947916666666666 0.45703125 0.019791666666666666 0.109375
1 0.5645833333333333 0.3828125 0.0125 0.0703125
1 0.6567708333333333 0.34375 0.007291666666666667 0.0546875
1 0.6770833333333334 0.310546875 0.00625 0.04296875
1 0.6859375 0.318359375 0.007291666666666667 0.04296875
1 0.68125 0.330078125 0.00625 0.04296875
2 0.7645833333333333 0.52734375 0.020833333333333332 0.125
2 0.784375 0.419921875 0.014583333333333334 0.08203125
2 0.8479166666666667 0.7734375 0.05 0.2265625
2 0.8208333333333333 0.3515625 0.008333333333333333 0.046875
2 0.8244791666666667 0.365234375 0.009375 0.05859375
2 0.8151041666666666 0.375 0.009375 0.0625
2 0.7807291666666667 0.3359375 0.007291666666666667 0.0390625
