1 0.3203125 0.537109375 0.026041666666666668 0.14453125
1 0.4895833333333333 0.455078125 0.016666666666666666 0.08984375
1 0.5723958333333333 0.423828125 0.011458333333333333 0.06640625
1 0.5994791666666667 0.396484375 0.009375 0.05859375
1 0.5776041666666667 0.37109375 0.007291666666666667 0.046875
1 0.5432291666666667 0.34765625 0.007291666666666667 0.0390625
1 0.5088541666666667 0.33984375 0.007291666666666667 0.0390625
2 0.890625 0.7265625 0.04375 0.203125
2 0.7901041666666667 0.416015625 0.011458333333333333 0.05859375
2 0.8057291666666667 0.451171875 0.015625 0.07421875
2 0.8192708333333333 0.51953125 0.023958333333333335 0.109375
2 0.7411458333333333 0.3828125 0.009375 0.046875
2 0.6645833333333333 0.345703125 0.008333333333333333 0.04296875
