2 0.019791666666666666 0.248046875 0.0125 0.06640625
1 0.0390625 0.341796875 0.019791666666666666 0.09765625
1 0.11145833333333334 0.37890625 0.020833333333333332 0.1015625
1 0.165625 0.470703125 0.027083333333333334 0.13671875
1 0.13958333333333334 0.693359375 0.04791666666666667 0.22265625
2 0.17083333333333334 0.259765625 0.0125 0.05859375
2 0.28958333333333336 0.287109375 0.0125 0.06640625
2 0.4203125 0.337890625 0.015625 0.08203125
2 0.5760416666666667 0.43359375 0.020833333333333332 0.109375
2 0.7666666666666667 0.650390625 0.035416666666666666 0.19140625
