1 0.134375 0.529296875 0.035416666666666666 0.15234375
1 0.190625 0.4453125 0.027083333333333334 0.0859375
1 0.24479166666666666 0.3984375 0.020833333333333332 0.0859375
1 0.309375 0.353515625 0.0125 0.05078125
1 0.4239583333333333 0.337890625 0.008333333333333333 0.03515625
2 0.765625 0.642578125 0.052083333333333336 0.19140625
2 0.5833333333333334 0.470703125 0.022916666666666665 0.09765625
2 0.525 0.416015625 0.016666666666666666 0.07421875
2 0.5151041666666667 0.390625 0.011458333333333333 0.0703125
2 0.5411458333333333 0.380859375 0.013541666666666667 0.05859375
2 0.6036458333333333 0.375 0.013541666666666667 0.0546875
