1 0.1921875 0.330078125 0.009375 0.05859375
1 0.221875 0.359375 0.010416666666666666 0.0625
1 0.2604166666666667 0.41015625 0.0125 0.0859375
1 0.32916666666666666 0.474609375 0.016666666666666666 0.10546875
1 0.3453125 0.55078125 0.026041666666666668 0.140625
1 0.3140625 0.701171875 0.03854166666666667 0.20703125
2 0.31614583333333335 0.33984375 0.007291666666666667 0.046875
2 0.3546875 0.36328125 0.009375 0.0546875
2 0.44375 0.40234375 0.010416666666666666 0.0703125
2 0.5609375 0.46484375 0.013541666666666667 0.0859375
2 0.6817708333333333 0.55859375 0.021875 0.1171875
2 0.8286458333333333 0.763671875 0.040625 0.19140625
