1 0.0328125 0.44921875 0.023958333333333335 0.125
1 0.11041666666666666 0.484375 0.025 0.1328125
1 0.14427083333333332 0.580078125 0.03854166666666667 0.17578125
2 0.14635416666666667 0.345703125 0.015625 0.07421875
2 0.2755208333333333 0.365234375 0.015625 0.08203125
2 0.421875 0.400390625 0.01875 0.08984375
2 0.5953125 0.498046875 0.030208333333333334 0.14453125
2 0.7494791666666667 0.4375 0.015625 0.0859375
1 0.8708333333333333 0.4375 0.01875 0.078125
2 0.16770833333333332 0.24609375 0.008333333333333333 0.03125
2 0.17916666666666667 0.236328125 0.00625 0.02734375
2 0.17552083333333332 0.216796875 0.005208333333333333 0.02734375
2 0.18020833333333333 0.220703125 0.00625 0.01953125
2 0.18125 0.234375 0.00625 0.0234375
2 0.17083333333333334 0.21875 0.00625 0.0234375
1 0.22552083333333334 0.216796875 0.005208333333333333 0.01953125
1 0.23125 0.22265625 0.00625 0.0234375
1 0.23645833333333333 0.2265625 0.004166666666666667 0.0234375
1 0.24114583333333334 0.234375 0.005208333333333333 0.0234375
1 0.24479166666666666 0.240234375 0.00625 0.02734375
1 0.253125 0.25390625 0.00625 0.0234375
2 0.2557291666666667 0.28125 0.009375 0.0390625
2 0.2953125 0.27734375 0.007291666666666667 0.0390625
1 0.225 0.2734375 0.008333333333333333 0.03125
1 0.24166666666666667 0.27734375 0.008333333333333333 0.03125
1 0.26875 0.279296875 0.008333333333333333 0.02734375
1 0.2734375 0.259765625 0.007291666666666667 0.01953125
1 0.28541666666666665 0.279296875 0.008333333333333333 0.02734375
1 0.28802083333333334 0.259765625 0.005208333333333333 0.01953125
1 0.30052083333333335 0.26171875 0.005208333333333333 0.0234375
1 0.3067708333333333 0.26171875 0.005208333333333333 0.0234375
1 0.328125 0.263671875 0.00625 0.02734375
2 0.34427083333333336 0.283203125 0.007291666666666667 0.02734375
2 0.3828125 0.291015625 0.007291666666666667 0.03515625
1 0.3927083333333333 0.271484375 0.00625 0.03515625
2 0.41875 0.294921875 0.010416666666666666 0.04296875
1 0.4479166666666667 0.279296875 0.008333333333333333 0.03515625
2 0.46822916666666664 0.30859375 0.011458333333333333 0.046875
1 0.4984375 0.29296875 0.007291666666666667 0.0390625
2 0.5317708333333333 0.33203125 0.013541666666666667 0.0546875
1 0.5484375 0.30859375 0.009375 0.0390625
1 0.6130208333333333 0.333984375 0.009375 0.04296875
2 0.6296875 0.375 0.015625 0.0703125
1 0.7328125 0.376953125 0.013541666666666667 0.05859375
