1 0.16510416666666666 0.4609375 0.023958333333333335 0.1171875
2 0.20364583333333333 0.369140625 0.017708333333333333 0.08203125
0 0.3026041666666667 0.529296875 0.028125 0.14453125
2 0.3697916666666667 0.349609375 0.016666666666666666 0.07421875
1 0.4640625 0.322265625 0.011458333333333333 0.05078125
2 0.4791666666666667 0.27734375 0.008333333333333333 0.0390625
2 0.49270833333333336 0.294921875 0.010416666666666666 0.05078125
1 0.4859375 0.39453125 0.017708333333333333 0.0859375
0 0.4895833333333333 0.58984375 0.03333333333333333 0.1640625
1 0.5640625 0.279296875 0.007291666666666667 0.03515625
1 0.6052083333333333 0.302734375 0.010416666666666666 0.05078125
1 0.5989583333333334 0.34375 0.0125 0.0546875
