1 0.1453125 0.54296875 0.042708333333333334 0.1640625
1 0.20729166666666668 0.453125 0.029166666666666667 0.1015625
1 0.2640625 0.408203125 0.017708333333333333 0.07421875
1 0.3296875 0.36328125 0.013541666666666667 0.0625
1 0.4432291666666667 0.341796875 0.013541666666666667 0.04296875
2 0.5364583333333334 0.396484375 0.016666666666666666 0.06640625
2 0.5625 0.384765625 0.014583333333333334 0.06640625
2 0.5458333333333333 0.41796875 0.020833333333333332 0.078125
2 0.6088541666666667 0.48046875 0.026041666666666668 0.1171875
2 0.6276041666666666 0.380859375 0.013541666666666667 0.06640625
2 0.69375 0.380859375 0.0125 0.05078125
2 0.8130208333333333 0.673828125 0.059375 0.22265625
2 0.8119791666666667 0.67578125 0.057291666666666664 0.2109375
2 0.8135416666666667 0.68359375 0.058333333333333334 0.203125
