2 0.7114583333333333 0.458984375 0.01875 0.09765625
2 0.6453125 0.384765625 0.013541666666666667 0.07421875
2 0.6125 0.33984375 0.008333333333333333 0.046875
1 0.17916666666666667 0.75390625 0.041666666666666664 0.2265625
1 0.35625 0.455078125 0.016666666666666666 0.09765625
1 0.403125 0.376953125 0.010416666666666666 0.06640625
1 0.428125 0.333984375 0.008333333333333333 0.05078125
1 0.44947916666666665 0.306640625 0.007291666666666667 0.04296875
2 0.5921875 0.314453125 0.007291666666666667 0.04296875
2 0.9036458333333334 0.29296875 0.007291666666666667 0.0390625
2 0.7854166666666667 0.287109375 0.00625 0.03515625
2 0.5817708333333333 0.294921875 0.005208333333333333 0.03515625
2 0.5734375 0.283203125 0.005208333333333333 0.02734375
