1 0.04895833333333333 0.5390625 0.04583333333333333 0.171875
1 0.09479166666666666 0.65625 0.05625 0.2265625
2 0.11510416666666666 0.314453125 0.019791666666666666 0.08984375
2 0.25416666666666665 0.36328125 0.022916666666666665 0.1015625
2 0.38645833333333335 0.4140625 0.027083333333333334 0.1015625
2 0.5729166666666666 0.50390625 0.03125 0.1484375
2 0.8869791666666667 0.482421875 0.026041666666666668 0.11328125
2 0.48072916666666665 0.298828125 0.009375 0.04296875
2 0.5213541666666667 0.30859375 0.011458333333333333 0.0546875
1 0.5338541666666666 0.2890625 0.009375 0.046875
2 0.5625 0.31640625 0.010416666666666666 0.046875
1 0.5947916666666667 0.30078125 0.010416666666666666 0.046875
2 0.6223958333333334 0.341796875 0.013541666666666667 0.06640625
1 0.6578125 0.322265625 0.011458333333333333 0.05078125
2 0.7135416666666666 0.384765625 0.01875 0.08203125
1 0.725 0.34765625 0.010416666666666666 0.0546875
1 0.8229166666666666 0.38671875 0.014583333333333334 0.0703125
