1 0.28854166666666664 0.771484375 0.0375 0.23046875
1 0.4265625 0.525390625 0.019791666666666666 0.12890625
1 0.3 0.44140625 0.016666666666666666 0.109375
1 0.37447916666666664 0.302734375 0.009375 0.05859375
2 0.6020833333333333 0.365234375 0.0125 0.08984375
2 0.8067708333333333 0.466796875 0.019791666666666666 0.12109375
2 0.5932291666666667 0.298828125 0.009375 0.06640625
2 0.6234375 0.28125 0.007291666666666667 0.046875
1 0.45677083333333335 0.26953125 0.009375 0.046875
1 0.4088541666666667 0.279296875 0.009375 0.05078125
2 0.8526041666666667 0.263671875 0.009375 0.05078125
