2 0.11145833333333334 0.55078125 0.0375 0.171875
0 0.209375 0.41015625 0.025 0.109375
0 0.24947916666666667 0.349609375 0.017708333333333333 0.08203125
0 0.2671875 0.326171875 0.013541666666666667 0.06640625
0 0.28541666666666665 0.30078125 0.0125 0.0625
0 0.30364583333333334 0.27734375 0.011458333333333333 0.0546875
0 0.3151041666666667 0.26171875 0.009375 0.046875
0 0.3640625 0.263671875 0.009375 0.05078125
0 0.4083333333333333 0.263671875 0.010416666666666666 0.05078125
0 0.45729166666666665 0.28125 0.010416666666666666 0.046875
0 0.46197916666666666 0.3046875 0.011458333333333333 0.0625
0 0.46822916666666664 0.357421875 0.013541666666666667 0.06640625
0 0.4765625 0.423828125 0.019791666666666666 0.10546875
1 0.4864583333333333 0.501953125 0.027083333333333334 0.12109375
1 0.6713541666666667 0.384765625 0.015625 0.08984375
2 0.8875 0.689453125 0.04583333333333333 0.19921875
1 0.8453125 0.34765625 0.015625 0.078125
2 0.9348958333333334 0.50390625 0.03229166666666667 0.1328125
