1 0.13177083333333334 0.90234375 0.03854166666666667 0.1953125
1 0.365625 0.5234375 0.022916666666666665 0.1171875
1 0.4765625 0.408203125 0.015625 0.07421875
1 0.5630208333333333 0.359375 0.011458333333333333 0.0625
1 0.6651041666666667 0.330078125 0.009375 0.04296875
1 0.7572916666666667 0.32421875 0.008333333333333333 0.046875
1 0.8625 0.33203125 0.008333333333333333 0.0390625
1 0.9734375 0.328125 0.011458333333333333 0.046875
1 0.928125 0.30078125 0.008333333333333333 0.0390625
2 0.9442708333333333 0.3828125 0.011458333333333333 0.0546875
2 0.8421875 0.392578125 0.015625 0.06640625
2 0.7890625 0.41015625 0.017708333333333333 0.078125
2 0.7520833333333333 0.43359375 0.01875 0.09375
2 0.7463541666666667 0.50390625 0.023958333333333335 0.1171875
1 0.8182291666666667 0.302734375 0.007291666666666667 0.03515625
