3 0.020833333333333332 0.375 0.027083333333333334 0.15625
2 0.016145833333333335 0.283203125 0.011458333333333333 0.05078125
2 0.033854166666666664 0.3046875 0.013541666666666667 0.0625
1 0.034375 0.232421875 0.008333333333333333 0.03515625
2 0.05364583333333333 0.263671875 0.009375 0.04296875
3 0.08489583333333334 0.296875 0.017708333333333333 0.1015625
1 0.09583333333333334 0.43359375 0.022916666666666665 0.109375
2 0.11510416666666666 0.25 0.009375 0.046875
2 0.13854166666666667 0.328125 0.0125 0.0703125
1 0.14270833333333333 0.2265625 0.00625 0.03125
2 0.1875 0.248046875 0.008333333333333333 0.03515625
1 0.18072916666666666 0.5625 0.03229166666666667 0.15625
3 0.221875 0.31640625 0.01875 0.109375
1 0.23854166666666668 0.232421875 0.00625 0.02734375
2 0.25885416666666666 0.24609375 0.007291666666666667 0.03125
2 0.29739583333333336 0.341796875 0.013541666666666667 0.06640625
2 0.4005208333333333 0.251953125 0.007291666666666667 0.03515625
1 0.42135416666666664 0.244140625 0.005208333333333333 0.02734375
2 0.43854166666666666 0.333984375 0.0125 0.06640625
2 0.46145833333333336 0.2578125 0.00625 0.03125
2 0.5125 0.271484375 0.00625 0.03515625
2 0.5083333333333333 0.462890625 0.01875 0.11328125
2 0.5213541666666667 0.318359375 0.009375 0.05078125
1 0.5296875 0.3828125 0.015625 0.0859375
2 0.5442708333333334 0.28125 0.007291666666666667 0.0390625
2 0.553125 0.30078125 0.008333333333333333 0.046875
1 0.571875 0.265625 0.00625 0.03125
1 0.6291666666666667 0.283203125 0.00625 0.03515625
1 0.646875 0.341796875 0.010416666666666666 0.05859375
1 0.6625 0.306640625 0.008333333333333333 0.05078125
0 0.6635416666666667 0.396484375 0.016666666666666666 0.08203125
0 0.6942708333333333 0.48828125 0.023958333333333335 0.1171875
0 0.7828125 0.412109375 0.017708333333333333 0.08203125
0 0.8723958333333334 0.521484375 0.028125 0.12890625
2 0.8911458333333333 0.8671875 0.057291666666666664 0.2421875
