1 0.3067708333333333 0.6015625 0.028125 0.140625
1 0.44479166666666664 0.498046875 0.016666666666666666 0.08984375
1 0.48020833333333335 0.44140625 0.010416666666666666 0.0703125
1 0.45364583333333336 0.40234375 0.009375 0.0625
1 0.29739583333333336 0.35546875 0.007291666666666667 0.046875
1 0.37083333333333335 0.361328125 0.008333333333333333 0.05078125
1 0.4119791666666667 0.376953125 0.009375 0.05078125
2 0.5510416666666667 0.365234375 0.008333333333333333 0.04296875
2 0.6364583333333333 0.40234375 0.010416666666666666 0.0546875
2 0.6984375 0.44921875 0.013541666666666667 0.0703125
2 0.7354166666666667 0.509765625 0.01875 0.09765625
2 0.8109375 0.673828125 0.036458333333333336 0.16796875
