1 0.2359375 0.736328125 0.046875 0.22265625
1 0.3770833333333333 0.458984375 0.029166666666666667 0.12890625
1 0.41510416666666666 0.380859375 0.019791666666666666 0.08984375
1 0.43802083333333336 0.349609375 0.015625 0.07421875
1 0.4557291666666667 0.32421875 0.013541666666666667 0.0625
1 0.4666666666666667 0.3125 0.010416666666666666 0.0390625
1 0.4921875 0.296875 0.011458333333333333 0.0390625
1 0.5333333333333333 0.287109375 0.0125 0.03515625
2 0.7322916666666667 0.4609375 0.025 0.1171875
2 0.6625 0.380859375 0.01875 0.08203125
2 0.6177083333333333 0.3515625 0.0125 0.0625
2 0.5963541666666666 0.33203125 0.013541666666666667 0.0546875
2 0.578125 0.3046875 0.0125 0.0546875
2 0.5932291666666667 0.29296875 0.007291666666666667 0.046875
2 0.6130208333333333 0.291015625 0.009375 0.04296875
2 0.64375 0.29296875 0.010416666666666666 0.046875
2 0.6953125 0.2890625 0.007291666666666667 0.0390625
2 0.7541666666666667 0.2890625 0.008333333333333333 0.0390625
2 0.8416666666666667 0.28515625 0.008333333333333333 0.0390625
2 0.91875 0.28125 0.010416666666666666 0.0390625
