2 0.8791666666666667 0.77734375 0.05 0.234375
3 0.6458333333333334 0.5859375 0.04583333333333333 0.296875
2 0.5078125 0.51171875 0.026041666666666668 0.140625
1 0.06875 0.6484375 0.0375 0.2109375
3 0.07760416666666667 0.478515625 0.03229166666666667 0.23828125
2 0.4317708333333333 0.390625 0.013541666666666667 0.0859375
3 0.45729166666666665 0.416015625 0.020833333333333332 0.16796875
2 0.4578125 0.337890625 0.011458333333333333 0.06640625
2 0.515625 0.310546875 0.010416666666666666 0.05078125
2 0.5869791666666667 0.296875 0.009375 0.046875
2 0.66875 0.294921875 0.00625 0.04296875
2 0.7640625 0.298828125 0.009375 0.04296875
1 0.7375 0.275390625 0.00625 0.03515625
1 0.6265625 0.265625 0.007291666666666667 0.03125
1 0.5234375 0.26953125 0.007291666666666667 0.0390625
1 0.42135416666666664 0.28125 0.007291666666666667 0.046875
1 0.31875 0.31640625 0.010416666666666666 0.0546875
2 0.146875 0.33203125 0.014583333333333334 0.0703125
1 0.0421875 0.458984375 0.023958333333333335 0.12109375
0 0.15416666666666667 0.30078125 0.010416666666666666 0.0546875
0 0.1578125 0.275390625 0.007291666666666667 0.05078125
0 0.3109375 0.30078125 0.009375 0.046875
0 0.30364583333333334 0.275390625 0.007291666666666667 0.04296875
0 0.296875 0.251953125 0.008333333333333333 0.04296875
0 0.2921875 0.23828125 0.005208333333333333 0.03125
0 0.28854166666666664 0.232421875 0.00625 0.03515625
0 0.16145833333333334 0.26171875 0.00625 0.0546875
0 0.16666666666666666 0.25 0.00625 0.046875
0 0.171875 0.236328125 0.00625 0.03515625
0 0.17552083333333332 0.232421875 0.007291666666666667 0.03515625
0 0.215625 0.232421875 0.00625 0.03515625
0 0.2520833333333333 0.232421875 0.00625 0.03515625
2 0.8859375 0.306640625 0.009375 0.05859375
