1 0.2625 0.787109375 0.05 0.23828125
1 0.3729166666666667 0.537109375 0.027083333333333334 0.12890625
1 0.38229166666666664 0.46484375 0.016666666666666666 0.1015625
1 0.3614583333333333 0.421875 0.014583333333333334 0.078125
1 0.2984375 0.37890625 0.013541666666666667 0.0703125
2 0.8770833333333333 0.841796875 0.04583333333333333 0.24609375
2 0.7197916666666667 0.583984375 0.025 0.12890625
2 0.6380208333333334 0.478515625 0.017708333333333333 0.08984375
2 0.546875 0.421875 0.014583333333333334 0.0703125
2 0.446875 0.37890625 0.010416666666666666 0.0625
1 0.25625 0.341796875 0.010416666666666666 0.05859375
2 0.3671875 0.34765625 0.009375 0.0546875
1 0.22291666666666668 0.318359375 0.010416666666666666 0.05078125
