1 0.011458333333333333 0.408203125 0.020833333333333332 0.10546875
1 0.12083333333333333 0.478515625 0.029166666666666667 0.12109375
1 0.14270833333333333 0.693359375 0.05 0.20703125
2 0.0359375 0.23828125 0.007291666666666667 0.03125
1 0.059895833333333336 0.23046875 0.005208333333333333 0.03125
2 0.12708333333333333 0.298828125 0.010416666666666666 0.05078125
1 0.16354166666666667 0.240234375 0.00625 0.02734375
2 0.18125 0.251953125 0.008333333333333333 0.03515625
2 0.20364583333333333 0.287109375 0.009375 0.04296875
1 0.22291666666666668 0.31640625 0.0125 0.0625
2 0.21927083333333333 0.3515625 0.013541666666666667 0.0703125
2 0.21770833333333334 0.259765625 0.00625 0.03515625
2 0.22864583333333333 0.271484375 0.009375 0.04296875
1 0.29635416666666664 0.255859375 0.007291666666666667 0.03515625
1 0.3104166666666667 0.2890625 0.008333333333333333 0.046875
1 0.3234375 0.271484375 0.007291666666666667 0.03515625
0 0.32083333333333336 0.31640625 0.010416666666666666 0.0546875
0 0.33541666666666664 0.345703125 0.0125 0.06640625
2 0.3875 0.40234375 0.01875 0.0859375
0 0.3932291666666667 0.314453125 0.011458333333333333 0.05859375
0 0.41875 0.34375 0.0125 0.0625
2 0.5901041666666667 0.56640625 0.028125 0.15625
0 0.7375 0.40234375 0.016666666666666666 0.078125
