1 0.296875 0.533203125 0.027083333333333334 0.14453125
1 0.43645833333333334 0.396484375 0.014583333333333334 0.08984375
1 0.5182291666666666 0.337890625 0.011458333333333333 0.05859375
1 0.5625 0.3203125 0.008333333333333333 0.046875
1 0.61875 0.310546875 0.008333333333333333 0.04296875
1 0.7026041666666667 0.3046875 0.007291666666666667 0.0390625
1 0.7765625 0.302734375 0.007291666666666667 0.03515625
1 0.8052083333333333 0.30078125 0.00625 0.03125
1 0.8177083333333334 0.296875 0.00625 0.03125
2 0.86875 0.32421875 0.008333333333333333 0.0390625
2 0.8 0.328125 0.008333333333333333 0.046875
2 0.7515625 0.333984375 0.009375 0.05078125
2 0.7223958333333333 0.349609375 0.011458333333333333 0.05859375
2 0.7020833333333333 0.380859375 0.014583333333333334 0.06640625
2 0.7322916666666667 0.46875 0.022916666666666665 0.1015625
2 0.859375 0.74609375 0.04583333333333333 0.2109375
