3 0.05963541666666667 0.6606481481481481 0.034895833333333334 0.10462962962962963
0 0.6268229166666667 0.8574074074074074 0.05572916666666667 0.15
3 0.47994791666666664 0.7300925925925926 0.04635416666666667 0.16574074074074074
1 0.4125 0.7291666666666666 0.03854166666666667 0.09166666666666666
0 0.440625 0.6648148148148149 0.027083333333333334 0.06296296296296296
3 0.41302083333333334 0.6226851851851852 0.030208333333333334 0.09351851851851851
2 0.3765625 0.6208333333333333 0.020833333333333332 0.05092592592592592
0 0.18255208333333334 0.6481481481481481 0.0203125 0.06111111111111111
3 0.1171875 0.6180555555555556 0.027083333333333334 0.08796296296296297
3 0.23020833333333332 0.5972222222222222 0.020833333333333332 0.06851851851851852
3 0.2140625 0.5833333333333334 0.017708333333333333 0.06296296296296296
3 0.39401041666666664 0.587037037037037 0.019270833333333334 0.07037037037037037
