2 0.05625 0.671875 0.052083333333333336 0.21875
2 0.009375 0.44921875 0.01875 0.1328125
2 0.013541666666666667 0.373046875 0.025 0.09765625
2 0.0484375 0.34375 0.021875 0.0859375
2 0.14583333333333334 0.345703125 0.020833333333333332 0.08203125
1 0.04479166666666667 0.263671875 0.014583333333333334 0.06640625
1 0.1140625 0.25 0.011458333333333333 0.0546875
1 0.6109375 0.642578125 0.030208333333333334 0.16796875
1 0.8385416666666666 0.45703125 0.022916666666666665 0.1015625
2 0.8838541666666667 0.330078125 0.013541666666666667 0.05078125
1 0.9473958333333333 0.40234375 0.017708333333333333 0.078125
1 0.07604166666666666 0.2265625 0.010416666666666666 0.046875
