2 0.784375 0.818359375 0.0625 0.26953125
3 0.6739583333333333 0.5625 0.03958333333333333 0.265625
2 0.6229166666666667 0.484375 0.022916666666666665 0.125
2 0.6526041666666667 0.390625 0.019791666666666666 0.0859375
2 0.7244791666666667 0.35546875 0.015625 0.078125
2 0.8182291666666667 0.34375 0.015625 0.0625
2 0.9421875 0.345703125 0.015625 0.06640625
1 0.865625 0.306640625 0.0125 0.05859375
1 0.725 0.302734375 0.010416666666666666 0.05078125
1 0.6010416666666667 0.310546875 0.010416666666666666 0.05078125
1 0.4859375 0.34765625 0.011458333333333333 0.0625
1 0.15677083333333333 0.533203125 0.030208333333333334 0.14453125
3 0.14739583333333334 0.60546875 0.053125 0.3359375
1 0.08229166666666667 0.427734375 0.025 0.10546875
2 0.15052083333333333 0.31640625 0.015625 0.0703125
2 0.3098958333333333 0.35546875 0.013541666666666667 0.078125
0 0.3260416666666667 0.318359375 0.010416666666666666 0.05859375
0 0.334375 0.2890625 0.008333333333333333 0.0546875
0 0.34010416666666665 0.27734375 0.007291666666666667 0.046875
0 0.3463541666666667 0.26171875 0.007291666666666667 0.046875
0 0.35260416666666666 0.248046875 0.005208333333333333 0.03515625
0 0.3572916666666667 0.24609375 0.00625 0.0390625
0 0.39375 0.2421875 0.008333333333333333 0.0390625
0 0.4270833333333333 0.2421875 0.008333333333333333 0.0390625
0 0.4796875 0.322265625 0.009375 0.05859375
0 0.4734375 0.29296875 0.009375 0.046875
0 0.46145833333333336 0.2421875 0.00625 0.03125
0 0.46458333333333335 0.255859375 0.00625 0.03515625
0 0.46822916666666664 0.265625 0.007291666666666667 0.0390625
