1 0.4 0.54296875 0.022916666666666665 0.1328125
1 0.4484375 0.4453125 0.015625 0.078125
1 0.45 0.404296875 0.0125 0.07421875
1 0.3776041666666667 0.34765625 0.009375 0.0546875
1 0.3380208333333333 0.3203125 0.007291666666666667 0.046875
1 0.43125 0.376953125 0.008333333333333333 0.06640625
2 0.4276041666666667 0.328125 0.007291666666666667 0.046875
2 0.49635416666666665 0.35546875 0.007291666666666667 0.046875
2 0.5791666666666667 0.390625 0.008333333333333333 0.0546875
2 0.6510416666666666 0.43359375 0.0125 0.0703125
2 0.7005208333333334 0.490234375 0.013541666666666667 0.09765625
2 0.7692708333333333 0.59765625 0.028125 0.140625
