2 0.10364583333333334 0.294921875 0.015625 0.06640625
1 0.1 0.373046875 0.01875 0.08984375
3 0.14739583333333334 0.71875 0.06979166666666667 0.4140625
1 0.18958333333333333 0.4375 0.025 0.109375
1 0.20833333333333334 0.60546875 0.035416666666666666 0.1796875
2 0.28177083333333336 0.322265625 0.017708333333333333 0.07421875
2 0.42552083333333335 0.375 0.017708333333333333 0.09375
0 0.4473958333333333 0.326171875 0.013541666666666667 0.05859375
0 0.46979166666666666 0.291015625 0.010416666666666666 0.05078125
0 0.4796875 0.271484375 0.009375 0.04296875
0 0.49270833333333336 0.255859375 0.008333333333333333 0.04296875
0 0.5046875 0.2421875 0.007291666666666667 0.0390625
0 0.509375 0.232421875 0.00625 0.03515625
0 0.5135416666666667 0.23046875 0.00625 0.0390625
0 0.5401041666666667 0.228515625 0.007291666666666667 0.03515625
0 0.5666666666666667 0.23046875 0.008333333333333333 0.0390625
0 0.5916666666666667 0.251953125 0.008333333333333333 0.04296875
0 0.5953125 0.287109375 0.009375 0.05078125
0 0.6036458333333333 0.30859375 0.011458333333333333 0.0546875
0 0.6052083333333333 0.3359375 0.0125 0.0625
1 0.6203125 0.380859375 0.017708333333333333 0.08203125
1 0.7661458333333333 0.3359375 0.015625 0.0703125
2 0.8208333333333333 0.625 0.0375 0.171875
2 0.8479166666666667 0.466796875 0.027083333333333334 0.11328125
1 0.9364583333333333 0.326171875 0.014583333333333334 0.07421875
