0 0.4510416666666667 0.369140625 0.016666666666666666 0.08203125
0 0.496875 0.328125 0.0125 0.0625
1 0.5104166666666666 0.505859375 0.025 0.12890625
2 0.55 0.28125 0.008333333333333333 0.046875
0 0.5536458333333333 0.380859375 0.015625 0.08203125
2 0.565625 0.302734375 0.008333333333333333 0.05078125
0 0.56875 0.337890625 0.0125 0.05859375
1 0.64375 0.2890625 0.008333333333333333 0.046875
1 0.671875 0.306640625 0.008333333333333333 0.04296875
2 0.6671875 0.34765625 0.013541666666666667 0.0703125
1 0.6947916666666667 0.40234375 0.016666666666666666 0.078125
1 0.7536458333333333 0.33203125 0.011458333333333333 0.0546875
2 0.9177083333333333 0.68359375 0.03958333333333333 0.203125
1 0.9020833333333333 0.35546875 0.016666666666666666 0.0703125
2 0.9869791666666666 0.267578125 0.009375 0.04296875
1 0.9645833333333333 0.27734375 0.008333333333333333 0.0390625
