3 0.026041666666666668 0.302734375 0.020833333333333332 0.12109375
1 0.041666666666666664 0.45703125 0.029166666666666667 0.125
1 0.09479166666666666 0.736328125 0.05416666666666667 0.23046875
1 0.043229166666666666 0.232421875 0.009375 0.04296875
2 0.059375 0.240234375 0.010416666666666666 0.04296875
2 0.10833333333333334 0.322265625 0.016666666666666666 0.07421875
2 0.15989583333333332 0.236328125 0.007291666666666667 0.03515625
2 0.2359375 0.23828125 0.007291666666666667 0.03125
2 0.28802083333333334 0.2421875 0.007291666666666667 0.03125
2 0.2911458333333333 0.30078125 0.013541666666666667 0.0625
2 0.28072916666666664 0.37890625 0.015625 0.09375
1 0.3109375 0.333984375 0.013541666666666667 0.06640625
2 0.31666666666666665 0.390625 0.016666666666666666 0.09375
1 0.340625 0.326171875 0.0125 0.06640625
2 0.3484375 0.24609375 0.007291666666666667 0.0390625
2 0.36822916666666666 0.28125 0.009375 0.0546875
2 0.38333333333333336 0.251953125 0.008333333333333333 0.04296875
2 0.3921875 0.267578125 0.009375 0.05078125
1 0.40625 0.244140625 0.00625 0.03515625
1 0.45 0.251953125 0.00625 0.03515625
1 0.46979166666666666 0.287109375 0.010416666666666666 0.05078125
1 0.4791666666666667 0.26953125 0.008333333333333333 0.0390625
0 0.484375 0.333984375 0.014583333333333334 0.07421875
0 0.4953125 0.376953125 0.017708333333333333 0.08984375
2 0.5385416666666667 0.548828125 0.03333333333333333 0.16015625
0 0.6317708333333333 0.330078125 0.013541666666666667 0.06640625
0 0.6755208333333333 0.369140625 0.017708333333333333 0.08203125
