1 0.2604166666666667 0.55859375 0.0375 0.171875
1 0.39166666666666666 0.361328125 0.01875 0.07421875
1 0.43333333333333335 0.30078125 0.0125 0.0546875
3 0.45 0.263671875 0.0125 0.07421875
3 0.4546875 0.255859375 0.011458333333333333 0.06640625
2 0.7375 0.568359375 0.04375 0.16796875
2 0.6171875 0.37109375 0.017708333333333333 0.078125
2 0.578125 0.302734375 0.0125 0.05078125
3 0.5635416666666667 0.2734375 0.010416666666666666 0.0546875
3 0.5567708333333333 0.265625 0.009375 0.0546875
0 0.5484375 0.259765625 0.007291666666666667 0.03515625
0 0.5411458333333333 0.24609375 0.005208333333333333 0.03125
0 0.46458333333333335 0.251953125 0.008333333333333333 0.03515625
0 0.4713541666666667 0.2421875 0.007291666666666667 0.03125
