1 0.08177083333333333 0.2421875 0.011458333333333333 0.0546875
2 0.11927083333333334 0.228515625 0.009375 0.05078125
1 0.1984375 0.244140625 0.009375 0.05078125
2 0.2515625 0.2265625 0.011458333333333333 0.0546875
1 0.2911458333333333 0.466796875 0.026041666666666668 0.12890625
1 0.2911458333333333 0.255859375 0.011458333333333333 0.05078125
1 0.3578125 0.2734375 0.009375 0.0546875
2 0.36875 0.240234375 0.010416666666666666 0.05078125
3 0.37083333333333335 0.37109375 0.027083333333333334 0.1640625
1 0.40208333333333335 0.302734375 0.014583333333333334 0.07421875
1 0.4036458333333333 0.357421875 0.017708333333333333 0.08203125
3 0.4109375 0.3046875 0.017708333333333333 0.109375
2 0.45989583333333334 0.259765625 0.009375 0.05078125
0 0.46770833333333334 0.23828125 0.008333333333333333 0.046875
0 0.4786458333333333 0.2265625 0.007291666666666667 0.0390625
0 0.48333333333333334 0.21484375 0.008333333333333333 0.0390625
0 0.5604166666666667 0.248046875 0.008333333333333333 0.04296875
1 0.5651041666666666 0.263671875 0.009375 0.05078125
3 0.6135416666666667 0.31640625 0.01875 0.1171875
2 0.6145833333333334 0.369140625 0.01875 0.08203125
3 0.646875 0.388671875 0.025 0.16796875
1 0.6557291666666667 0.25 0.009375 0.046875
2 0.6604166666666667 0.29296875 0.010416666666666666 0.0546875
2 0.7317708333333334 0.48828125 0.028125 0.140625
2 0.7291666666666666 0.27734375 0.010416666666666666 0.0546875
1 0.7630208333333334 0.248046875 0.007291666666666667 0.04296875
2 0.8161458333333333 0.275390625 0.011458333333333333 0.05859375
1 0.8911458333333333 0.255859375 0.007291666666666667 0.04296875
2 0.9239583333333333 0.287109375 0.008333333333333333 0.05078125
