1 0.0421875 0.255859375 0.021875 0.08984375
1 0.13489583333333333 0.287109375 0.021875 0.08984375
1 0.2296875 0.333984375 0.021875 0.10546875
1 0.265625 0.421875 0.027083333333333334 0.1328125
1 0.1875 0.671875 0.06041666666666667 0.234375
2 0.1953125 0.224609375 0.011458333333333333 0.05859375
2 0.209375 0.232421875 0.008333333333333333 0.05078125
2 0.2640625 0.2421875 0.013541666666666667 0.0625
2 0.34739583333333335 0.2578125 0.015625 0.0703125
2 0.4703125 0.306640625 0.017708333333333333 0.08984375
2 0.5854166666666667 0.3984375 0.022916666666666665 0.109375
2 0.8182291666666667 0.65625 0.05520833333333333 0.2578125
