2 0.007291666666666667 0.2421875 0.010416666666666666 0.0546875
1 0.10052083333333334 0.271484375 0.009375 0.05078125
1 0.15833333333333333 0.619140625 0.03958333333333333 0.18359375
2 0.17135416666666667 0.244140625 0.011458333333333333 0.05078125
1 0.2140625 0.28125 0.011458333333333333 0.0546875
1 0.290625 0.302734375 0.010416666666666666 0.05859375
3 0.2911458333333333 0.447265625 0.03229166666666667 0.20703125
2 0.3078125 0.2578125 0.009375 0.046875
1 0.34322916666666664 0.333984375 0.011458333333333333 0.07421875
1 0.33958333333333335 0.4140625 0.01875 0.1015625
3 0.3541666666666667 0.345703125 0.020833333333333332 0.13671875
2 0.4114583333333333 0.279296875 0.008333333333333333 0.05078125
0 0.42083333333333334 0.26171875 0.00625 0.046875
0 0.42604166666666665 0.24609375 0.00625 0.0390625
0 0.43072916666666666 0.23828125 0.005208333333333333 0.0390625
0 0.4348958333333333 0.23046875 0.005208333333333333 0.0390625
0 0.4401041666666667 0.220703125 0.005208333333333333 0.03515625
0 0.44427083333333334 0.216796875 0.005208333333333333 0.03515625
0 0.471875 0.216796875 0.00625 0.03515625
0 0.4979166666666667 0.216796875 0.00625 0.03515625
0 0.528125 0.248046875 0.00625 0.03515625
1 0.5296875 0.287109375 0.007291666666666667 0.04296875
3 0.5911458333333334 0.3515625 0.017708333333333333 0.1328125
2 0.6010416666666667 0.41796875 0.020833333333333332 0.1015625
3 0.6598958333333333 0.458984375 0.034375 0.21484375
2 0.7817708333333333 0.60546875 0.034375 0.171875
1 0.625 0.265625 0.008333333333333333 0.0390625
2 0.6364583333333333 0.310546875 0.0125 0.05859375
2 0.7067708333333333 0.296875 0.011458333333333333 0.0546875
1 0.7348958333333333 0.26171875 0.007291666666666667 0.0390625
2 0.79375 0.29296875 0.008333333333333333 0.046875
1 0.8625 0.267578125 0.008333333333333333 0.04296875
2 0.9026041666666667 0.298828125 0.009375 0.05078125
