2 0.008854166666666666 0.234375 0.009375 0.0390625
1 0.034895833333333334 0.228515625 0.007291666666666667 0.03515625
2 0.07916666666666666 0.236328125 0.008333333333333333 0.03515625
2 0.1125 0.287109375 0.0125 0.06640625
1 0.10729166666666666 0.791015625 0.05625 0.25390625
1 0.10260416666666666 0.49609375 0.028125 0.1328125
1 0.12760416666666666 0.228515625 0.007291666666666667 0.02734375
2 0.13541666666666666 0.337890625 0.014583333333333334 0.07421875
1 0.15 0.310546875 0.010416666666666666 0.05859375
2 0.15520833333333334 0.23828125 0.008333333333333333 0.0390625
1 0.17760416666666667 0.30078125 0.013541666666666667 0.0625
2 0.17291666666666666 0.345703125 0.014583333333333334 0.07421875
2 0.18958333333333333 0.26953125 0.008333333333333333 0.046875
2 0.1984375 0.24609375 0.007291666666666667 0.0390625
2 0.2109375 0.255859375 0.007291666666666667 0.04296875
1 0.21927083333333333 0.232421875 0.007291666666666667 0.03515625
1 0.26875 0.240234375 0.00625 0.03515625
1 0.30052083333333335 0.255859375 0.007291666666666667 0.03515625
1 0.29375 0.26953125 0.008333333333333333 0.046875
0 0.31302083333333336 0.30078125 0.011458333333333333 0.0546875
0 0.3265625 0.326171875 0.013541666666666667 0.06640625
2 0.36614583333333334 0.3984375 0.019791666666666666 0.1015625
0 0.4359375 0.291015625 0.011458333333333333 0.05078125
0 0.46458333333333335 0.3125 0.0125 0.0625
2 0.5864583333333333 0.591796875 0.03333333333333333 0.17578125
