1 0.14010416666666667 0.80859375 0.07604166666666666 0.3203125
1 0.2786458333333333 0.455078125 0.034375 0.15234375
1 0.2484375 0.34765625 0.021875 0.109375
1 0.15625 0.298828125 0.022916666666666665 0.09765625
1 0.06770833333333333 0.2578125 0.020833333333333332 0.0859375
1 0.0171875 0.23828125 0.015625 0.0625
2 0.6453125 0.4296875 0.028125 0.1328125
2 0.5104166666666666 0.31640625 0.01875 0.0859375
2 0.38229166666666664 0.263671875 0.014583333333333334 0.06640625
2 0.2984375 0.244140625 0.013541666666666667 0.05859375
2 0.24583333333333332 0.232421875 0.010416666666666666 0.05078125
2 0.23333333333333334 0.22265625 0.010416666666666666 0.0546875
