1 0.6067708333333334 0.564453125 0.036458333333333336 0.15234375
1 0.7083333333333334 0.44140625 0.022916666666666665 0.109375
1 0.7520833333333333 0.388671875 0.016666666666666666 0.07421875
1 0.7755208333333333 0.349609375 0.013541666666666667 0.06640625
1 0.7880208333333333 0.328125 0.009375 0.046875
1 0.7984375 0.3203125 0.011458333333333333 0.046875
1 0.8776041666666666 0.302734375 0.011458333333333333 0.04296875
1 0.8385416666666666 0.3046875 0.0125 0.0546875
1 0.8140625 0.3046875 0.009375 0.0546875
2 0.9744791666666667 0.3515625 0.013541666666666667 0.0703125
2 0.9505208333333334 0.33984375 0.013541666666666667 0.0625
2 0.9354166666666667 0.33203125 0.010416666666666666 0.0546875
2 0.9234375 0.314453125 0.005208333333333333 0.05078125
