1 0.4239583333333333 0.505859375 0.01875 0.12109375
1 0.465625 0.388671875 0.010416666666666666 0.07421875
1 0.46458333333333335 0.423828125 0.014583333333333334 0.08984375
1 0.325 0.294921875 0.00625 0.04296875
1 0.3567708333333333 0.31640625 0.007291666666666667 0.046875
1 0.3953125 0.341796875 0.009375 0.05859375
1 0.4473958333333333 0.3671875 0.009375 0.0625
2 0.44166666666666665 0.32421875 0.00625 0.046875
2 0.5083333333333333 0.349609375 0.008333333333333333 0.05078125
2 0.5880208333333333 0.37890625 0.009375 0.0546875
2 0.6546875 0.419921875 0.011458333333333333 0.06640625
2 0.6994791666666667 0.46875 0.015625 0.0859375
2 0.7541666666666667 0.55859375 0.027083333333333334 0.125
