2 0.08125 0.326171875 0.014583333333333334 0.07421875
2 0.07239583333333334 0.390625 0.019791666666666666 0.09375
2 0.15572916666666667 0.291015625 0.013541666666666667 0.05859375
1 0.27239583333333334 0.751953125 0.04895833333333333 0.24609375
2 0.2526041666666667 0.478515625 0.028125 0.12890625
1 0.2552083333333333 0.318359375 0.014583333333333334 0.06640625
1 0.275 0.29296875 0.0125 0.0546875
1 0.2911458333333333 0.349609375 0.015625 0.07421875
1 0.4109375 0.37890625 0.017708333333333333 0.0859375
2 0.43072916666666666 0.248046875 0.007291666666666667 0.04296875
1 0.5979166666666667 0.390625 0.01875 0.0859375
3 0.6953125 0.357421875 0.021875 0.12890625
1 0.7661458333333333 0.37109375 0.019791666666666666 0.078125
3 0.8192708333333333 0.333984375 0.019791666666666666 0.12109375
1 0.8416666666666667 0.3125 0.0125 0.0546875
1 0.84375 0.341796875 0.014583333333333334 0.05859375
2 0.7015625 0.251953125 0.009375 0.04296875
1 0.7348958333333333 0.271484375 0.009375 0.04296875
2 0.8 0.255859375 0.010416666666666666 0.04296875
1 0.8010416666666667 0.2890625 0.008333333333333333 0.046875
2 0.9145833333333333 0.283203125 0.0125 0.05078125
2 0.9182291666666667 0.5859375 0.036458333333333336 0.171875
3 0.946875 0.47265625 0.035416666666666666 0.2109375
1 0.453125 0.255859375 0.008333333333333333 0.04296875
1 0.6630208333333333 0.2578125 0.007291666666666667 0.0390625
2 0.6026041666666667 0.244140625 0.007291666666666667 0.04296875
