1 0.050520833333333334 0.439453125 0.028125 0.11328125
2 0.04635416666666667 0.2421875 0.009375 0.0390625
2 0.08229166666666667 0.2734375 0.010416666666666666 0.046875
2 0.0921875 0.248046875 0.007291666666666667 0.03515625
2 0.10729166666666666 0.259765625 0.008333333333333333 0.03515625
1 0.1125 0.30078125 0.0125 0.0546875
2 0.11822916666666666 0.333984375 0.015625 0.06640625
1 0.12135416666666667 0.56640625 0.036458333333333336 0.171875
1 0.11770833333333333 0.232421875 0.00625 0.03515625
1 0.18125 0.2421875 0.00625 0.0390625
1 0.203125 0.275390625 0.008333333333333333 0.04296875
1 0.21302083333333333 0.2578125 0.007291666666666667 0.0390625
0 0.21875 0.296875 0.0125 0.0546875
0 0.23697916666666666 0.322265625 0.015625 0.05859375
0 0.2916666666666667 0.294921875 0.010416666666666666 0.04296875
2 0.2947916666666667 0.3671875 0.014583333333333334 0.078125
0 0.3203125 0.318359375 0.011458333333333333 0.05859375
2 0.46979166666666666 0.462890625 0.022916666666666665 0.12109375
0 0.5947916666666667 0.34765625 0.0125 0.0625
2 0.8291666666666667 0.888671875 0.058333333333333334 0.22265625
