1 0.0203125 0.421875 0.019791666666666666 0.1171875
1 0.021354166666666667 0.28125 0.013541666666666667 0.0703125
3 0.07760416666666667 0.431640625 0.034375 0.21484375
1 0.11770833333333333 0.251953125 0.0125 0.05078125
1 0.12604166666666666 0.548828125 0.035416666666666666 0.16015625
2 0.18125 0.283203125 0.0125 0.06640625
2 0.17916666666666667 0.31640625 0.014583333333333334 0.0703125
1 0.21875 0.232421875 0.008333333333333333 0.04296875
2 0.22395833333333334 0.265625 0.010416666666666666 0.0546875
3 0.21666666666666667 0.314453125 0.01875 0.12109375
2 0.2630208333333333 0.3515625 0.015625 0.0859375
2 0.2828125 0.255859375 0.009375 0.04296875
1 0.31354166666666666 0.23046875 0.008333333333333333 0.046875
3 0.3453125 0.349609375 0.019791666666666666 0.12890625
2 0.35 0.25 0.008333333333333333 0.046875
2 0.43385416666666665 0.38671875 0.019791666666666666 0.09375
2 0.41875 0.251953125 0.008333333333333333 0.04296875
2 0.6151041666666667 0.390625 0.017708333333333333 0.0859375
2 0.6348958333333333 0.279296875 0.007291666666666667 0.04296875
1 0.6817708333333333 0.2734375 0.007291666666666667 0.0390625
2 0.7296875 0.375 0.013541666666666667 0.0703125
1 0.775 0.498046875 0.027083333333333334 0.12890625
2 0.7 0.29296875 0.010416666666666666 0.046875
2 0.746875 0.314453125 0.0125 0.05078125
2 0.7661458333333333 0.341796875 0.013541666666666667 0.05859375
1 0.7786458333333334 0.29296875 0.009375 0.0390625
2 0.7942708333333334 0.779296875 0.051041666666666666 0.23828125
1 0.8703125 0.3203125 0.011458333333333333 0.0546875
1 0.9421875 0.365234375 0.015625 0.06640625
1 0.9489583333333333 0.43359375 0.020833333333333332 0.1015625
2 0.5645833333333333 0.263671875 0.008333333333333333 0.03515625
1 0.4015625 0.23828125 0.007291666666666667 0.0390625
