1 0.3255208333333333 0.53515625 0.023958333333333335 0.1171875
1 0.44114583333333335 0.416015625 0.015625 0.08203125
1 0.5380208333333333 0.357421875 0.011458333333333333 0.06640625
1 0.6307291666666667 0.328125 0.009375 0.046875
1 0.7203125 0.322265625 0.009375 0.05078125
1 0.8197916666666667 0.322265625 0.008333333333333333 0.04296875
2 0.7166666666666667 0.43359375 0.01875 0.09375
2 0.7130208333333333 0.5 0.026041666666666668 0.125
2 0.7526041666666666 0.408203125 0.017708333333333333 0.08984375
2 0.8026041666666667 0.388671875 0.015625 0.07421875
2 0.8973958333333333 0.373046875 0.015625 0.06640625
1 0.9234375 0.326171875 0.009375 0.05078125
