1 0.20208333333333334 0.634765625 0.03958333333333333 0.19140625
1 0.3796875 0.37109375 0.017708333333333333 0.0859375
1 0.42604166666666665 0.298828125 0.010416666666666666 0.05859375
1 0.4479166666666667 0.271484375 0.008333333333333333 0.04296875
1 0.46041666666666664 0.251953125 0.00625 0.03515625
1 0.46822916666666664 0.240234375 0.005208333333333333 0.02734375
1 0.4744791666666667 0.232421875 0.005208333333333333 0.02734375
2 0.5380208333333333 0.232421875 0.005208333333333333 0.02734375
2 0.5427083333333333 0.240234375 0.00625 0.03515625
2 0.5510416666666667 0.25390625 0.008333333333333333 0.0390625
2 0.5619791666666667 0.275390625 0.009375 0.04296875
2 0.5807291666666666 0.3046875 0.011458333333333333 0.0546875
2 0.6255208333333333 0.375 0.017708333333333333 0.0859375
2 0.7973958333333333 0.66015625 0.04895833333333333 0.2109375
