2 0.0875 0.287109375 0.0125 0.05859375
1 0.15416666666666667 0.326171875 0.016666666666666666 0.07421875
2 0.26145833333333335 0.30078125 0.0125 0.0546875
1 0.25416666666666665 0.35546875 0.014583333333333334 0.0703125
3 0.30572916666666666 0.6328125 0.051041666666666666 0.34375
1 0.3463541666666667 0.556640625 0.03229166666666667 0.15234375
1 0.3338541666666667 0.404296875 0.021875 0.09765625
2 0.38177083333333334 0.3203125 0.013541666666666667 0.0703125
2 0.509375 0.37890625 0.016666666666666666 0.0859375
2 0.5265625 0.392578125 0.017708333333333333 0.09765625
0 0.5494791666666666 0.34765625 0.013541666666666667 0.0703125
0 0.5619791666666667 0.3203125 0.009375 0.0546875
0 0.56875 0.302734375 0.010416666666666666 0.05859375
0 0.5755208333333334 0.2890625 0.009375 0.046875
0 0.6078125 0.2890625 0.009375 0.046875
0 0.6364583333333333 0.291015625 0.008333333333333333 0.04296875
0 0.665625 0.296875 0.010416666666666666 0.046875
0 0.6744791666666666 0.310546875 0.007291666666666667 0.05078125
0 0.6791666666666667 0.330078125 0.010416666666666666 0.05859375
0 0.6895833333333333 0.361328125 0.0125 0.06640625
1 0.7010416666666667 0.41796875 0.01875 0.0859375
1 0.7296875 0.400390625 0.017708333333333333 0.08984375
1 0.9333333333333333 0.37890625 0.016666666666666666 0.078125
