2 0.8239583333333333 0.634765625 0.03125 0.14453125
2 0.7666666666666667 0.5 0.016666666666666666 0.0859375
2 0.7369791666666666 0.4453125 0.011458333333333333 0.0625
2 0.6765625 0.400390625 0.009375 0.05078125
1 0.3692708333333333 0.556640625 0.021875 0.11328125
1 0.4895833333333333 0.48046875 0.014583333333333334 0.078125
1 0.5223958333333333 0.431640625 0.011458333333333333 0.05859375
1 0.4979166666666667 0.396484375 0.010416666666666666 0.05078125
1 0.45989583333333334 0.373046875 0.007291666666666667 0.04296875
2 0.5958333333333333 0.357421875 0.00625 0.03515625
2 0.5208333333333334 0.341796875 0.00625 0.03515625
1 0.42083333333333334 0.36328125 0.00625 0.0390625
2 0.4473958333333333 0.330078125 0.005208333333333333 0.03515625
1 0.3536458333333333 0.34765625 0.009375 0.046875
2 0.371875 0.326171875 0.00625 0.03515625
1 0.25364583333333335 0.349609375 0.007291666666666667 0.04296875
1 0.15208333333333332 0.353515625 0.008333333333333333 0.04296875
1 0.06354166666666666 0.3671875 0.008333333333333333 0.046875
