1 0.11354166666666667 0.4453125 0.029166666666666667 0.125
2 0.175 0.32421875 0.016666666666666666 0.078125
1 0.15833333333333333 0.591796875 0.0375 0.18359375
2 0.3541666666666667 0.369140625 0.016666666666666666 0.08984375
2 0.5270833333333333 0.486328125 0.025 0.12109375
0 0.5604166666666667 0.396484375 0.01875 0.08984375
0 0.5776041666666667 0.345703125 0.013541666666666667 0.07421875
0 0.5859375 0.326171875 0.013541666666666667 0.06640625
0 0.5953125 0.30859375 0.011458333333333333 0.0625
0 0.6057291666666667 0.28515625 0.011458333333333333 0.0546875
0 0.6114583333333333 0.275390625 0.010416666666666666 0.05078125
0 0.6572916666666667 0.27734375 0.010416666666666666 0.0546875
0 0.7015625 0.279296875 0.009375 0.05859375
0 0.7526041666666666 0.287109375 0.011458333333333333 0.05078125
0 0.7588541666666667 0.302734375 0.011458333333333333 0.05859375
0 0.7677083333333333 0.328125 0.0125 0.0703125
0 0.7802083333333333 0.349609375 0.014583333333333334 0.07421875
0 0.7875 0.375 0.016666666666666666 0.0859375
0 0.8125 0.44921875 0.025 0.1171875
1 0.8421875 0.5234375 0.028125 0.1328125
