1 0.2520833333333333 0.62109375 0.035416666666666666 0.1796875
1 0.446875 0.41015625 0.014583333333333334 0.0859375
1 0.5130208333333334 0.365234375 0.011458333333333333 0.05859375
1 0.5848958333333333 0.337890625 0.007291666666666667 0.05078125
1 0.684375 0.322265625 0.008333333333333333 0.04296875
2 0.7432291666666667 0.40625 0.013541666666666667 0.078125
2 0.7447916666666666 0.482421875 0.020833333333333332 0.10546875
2 0.765625 0.37109375 0.010416666666666666 0.0546875
2 0.8130208333333333 0.349609375 0.009375 0.05078125
2 0.8802083333333334 0.3359375 0.008333333333333333 0.046875
1 0.7645833333333333 0.3125 0.00625 0.0390625
