1 0.3015625 0.640625 0.034375 0.171875
1 0.41510416666666666 0.45703125 0.017708333333333333 0.09375
1 0.42083333333333334 0.328125 0.00625 0.0390625
1 0.4630208333333333 0.38671875 0.009375 0.0625
1 0.484375 0.359375 0.008333333333333333 0.046875
1 0.5010416666666667 0.3359375 0.00625 0.0390625
2 0.6036458333333333 0.322265625 0.005208333333333333 0.03515625
2 0.5973958333333333 0.333984375 0.007291666666666667 0.03515625
2 0.6057291666666667 0.353515625 0.009375 0.04296875
2 0.6239583333333333 0.384765625 0.0125 0.06640625
2 0.6567708333333333 0.44140625 0.019791666666666666 0.09375
2 0.7661458333333333 0.63671875 0.034375 0.171875
