1 0.18333333333333332 0.919921875 0.03333333333333333 0.16015625
1 0.36041666666666666 0.6015625 0.03125 0.1640625
1 0.3776041666666667 0.498046875 0.017708333333333333 0.12109375
1 0.35833333333333334 0.4453125 0.014583333333333334 0.09375
1 0.22135416666666666 0.322265625 0.007291666666666667 0.05078125
1 0.2526041666666667 0.349609375 0.009375 0.06640625
1 0.29375 0.392578125 0.0125 0.07421875
2 0.33541666666666664 0.33203125 0.00625 0.046875
2 0.3723958333333333 0.353515625 0.007291666666666667 0.05078125
2 0.4557291666666667 0.390625 0.009375 0.0625
2 0.5630208333333333 0.4453125 0.011458333333333333 0.078125
2 0.6666666666666666 0.51953125 0.016666666666666666 0.1015625
2 0.7739583333333333 0.66015625 0.03125 0.15625
