1 0.10677083333333333 0.73828125 0.040625 0.2109375
1 0.40729166666666666 0.61328125 0.022916666666666665 0.1484375
1 0.6072916666666667 0.4453125 0.016666666666666666 0.0859375
1 0.5322916666666667 0.546875 0.01875 0.1171875
1 0.5140625 0.388671875 0.015625 0.07421875
2 0.7567708333333333 0.36328125 0.011458333333333333 0.0703125
2 0.7546875 0.30078125 0.011458333333333333 0.0546875
2 0.7890625 0.287109375 0.007291666666666667 0.04296875
2 0.8302083333333333 0.275390625 0.00625 0.03515625
2 0.940625 0.439453125 0.01875 0.09765625
2 0.8526041666666667 0.275390625 0.009375 0.05078125
1 0.5567708333333333 0.296875 0.009375 0.046875
1 0.5838541666666667 0.279296875 0.009375 0.04296875
1 0.6276041666666666 0.271484375 0.007291666666666667 0.04296875
