1 0.3234375 0.44140625 0.021875 0.109375
1 0.40729166666666666 0.33203125 0.0125 0.0625
1 0.4401041666666667 0.287109375 0.009375 0.04296875
1 0.4583333333333333 0.263671875 0.008333333333333333 0.03515625
1 0.46875 0.24609375 0.00625 0.03125
1 0.47552083333333334 0.236328125 0.005208333333333333 0.02734375
2 0.5421875 0.236328125 0.005208333333333333 0.02734375
2 0.5479166666666667 0.24609375 0.00625 0.03125
2 0.5557291666666667 0.263671875 0.007291666666666667 0.03515625
2 0.5697916666666667 0.2890625 0.010416666666666666 0.0546875
2 0.5932291666666667 0.330078125 0.011458333333333333 0.06640625
2 0.6723958333333333 0.44921875 0.023958333333333335 0.1171875
