3 0.007291666666666667 0.283203125 0.014583333333333334 0.11328125
2 0.0875 0.30078125 0.0125 0.0625
1 0.09895833333333333 0.408203125 0.022916666666666665 0.10546875
1 0.17760416666666667 0.814453125 0.06145833333333333 0.27734375
1 0.190625 0.5 0.029166666666666667 0.1328125
2 0.14947916666666666 0.23046875 0.007291666666666667 0.03125
1 0.1703125 0.2265625 0.005208333333333333 0.03125
2 0.22083333333333333 0.29296875 0.010416666666666666 0.046875
2 0.21979166666666666 0.236328125 0.00625 0.02734375
1 0.2604166666666667 0.23046875 0.00625 0.03125
2 0.275 0.248046875 0.008333333333333333 0.03515625
2 0.29270833333333335 0.28125 0.010416666666666666 0.046875
2 0.3026041666666667 0.349609375 0.013541666666666667 0.07421875
1 0.3072916666666667 0.310546875 0.010416666666666666 0.05078125
2 0.3078125 0.255859375 0.007291666666666667 0.03515625
2 0.3171875 0.265625 0.007291666666666667 0.0390625
1 0.33125 0.2421875 0.00625 0.03125
1 0.38177083333333334 0.25390625 0.005208333333333333 0.03125
1 0.39427083333333335 0.2890625 0.007291666666666667 0.046875
0 0.4036458333333333 0.31640625 0.011458333333333333 0.0546875
1 0.40677083333333336 0.265625 0.007291666666666667 0.0390625
0 0.4161458333333333 0.349609375 0.013541666666666667 0.06640625
2 0.4703125 0.421875 0.019791666666666666 0.1015625
0 0.47552083333333334 0.314453125 0.011458333333333333 0.05078125
0 0.5036458333333333 0.3515625 0.013541666666666667 0.0625
2 0.73125 0.6796875 0.041666666666666664 0.1953125
0 0.8848958333333333 0.4375 0.019791666666666666 0.1015625
