1 0.2359375 0.66796875 0.03854166666666667 0.1796875
1 0.3776041666666667 0.451171875 0.017708333333333333 0.09765625
2 0.8098958333333334 0.599609375 0.03229166666666667 0.15234375
2 0.684375 0.4453125 0.020833333333333332 0.09375
1 0.4192708333333333 0.37890625 0.013541666666666667 0.0625
1 0.475 0.341796875 0.010416666666666666 0.05078125
2 0.6244791666666667 0.3671875 0.013541666666666667 0.0625
1 0.5333333333333333 0.318359375 0.008333333333333333 0.04296875
2 0.6427083333333333 0.345703125 0.0125 0.05078125
2 0.6734375 0.337890625 0.011458333333333333 0.05078125
2 0.715625 0.330078125 0.010416666666666666 0.04296875
