3 0.39427083333333335 0.384765625 0.028125 0.16015625
3 0.4203125 0.359375 0.021875 0.1328125
1 0.490625 0.31640625 0.010416666666666666 0.0546875
1 0.5255208333333333 0.28125 0.007291666666666667 0.0390625
1 0.5442708333333334 0.259765625 0.007291666666666667 0.03515625
1 0.55625 0.248046875 0.00625 0.02734375
1 0.5651041666666666 0.236328125 0.005208333333333333 0.02734375
2 0.6369791666666667 0.25 0.005208333333333333 0.03125
2 0.6432291666666666 0.26171875 0.007291666666666667 0.0390625
2 0.6572916666666667 0.28515625 0.008333333333333333 0.046875
2 0.6708333333333333 0.328125 0.0125 0.0625
3 0.7088541666666667 0.388671875 0.021875 0.15234375
3 0.7203125 0.419921875 0.028125 0.17578125
