2 0.04895833333333333 0.251953125 0.0125 0.05859375
1 0.06354166666666666 0.22265625 0.008333333333333333 0.0390625
1 0.07447916666666667 0.34375 0.021875 0.1015625
1 0.1484375 0.37890625 0.023958333333333335 0.109375
1 0.20677083333333332 0.46875 0.028125 0.125
1 0.19947916666666668 0.693359375 0.04479166666666667 0.20703125
1 0.18645833333333334 0.224609375 0.008333333333333333 0.04296875
2 0.19739583333333333 0.26171875 0.011458333333333333 0.0625
1 0.3140625 0.23046875 0.007291666666666667 0.0390625
2 0.32708333333333334 0.27734375 0.0125 0.0546875
1 0.38697916666666665 0.232421875 0.007291666666666667 0.03515625
2 0.45416666666666666 0.318359375 0.014583333333333334 0.07421875
1 0.46822916666666664 0.23828125 0.007291666666666667 0.0390625
1 0.5614583333333333 0.248046875 0.008333333333333333 0.04296875
2 0.6145833333333334 0.431640625 0.022916666666666665 0.09765625
2 0.6703125 0.2734375 0.009375 0.046875
1 0.6791666666666667 0.2578125 0.008333333333333333 0.0390625
1 0.7546875 0.265625 0.009375 0.046875
2 0.7703125 0.294921875 0.009375 0.04296875
1 0.809375 0.267578125 0.008333333333333333 0.04296875
1 0.8583333333333333 0.2734375 0.008333333333333333 0.046875
2 0.8317708333333333 0.65625 0.03854166666666667 0.1796875
2 0.8958333333333334 0.31640625 0.0125 0.0546875
1 0.903125 0.271484375 0.008333333333333333 0.04296875
1 0.9692708333333333 0.271484375 0.009375 0.04296875
2 0.27395833333333336 0.23828125 0.008333333333333333 0.0390625
2 0.36614583333333334 0.244140625 0.009375 0.04296875
2 0.4432291666666667 0.248046875 0.009375 0.04296875
2 0.5473958333333333 0.2578125 0.009375 0.046875
