1 0.9140625 0.482421875 0.019791666666666666 0.08203125
2 0.7989583333333333 0.505859375 0.022916666666666665 0.10546875
1 0.7234375 0.419921875 0.015625 0.06640625
2 0.603125 0.55859375 0.0375 0.1484375
2 0.5921875 0.42578125 0.017708333333333333 0.078125
1 0.5963541666666666 0.388671875 0.011458333333333333 0.05859375
1 0.5963541666666666 0.388671875 0.011458333333333333 0.05859375
2 0.03854166666666667 0.287109375 0.0125 0.05078125
1 0.06875 0.267578125 0.008333333333333333 0.03515625
2 0.09375 0.359375 0.020833333333333332 0.078125
2 0.09375 0.357421875 0.01875 0.07421875
2 0.1078125 0.294921875 0.011458333333333333 0.05078125
1 0.13802083333333334 0.275390625 0.009375 0.03515625
2 0.1859375 0.306640625 0.011458333333333333 0.05078125
1 0.1984375 0.287109375 0.007291666666666667 0.03515625
2 0.25885416666666666 0.384765625 0.017708333333333333 0.08203125
1 0.26458333333333334 0.30078125 0.008333333333333333 0.0390625
2 0.28072916666666664 0.330078125 0.011458333333333333 0.05078125
2 0.36666666666666664 0.353515625 0.0125 0.05078125
1 0.3619791666666667 0.3203125 0.009375 0.0390625
2 0.425 0.443359375 0.025 0.09765625
1 0.446875 0.34375 0.008333333333333333 0.0390625
2 0.4859375 0.388671875 0.013541666666666667 0.05859375
