1 0.3338541666666667 0.53515625 0.03229166666666667 0.1640625
1 0.11458333333333333 0.431640625 0.025 0.12890625
1 0.12760416666666666 0.314453125 0.019791666666666666 0.10546875
1 0.14114583333333333 0.271484375 0.013541666666666667 0.08203125
2 0.7166666666666667 0.6328125 0.0375 0.203125
2 0.6578125 0.466796875 0.026041666666666668 0.12890625
2 0.5338541666666666 0.380859375 0.017708333333333333 0.08203125
2 0.44583333333333336 0.373046875 0.020833333333333332 0.08984375
2 0.36770833333333336 0.357421875 0.01875 0.08984375
2 0.33229166666666665 0.310546875 0.014583333333333334 0.06640625
