1 0.1140625 0.4609375 0.026041666666666668 0.1171875
2 0.259375 0.650390625 0.03958333333333333 0.19921875
1 0.3328125 0.373046875 0.013541666666666667 0.08203125
1 0.39739583333333334 0.31640625 0.007291666666666667 0.0625
3 0.39895833333333336 0.27734375 0.0125 0.0859375
1 0.203125 0.240234375 0.00625 0.03515625
2 0.24479166666666666 0.22265625 0.00625 0.0390625
1 0.28802083333333334 0.248046875 0.007291666666666667 0.04296875
2 0.3515625 0.234375 0.005208333333333333 0.03125
1 0.3489583333333333 0.259765625 0.008333333333333333 0.04296875
1 0.38958333333333334 0.28125 0.008333333333333333 0.0546875
2 0.3770833333333333 0.3203125 0.016666666666666666 0.109375
3 0.3770833333333333 0.3203125 0.016666666666666666 0.109375
2 0.4328125 0.25 0.007291666666666667 0.0390625
0 0.43854166666666666 0.234375 0.00625 0.03125
0 0.4484375 0.22265625 0.005208333333333333 0.03125
0 0.5192708333333333 0.23828125 0.005208333333333333 0.0390625
1 0.5223958333333333 0.25390625 0.005208333333333333 0.0390625
2 0.559375 0.287109375 0.008333333333333333 0.05078125
3 0.5552083333333333 0.2890625 0.010416666666666666 0.078125
3 0.5734375 0.328125 0.015625 0.109375
2 0.5541666666666667 0.32421875 0.010416666666666666 0.0625
2 0.6192708333333333 0.380859375 0.015625 0.08203125
1 0.7015625 0.642578125 0.036458333333333336 0.18359375
2 0.81875 0.46875 0.022916666666666665 0.1171875
2 0.8109375 0.271484375 0.007291666666666667 0.03515625
2 0.7276041666666667 0.263671875 0.007291666666666667 0.04296875
2 0.5984375 0.2734375 0.007291666666666667 0.0390625
2 0.6567708333333333 0.263671875 0.007291666666666667 0.03515625
1 0.690625 0.240234375 0.00625 0.03515625
1 0.7932291666666667 0.24609375 0.005208333333333333 0.03125
