0 0.1140625 0.404296875 0.017708333333333333 0.09765625
0 0.23802083333333332 0.515625 0.030208333333333334 0.1484375
2 0.27291666666666664 0.283203125 0.008333333333333333 0.05078125
2 0.2875 0.3203125 0.010416666666666666 0.0703125
0 0.290625 0.38671875 0.016666666666666666 0.09375
2 0.42239583333333336 0.376953125 0.015625 0.08203125
1 0.46510416666666665 0.490234375 0.021875 0.12109375
1 0.428125 0.3046875 0.008333333333333333 0.0546875
1 0.5223958333333333 0.328125 0.011458333333333333 0.0625
1 0.6723958333333333 0.341796875 0.011458333333333333 0.06640625
3 0.7546875 0.3203125 0.015625 0.109375
2 0.846875 0.634765625 0.03958333333333333 0.18359375
1 0.8244791666666667 0.33984375 0.011458333333333333 0.0703125
3 0.8838541666666667 0.30859375 0.013541666666666667 0.09375
2 0.8942708333333333 0.462890625 0.026041666666666668 0.11328125
3 0.946875 0.3984375 0.03125 0.171875
