1 0.11458333333333333 0.45703125 0.029166666666666667 0.1328125
1 0.14427083333333332 0.6328125 0.04479166666666667 0.203125
2 0.18802083333333333 0.328125 0.015625 0.078125
2 0.36875 0.37890625 0.020833333333333332 0.09375
2 0.55 0.51171875 0.029166666666666667 0.1484375
0 0.5854166666666667 0.408203125 0.01875 0.09765625
0 0.6026041666666667 0.35546875 0.015625 0.078125
0 0.6114583333333333 0.333984375 0.0125 0.07421875
0 0.6203125 0.30859375 0.011458333333333333 0.0625
0 0.6296875 0.287109375 0.011458333333333333 0.05859375
0 0.6359375 0.275390625 0.011458333333333333 0.05078125
0 0.6838541666666667 0.283203125 0.011458333333333333 0.05078125
0 0.73125 0.283203125 0.010416666666666666 0.05859375
0 0.7869791666666667 0.2890625 0.011458333333333333 0.0546875
0 0.7947916666666667 0.30859375 0.0125 0.0625
0 0.80625 0.333984375 0.014583333333333334 0.07421875
0 0.821875 0.359375 0.016666666666666666 0.078125
0 0.8302083333333333 0.390625 0.01875 0.09375
0 0.8651041666666667 0.47265625 0.026041666666666668 0.125
1 0.9057291666666667 0.564453125 0.034375 0.15234375
