2 0.6161458333333333 0.5703125 0.034375 0.15625
2 0.4390625 0.4375 0.021875 0.1015625
2 0.27760416666666665 0.380859375 0.019791666666666666 0.08203125
2 0.11927083333333334 0.3515625 0.019791666666666666 0.078125
2 0.016145833333333335 0.275390625 0.007291666666666667 0.03515625
1 0.01875 0.259765625 0.00625 0.03515625
2 0.0703125 0.27734375 0.009375 0.0390625
1 0.09895833333333333 0.263671875 0.008333333333333333 0.03515625
2 0.13645833333333332 0.2890625 0.010416666666666666 0.046875
1 0.16458333333333333 0.2734375 0.008333333333333333 0.0390625
2 0.20989583333333334 0.30078125 0.011458333333333333 0.046875
1 0.22239583333333332 0.28515625 0.007291666666666667 0.0390625
1 0.2859375 0.298828125 0.007291666666666667 0.04296875
2 0.30104166666666665 0.328125 0.010416666666666666 0.046875
1 0.3807291666666667 0.322265625 0.009375 0.04296875
2 0.3859375 0.349609375 0.011458333333333333 0.05078125
1 0.46458333333333335 0.34375 0.008333333333333333 0.046875
2 0.5015625 0.384765625 0.013541666666666667 0.05859375
2 0.609375 0.427734375 0.016666666666666666 0.07421875
1 0.6145833333333334 0.384765625 0.0125 0.05078125
1 0.7447916666666666 0.42578125 0.010416666666666666 0.0625
2 0.8197916666666667 0.505859375 0.022916666666666665 0.08984375
1 0.9411458333333333 0.48828125 0.017708333333333333 0.0859375
