1 0.09947916666666666 0.736328125 0.053125 0.23828125
1 0.06354166666666666 0.39453125 0.022916666666666665 0.09375
2 0.0921875 0.3046875 0.015625 0.0703125
1 0.13645833333333332 0.48046875 0.029166666666666667 0.1328125
2 0.275 0.3359375 0.01875 0.078125
2 0.421875 0.404296875 0.020833333333333332 0.10546875
0 0.45416666666666666 0.3515625 0.014583333333333334 0.0703125
0 0.4703125 0.314453125 0.011458333333333333 0.05859375
0 0.4796875 0.296875 0.009375 0.0546875
0 0.4890625 0.27734375 0.009375 0.0546875
0 0.4984375 0.26171875 0.009375 0.0546875
0 0.5057291666666667 0.25390625 0.009375 0.046875
0 0.5442708333333334 0.255859375 0.009375 0.04296875
0 0.5802083333333333 0.25390625 0.010416666666666666 0.046875
0 0.6234375 0.271484375 0.007291666666666667 0.04296875
0 0.6265625 0.294921875 0.009375 0.05078125
0 0.6328125 0.328125 0.013541666666666667 0.0625
0 0.6385416666666667 0.373046875 0.014583333333333334 0.08203125
1 0.646875 0.416015625 0.01875 0.08984375
1 0.8119791666666667 0.36328125 0.013541666666666667 0.0703125
2 0.9270833333333334 0.537109375 0.029166666666666667 0.13671875
