0 0.20052083333333334 0.751953125 0.04895833333333333 0.25390625
0 0.3 0.568359375 0.03125 0.16015625
0 0.3619791666666667 0.455078125 0.019791666666666666 0.11328125
0 0.39010416666666664 0.40625 0.015625 0.09375
0 0.48072916666666665 0.419921875 0.015625 0.08984375
0 0.5645833333333333 0.419921875 0.014583333333333334 0.08984375
0 0.6604166666666667 0.42578125 0.01875 0.09375
0 0.6947916666666667 0.494140625 0.01875 0.12109375
0 0.7588541666666667 0.619140625 0.036458333333333336 0.17578125
0 0.8671875 0.8125 0.04479166666666667 0.265625
