1 0.12239583333333333 0.81640625 0.06979166666666667 0.28125
1 0.303125 0.533203125 0.03333333333333333 0.12890625
1 0.3953125 0.4375 0.021875 0.0859375
1 0.47708333333333336 0.375 0.014583333333333334 0.0546875
1 0.6098958333333333 0.3515625 0.013541666666666667 0.0625
1 0.7234375 0.345703125 0.013541666666666667 0.05078125
1 0.8708333333333333 0.3671875 0.0125 0.046875
2 0.7869791666666667 0.44140625 0.021875 0.1015625
2 0.7520833333333333 0.455078125 0.020833333333333332 0.09765625
2 0.7744791666666667 0.51171875 0.026041666666666668 0.109375
2 0.8848958333333333 0.435546875 0.021875 0.09765625
