1 0.203125 0.673828125 0.035416666666666666 0.18359375
1 0.33541666666666664 0.458984375 0.016666666666666666 0.09765625
1 0.3859375 0.373046875 0.009375 0.06640625
1 0.4203125 0.326171875 0.007291666666666667 0.04296875
1 0.44166666666666665 0.3046875 0.00625 0.0390625
2 0.5677083333333334 0.294921875 0.00625 0.03515625
2 0.5796875 0.3125 0.007291666666666667 0.0390625
2 0.5958333333333333 0.337890625 0.008333333333333333 0.05078125
2 0.6265625 0.380859375 0.011458333333333333 0.06640625
2 0.6890625 0.462890625 0.017708333333333333 0.09765625
2 0.8578125 0.673828125 0.03854166666666667 0.17578125
2 0.7078125 0.291015625 0.007291666666666667 0.03515625
2 0.8145833333333333 0.298828125 0.00625 0.03515625
1 0.8583333333333333 0.279296875 0.00625 0.03515625
2 0.9645833333333333 0.3125 0.008333333333333333 0.046875
