1 0.05625 0.443359375 0.029166666666666667 0.12109375
2 0.0921875 0.330078125 0.019791666666666666 0.08203125
1 0.13385416666666666 0.58203125 0.034375 0.15625
3 0.1234375 0.66015625 0.06145833333333333 0.359375
2 0.27239583333333334 0.373046875 0.017708333333333333 0.08984375
2 0.29375 0.38671875 0.016666666666666666 0.0859375
0 0.3067708333333333 0.33984375 0.013541666666666667 0.0703125
0 0.3140625 0.30859375 0.009375 0.046875
0 0.3177083333333333 0.2890625 0.008333333333333333 0.046875
0 0.3223958333333333 0.2734375 0.007291666666666667 0.046875
0 0.3546875 0.275390625 0.009375 0.05078125
0 0.38385416666666666 0.275390625 0.009375 0.04296875
0 0.41041666666666665 0.2734375 0.008333333333333333 0.046875
0 0.421875 0.2890625 0.008333333333333333 0.046875
0 0.428125 0.3046875 0.008333333333333333 0.046875
0 0.4427083333333333 0.328125 0.010416666666666666 0.0625
1 0.46041666666666664 0.376953125 0.014583333333333334 0.07421875
1 0.48020833333333335 0.359375 0.0125 0.0703125
1 0.6166666666666667 0.318359375 0.0125 0.05859375
2 0.6364583333333333 0.525390625 0.029166666666666667 0.13671875
2 0.6541666666666667 0.3984375 0.01875 0.0859375
3 0.6682291666666667 0.603515625 0.046875 0.30078125
2 0.83125 0.880859375 0.06041666666666667 0.23828125
2 0.7338541666666667 0.353515625 0.013541666666666667 0.06640625
1 0.7411458333333333 0.3046875 0.011458333333333333 0.0546875
2 0.8375 0.337890625 0.014583333333333334 0.06640625
1 0.8703125 0.306640625 0.011458333333333333 0.05078125
2 0.9427083333333334 0.33984375 0.014583333333333334 0.0625
