1 0.3880208333333333 0.654296875 0.036458333333333336 0.19921875
1 0.5697916666666667 0.501953125 0.027083333333333334 0.12109375
1 0.6526041666666667 0.40234375 0.019791666666666666 0.09375
1 0.5807291666666666 0.345703125 0.013541666666666667 0.07421875
1 0.6296875 0.2890625 0.013541666666666667 0.0703125
1 0.6536458333333334 0.25390625 0.011458333333333333 0.046875
2 0.8848958333333333 0.265625 0.011458333333333333 0.0546875
2 0.8947916666666667 0.275390625 0.0125 0.05859375
2 0.9078125 0.2578125 0.009375 0.0546875
2 0.9208333333333333 0.31640625 0.020833333333333332 0.078125
2 0.9348958333333334 0.255859375 0.009375 0.05078125
