1 0.178125 0.904296875 0.0375 0.19140625
0 0.44583333333333336 0.353515625 0.010416666666666666 0.07421875
0 0.4947916666666667 0.318359375 0.008333333333333333 0.05078125
1 0.5364583333333334 0.466796875 0.016666666666666666 0.11328125
0 0.575 0.365234375 0.0125 0.07421875
0 0.5890625 0.326171875 0.009375 0.05859375
2 0.675 0.330078125 0.010416666666666666 0.05859375
1 0.7020833333333333 0.37890625 0.0125 0.078125
1 0.759375 0.314453125 0.008333333333333333 0.05078125
2 0.9041666666666667 0.611328125 0.035416666666666666 0.16796875
1 0.8994791666666667 0.337890625 0.011458333333333333 0.05859375
2 0.9401041666666666 0.474609375 0.026041666666666668 0.11328125
3 0.9916666666666667 0.328125 0.014583333333333334 0.09375
