1 0.14270833333333333 0.6953125 0.04791666666666667 0.2109375
1 0.09791666666666667 0.529296875 0.03333333333333333 0.14453125
1 0.06875 0.443359375 0.025 0.09765625
1 0.06822916666666666 0.41796875 0.023958333333333335 0.1015625
1 0.09635416666666667 0.3828125 0.015625 0.0625
1 0.1484375 0.3515625 0.013541666666666667 0.0546875
1 0.2604166666666667 0.328125 0.010416666666666666 0.0390625
2 0.3484375 0.361328125 0.011458333333333333 0.05078125
2 0.35625 0.373046875 0.0125 0.05859375
2 0.3703125 0.353515625 0.011458333333333333 0.05078125
2 0.4005208333333333 0.39453125 0.015625 0.0703125
2 0.42291666666666666 0.34765625 0.010416666666666666 0.046875
2 0.4901041666666667 0.435546875 0.023958333333333335 0.10546875
2 0.7098958333333333 0.576171875 0.03854166666666667 0.16015625
2 0.4734375 0.34375 0.011458333333333333 0.046875
2 0.55625 0.33984375 0.008333333333333333 0.046875
2 0.63125 0.341796875 0.008333333333333333 0.04296875
2 0.709375 0.341796875 0.008333333333333333 0.04296875
2 0.7880208333333333 0.34375 0.009375 0.0390625
2 0.8682291666666667 0.33984375 0.009375 0.0390625
