1 0.04375 0.38671875 0.027083333333333334 0.1171875
2 0.07239583333333334 0.265625 0.013541666666666667 0.0625
1 0.1125 0.4453125 0.029166666666666667 0.1328125
1 0.14322916666666666 0.611328125 0.042708333333333334 0.19921875
1 0.11822916666666666 0.228515625 0.007291666666666667 0.04296875
2 0.1734375 0.24609375 0.009375 0.046875
2 0.225 0.275390625 0.0125 0.06640625
1 0.23802083333333332 0.234375 0.007291666666666667 0.0390625
2 0.321875 0.248046875 0.008333333333333333 0.05078125
1 0.36822916666666666 0.23828125 0.007291666666666667 0.0390625
2 0.365625 0.298828125 0.016666666666666666 0.06640625
2 0.4197916666666667 0.255859375 0.008333333333333333 0.04296875
1 0.44375 0.2421875 0.00625 0.0390625
2 0.5041666666666667 0.259765625 0.008333333333333333 0.04296875
2 0.515625 0.353515625 0.01875 0.08984375
1 0.5328125 0.24609375 0.007291666666666667 0.0390625
2 0.625 0.26953125 0.008333333333333333 0.046875
1 0.6380208333333334 0.259765625 0.007291666666666667 0.04296875
2 0.7546875 0.55859375 0.03229166666666667 0.15625
1 0.7838541666666666 0.2734375 0.009375 0.0546875
2 0.7802083333333333 0.294921875 0.0125 0.05859375
1 0.8833333333333333 0.279296875 0.010416666666666666 0.05078125
2 0.9171875 0.3203125 0.013541666666666667 0.0625
1 0.9567708333333333 0.291015625 0.013541666666666667 0.05859375
