0 0.009895833333333333 0.3203125 0.011458333333333333 0.0625
0 0.023958333333333335 0.2734375 0.008333333333333333 0.0390625
2 0.0265625 0.34765625 0.015625 0.0703125
0 0.06041666666666667 0.26953125 0.00625 0.0390625
0 0.0921875 0.267578125 0.005208333333333333 0.04296875
0 0.1140625 0.27734375 0.009375 0.0390625
0 0.12916666666666668 0.287109375 0.008333333333333333 0.05078125
0 0.1546875 0.302734375 0.011458333333333333 0.05078125
3 0.043229166666666666 0.423828125 0.03854166666666667 0.18359375
1 0.10416666666666667 0.529296875 0.03125 0.14453125
3 0.13802083333333334 0.55078125 0.057291666666666664 0.2734375
1 0.1203125 0.751953125 0.05520833333333333 0.23828125
1 0.184375 0.322265625 0.0125 0.06640625
1 0.19791666666666666 0.310546875 0.0125 0.05859375
1 0.3078125 0.28125 0.009375 0.046875
2 0.3223958333333333 0.36328125 0.015625 0.078125
3 0.33697916666666666 0.365234375 0.023958333333333335 0.14453125
2 0.39114583333333336 0.29296875 0.009375 0.0390625
2 0.39010416666666664 0.419921875 0.021875 0.10546875
1 0.40208333333333335 0.265625 0.00625 0.0390625
2 0.4578125 0.279296875 0.009375 0.04296875
3 0.48541666666666666 0.427734375 0.03333333333333333 0.18359375
1 0.48541666666666666 0.263671875 0.00625 0.03515625
2 0.515625 0.275390625 0.010416666666666666 0.04296875
1 0.5880208333333333 0.26171875 0.007291666666666667 0.0390625
2 0.5979166666666667 0.2734375 0.008333333333333333 0.0390625
2 0.5958333333333333 0.498046875 0.027083333333333334 0.12890625
1 0.7005208333333334 0.26953125 0.005208333333333333 0.03125
2 0.6942708333333333 0.279296875 0.007291666666666667 0.03515625
2 0.7895833333333333 0.291015625 0.010416666666666666 0.04296875
1 0.8192708333333333 0.28125 0.009375 0.0390625
2 0.875 0.3046875 0.010416666666666666 0.046875
1 0.9442708333333333 0.298828125 0.009375 0.04296875
