1 0.07395833333333333 0.751953125 0.05 0.23828125
1 0.27395833333333336 0.32421875 0.010416666666666666 0.0546875
1 0.40260416666666665 0.490234375 0.021875 0.11328125
2 0.3807291666666667 0.296875 0.005208333333333333 0.0390625
2 0.41302083333333334 0.298828125 0.005208333333333333 0.03515625
2 0.45208333333333334 0.294921875 0.00625 0.03515625
1 0.44166666666666665 0.337890625 0.008333333333333333 0.05859375
2 0.5140625 0.275390625 0.005208333333333333 0.03515625
1 0.5572916666666666 0.404296875 0.014583333333333334 0.08203125
1 0.5604166666666667 0.318359375 0.008333333333333333 0.05078125
1 0.6197916666666666 0.294921875 0.00625 0.04296875
1 0.6671875 0.369140625 0.011458333333333333 0.06640625
1 0.6494791666666667 0.275390625 0.007291666666666667 0.04296875
1 0.7828125 0.333984375 0.011458333333333333 0.05859375
1 0.9239583333333333 0.30859375 0.010416666666666666 0.0546875
1 0.14947916666666666 0.294921875 0.007291666666666667 0.04296875
1 0.18177083333333333 0.30859375 0.007291666666666667 0.046875
1 0.66875 0.263671875 0.00625 0.03515625
1 0.6802083333333333 0.263671875 0.00625 0.02734375
1 0.7151041666666667 0.26171875 0.005208333333333333 0.03125
1 0.7661458333333333 0.265625 0.005208333333333333 0.03125
2 0.31145833333333334 0.283203125 0.00625 0.03515625
2 0.3375 0.291015625 0.00625 0.04296875
