2 0.13802083333333334 0.546875 0.03854166666666667 0.1640625
2 0.22760416666666666 0.2265625 0.009375 0.046875
2 0.33229166666666665 0.287109375 0.008333333333333333 0.05078125
2 0.14739583333333334 0.169921875 0.007291666666666667 0.03515625
2 0.16041666666666668 0.166015625 0.00625 0.02734375
2 0.1625 0.19140625 0.00625 0.03125
1 0.2760416666666667 0.208984375 0.00625 0.03515625
1 0.2796875 0.19921875 0.005208333333333333 0.03125
1 0.29635416666666664 0.19921875 0.007291666666666667 0.03125
1 0.2942708333333333 0.224609375 0.007291666666666667 0.04296875
1 0.6536458333333334 0.369140625 0.017708333333333333 0.08984375
1 0.7432291666666667 0.294921875 0.013541666666666667 0.07421875
1 0.8244791666666667 0.259765625 0.011458333333333333 0.05859375
1 0.8828125 0.248046875 0.009375 0.05078125
1 0.9333333333333333 0.2421875 0.008333333333333333 0.046875
1 0.9932291666666667 0.234375 0.007291666666666667 0.0390625
