1 0.1265625 0.69921875 0.051041666666666666 0.21875
1 0.1828125 0.49609375 0.028125 0.1171875
1 0.21979166666666666 0.431640625 0.020833333333333332 0.08203125
1 0.2640625 0.39453125 0.017708333333333333 0.0703125
1 0.3223958333333333 0.359375 0.013541666666666667 0.046875
1 0.4296875 0.33984375 0.011458333333333333 0.0390625
2 0.5760416666666667 0.453125 0.020833333333333332 0.09375
2 0.7229166666666667 0.576171875 0.0375 0.15234375
2 0.525 0.408203125 0.014583333333333334 0.06640625
2 0.5171875 0.388671875 0.013541666666666667 0.06640625
2 0.5416666666666666 0.37890625 0.0125 0.0625
2 0.6026041666666667 0.376953125 0.011458333333333333 0.05859375
2 0.6630208333333333 0.375 0.013541666666666667 0.0546875
2 0.7723958333333333 0.380859375 0.013541666666666667 0.05859375
2 0.8807291666666667 0.388671875 0.013541666666666667 0.05859375
1 0.10052083333333334 0.373046875 0.013541666666666667 0.05859375
1 0.17083333333333334 0.349609375 0.0125 0.05078125
1 0.19479166666666667 0.32421875 0.010416666666666666 0.0390625
