1 0.13072916666666667 0.71875 0.046875 0.21875
1 0.38229166666666664 0.447265625 0.01875 0.09765625
1 0.48802083333333335 0.353515625 0.011458333333333333 0.05859375
1 0.5385416666666667 0.33203125 0.010416666666666666 0.0625
1 0.5994791666666667 0.314453125 0.007291666666666667 0.05078125
1 0.6875 0.30859375 0.008333333333333333 0.046875
1 0.7635416666666667 0.3046875 0.00625 0.0390625
1 0.7927083333333333 0.298828125 0.00625 0.03515625
1 0.8020833333333334 0.296875 0.00625 0.03125
2 0.8625 0.32421875 0.00625 0.0390625
2 0.7947916666666667 0.333984375 0.008333333333333333 0.04296875
2 0.7463541666666667 0.345703125 0.011458333333333333 0.05078125
2 0.7197916666666667 0.36328125 0.0125 0.0625
2 0.7041666666666667 0.408203125 0.016666666666666666 0.08203125
2 0.765625 0.546875 0.027083333333333334 0.1328125
