0 0.008333333333333333 0.421875 0.014583333333333334 0.109375
0 0.04583333333333333 0.376953125 0.022916666666666665 0.09765625
0 0.08854166666666667 0.330078125 0.01875 0.08984375
0 0.1265625 0.294921875 0.015625 0.07421875
0 0.14895833333333333 0.275390625 0.0125 0.05859375
0 0.21614583333333334 0.27734375 0.013541666666666667 0.0625
0 0.275 0.2734375 0.0125 0.0625
0 0.33489583333333334 0.291015625 0.013541666666666667 0.07421875
0 0.33489583333333334 0.333984375 0.015625 0.07421875
0 0.3411458333333333 0.365234375 0.017708333333333333 0.08203125
0 0.33541666666666664 0.3984375 0.020833333333333332 0.109375
0 0.33489583333333334 0.51953125 0.030208333333333334 0.140625
1 0.3338541666666667 0.685546875 0.040625 0.19921875
1 0.5947916666666667 0.42578125 0.020833333333333332 0.1015625
1 0.7734375 0.36328125 0.013541666666666667 0.0703125
2 0.9291666666666667 0.587890625 0.035416666666666666 0.15234375
1 0.9640625 0.353515625 0.013541666666666667 0.06640625
