1 0.32760416666666664 0.560546875 0.030208333333333334 0.16015625
1 0.40260416666666665 0.404296875 0.015625 0.08984375
1 0.4296875 0.35546875 0.011458333333333333 0.0703125
1 0.446875 0.328125 0.00625 0.0390625
1 0.4625 0.31640625 0.00625 0.0390625
1 0.46979166666666666 0.3046875 0.00625 0.03125
1 0.4609375 0.314453125 0.005208333333333333 0.03515625
1 0.4942708333333333 0.28515625 0.005208333333333333 0.03125
1 0.5322916666666667 0.283203125 0.00625 0.03515625
2 0.8229166666666666 0.599609375 0.0375 0.16015625
2 0.6927083333333334 0.423828125 0.01875 0.08984375
2 0.6421875 0.359375 0.013541666666666667 0.0703125
2 0.6088541666666667 0.322265625 0.009375 0.05078125
2 0.5890625 0.306640625 0.007291666666666667 0.05078125
2 0.5755208333333334 0.2890625 0.005208333333333333 0.0390625
2 0.8958333333333334 0.2734375 0.004166666666666667 0.03125
2 0.821875 0.29296875 0.0020833333333333333 0.03125
2 0.7427083333333333 0.28125 0.004166666666666667 0.0390625
2 0.6864583333333333 0.28515625 0.004166666666666667 0.03125
2 0.6484375 0.169921875 0.003125 0.04296875
2 0.6369791666666667 0.28515625 0.005208333333333333 0.0390625
