1 0.325 0.595703125 0.029166666666666667 0.15234375
1 0.42291666666666666 0.4453125 0.016666666666666666 0.09375
1 0.4666666666666667 0.3828125 0.0125 0.0625
1 0.4875 0.359375 0.008333333333333333 0.046875
1 0.503125 0.3359375 0.00625 0.0390625
2 0.596875 0.333984375 0.00625 0.03515625
2 0.603125 0.322265625 0.00625 0.03515625
2 0.6046875 0.353515625 0.007291666666666667 0.04296875
2 0.6213541666666667 0.380859375 0.011458333333333333 0.05859375
2 0.6505208333333333 0.431640625 0.017708333333333333 0.08984375
2 0.7421875 0.59765625 0.03229166666666667 0.1484375
1 0.4244791666666667 0.326171875 0.007291666666666667 0.03515625
