1 0.09166666666666666 0.64453125 0.05416666666666667 0.1953125
1 0.05520833333333333 0.53515625 0.04375 0.1484375
2 0.12604166666666666 0.314453125 0.016666666666666666 0.07421875
2 0.2609375 0.369140625 0.019791666666666666 0.08203125
2 0.3875 0.412109375 0.025 0.09765625
2 0.5682291666666667 0.505859375 0.03229166666666667 0.12890625
2 0.8890625 0.478515625 0.026041666666666668 0.10546875
1 0.8307291666666666 0.38671875 0.015625 0.0625
1 0.7333333333333333 0.34765625 0.010416666666666666 0.046875
2 0.7182291666666667 0.384765625 0.017708333333333333 0.07421875
1 0.6661458333333333 0.3203125 0.009375 0.0390625
2 0.628125 0.34375 0.014583333333333334 0.0625
1 0.603125 0.302734375 0.008333333333333333 0.03515625
2 0.5692708333333333 0.322265625 0.011458333333333333 0.05078125
2 0.5276041666666667 0.3125 0.011458333333333333 0.0546875
1 0.5411458333333333 0.291015625 0.009375 0.03515625
2 0.4869791666666667 0.30078125 0.011458333333333333 0.046875
2 0.43854166666666666 0.29296875 0.010416666666666666 0.046875
2 0.39791666666666664 0.287109375 0.010416666666666666 0.04296875
2 0.35208333333333336 0.27734375 0.010416666666666666 0.046875
