2 0.053125 0.333984375 0.010416666666666666 0.05859375
2 0.13854166666666667 0.267578125 0.008333333333333333 0.03515625
2 0.140625 0.30859375 0.010416666666666666 0.046875
2 0.16510416666666666 0.27734375 0.007291666666666667 0.0390625
2 0.171875 0.29296875 0.008333333333333333 0.03125
1 0.1890625 0.380859375 0.013541666666666667 0.06640625
1 0.2609375 0.544921875 0.026041666666666668 0.12890625
1 0.28177083333333336 0.341796875 0.009375 0.05078125
1 0.3177083333333333 0.306640625 0.008333333333333333 0.04296875
1 0.36302083333333335 0.43359375 0.015625 0.0859375
1 0.44947916666666665 0.369140625 0.011458333333333333 0.05859375
1 0.5854166666666667 0.33984375 0.010416666666666666 0.0546875
1 0.6973958333333333 0.33203125 0.009375 0.046875
2 0.7302083333333333 0.443359375 0.01875 0.08984375
2 0.7572916666666667 0.498046875 0.01875 0.08984375
2 0.7645833333333333 0.4296875 0.014583333333333334 0.078125
1 0.8411458333333334 0.349609375 0.009375 0.05078125
2 0.8604166666666667 0.419921875 0.016666666666666666 0.07421875
