1 0.2520833333333333 0.787109375 0.04375 0.24609375
1 0.403125 0.482421875 0.01875 0.11328125
1 0.5390625 0.3828125 0.011458333333333333 0.0703125
1 0.6104166666666667 0.353515625 0.008333333333333333 0.05078125
1 0.6677083333333333 0.326171875 0.008333333333333333 0.05078125
1 0.7385416666666667 0.33203125 0.008333333333333333 0.046875
1 0.7885416666666667 0.330078125 0.008333333333333333 0.05078125
1 0.8458333333333333 0.318359375 0.008333333333333333 0.05078125
2 0.8484375 0.392578125 0.013541666666666667 0.07421875
2 0.9609375 0.404296875 0.013541666666666667 0.08203125
2 0.7880208333333333 0.7421875 0.040625 0.21875
2 0.7328125 0.537109375 0.023958333333333335 0.13671875
2 0.7307291666666667 0.44140625 0.013541666666666667 0.09375
2 0.7484375 0.400390625 0.011458333333333333 0.07421875
2 0.7755208333333333 0.384765625 0.013541666666666667 0.06640625
2 0.9838541666666667 0.302734375 0.009375 0.05078125
