1 0.0203125 0.306640625 0.013541666666666667 0.07421875
3 0.0453125 0.3046875 0.019791666666666666 0.109375
3 0.033854166666666664 0.349609375 0.030208333333333334 0.13671875
1 0.052083333333333336 0.34375 0.01875 0.078125
2 0.07239583333333334 0.265625 0.011458333333333333 0.0546875
1 0.196875 0.259765625 0.010416666666666666 0.05078125
3 0.25104166666666666 0.294921875 0.0125 0.09765625
2 0.259375 0.322265625 0.010416666666666666 0.07421875
3 0.2921875 0.32421875 0.017708333333333333 0.109375
1 0.284375 0.2421875 0.008333333333333333 0.046875
2 0.3458333333333333 0.259765625 0.008333333333333333 0.04296875
2 0.3421875 0.365234375 0.017708333333333333 0.08203125
1 0.3729166666666667 0.234375 0.00625 0.03125
2 0.4083333333333333 0.25390625 0.00625 0.0390625
1 0.4588541666666667 0.529296875 0.026041666666666668 0.13671875
2 0.4734375 0.255859375 0.007291666666666667 0.03515625
2 0.5072916666666667 0.400390625 0.01875 0.08984375
1 0.5369791666666667 0.294921875 0.009375 0.05078125
0 0.6166666666666667 0.734375 0.041666666666666664 0.21875
2 0.6864583333333333 0.404296875 0.01875 0.08984375
2 0.6901041666666666 0.275390625 0.007291666666666667 0.04296875
1 0.7359375 0.26953125 0.007291666666666667 0.0390625
2 0.7625 0.294921875 0.008333333333333333 0.04296875
2 0.8119791666666667 0.37890625 0.017708333333333333 0.078125
2 0.821875 0.31640625 0.014583333333333334 0.0546875
1 0.8442708333333333 0.294921875 0.009375 0.04296875
2 0.8473958333333333 0.349609375 0.013541666666666667 0.05859375
1 0.8796875 0.529296875 0.030208333333333334 0.12890625
1 0.95625 0.326171875 0.0125 0.05078125
