0 0.00625 0.296875 0.010416666666666666 0.0625
1 0.04635416666666667 0.4296875 0.030208333333333334 0.1171875
0 0.0734375 0.267578125 0.009375 0.05078125
0 0.11145833333333334 0.283203125 0.010416666666666666 0.05859375
2 0.1109375 0.322265625 0.015625 0.06640625
1 0.11822916666666666 0.56640625 0.03854166666666667 0.1640625
2 0.28802083333333334 0.359375 0.015625 0.078125
3 0.40572916666666664 0.259765625 0.011458333333333333 0.06640625
2 0.4708333333333333 0.453125 0.022916666666666665 0.1171875
2 0.8239583333333333 0.875 0.06458333333333334 0.25
