1 0.28802083333333334 0.63671875 0.036458333333333336 0.1875
1 0.38125 0.40625 0.020833333333333332 0.09375
1 0.4114583333333333 0.333984375 0.0125 0.06640625
1 0.42135416666666664 0.302734375 0.009375 0.05859375
1 0.42864583333333334 0.2890625 0.007291666666666667 0.0390625
1 0.4375 0.2734375 0.008333333333333333 0.0390625
2 0.5338541666666666 0.259765625 0.007291666666666667 0.03515625
2 0.5380208333333333 0.271484375 0.007291666666666667 0.03515625
2 0.5463541666666667 0.255859375 0.007291666666666667 0.02734375
2 0.5510416666666667 0.28515625 0.008333333333333333 0.046875
2 0.5635416666666667 0.25390625 0.00625 0.03125
2 0.5885416666666666 0.251953125 0.00625 0.03515625
2 0.5723958333333333 0.306640625 0.011458333333333333 0.05078125
2 0.6010416666666667 0.34375 0.016666666666666666 0.0703125
2 0.8229166666666666 0.66015625 0.03958333333333333 0.1796875
