2 0.07552083333333333 0.3125 0.015625 0.0703125
2 0.07447916666666667 0.376953125 0.021875 0.08203125
2 0.146875 0.279296875 0.0125 0.05859375
2 0.23645833333333333 0.2578125 0.00625 0.0390625
1 0.23802083333333332 0.3046875 0.013541666666666667 0.0625
1 0.2635416666666667 0.283203125 0.0125 0.05078125
1 0.26927083333333335 0.333984375 0.015625 0.07421875
2 0.28229166666666666 0.4609375 0.027083333333333334 0.125
1 0.3125 0.26953125 0.008333333333333333 0.0390625
2 0.3484375 0.466796875 0.023958333333333335 0.12890625
2 0.3302083333333333 0.25 0.008333333333333333 0.03125
1 0.375 0.259765625 0.008333333333333333 0.04296875
1 0.35885416666666664 0.70703125 0.046875 0.21875
1 0.4197916666666667 0.634765625 0.0375 0.18359375
2 0.41822916666666665 0.24609375 0.007291666666666667 0.03125
1 0.43697916666666664 0.255859375 0.007291666666666667 0.03515625
1 0.4432291666666667 0.3828125 0.017708333333333333 0.0859375
2 0.484375 0.248046875 0.00625 0.02734375
1 0.4947916666666667 0.255859375 0.008333333333333333 0.03515625
1 0.5635416666666667 0.259765625 0.00625 0.03515625
2 0.5776041666666667 0.251953125 0.007291666666666667 0.03515625
1 0.6369791666666667 0.392578125 0.017708333333333333 0.08203125
1 0.6505208333333333 0.26953125 0.007291666666666667 0.0390625
2 0.6838541666666667 0.265625 0.007291666666666667 0.0390625
3 0.7072916666666667 0.369140625 0.022916666666666665 0.12890625
1 0.7260416666666667 0.28125 0.008333333333333333 0.0390625
1 0.7604166666666666 0.3828125 0.016666666666666666 0.078125
1 0.784375 0.30078125 0.010416666666666666 0.046875
3 0.8114583333333333 0.345703125 0.020833333333333332 0.11328125
1 0.83125 0.3203125 0.0125 0.0546875
1 0.8302083333333333 0.357421875 0.0125 0.06640625
2 0.8895833333333333 0.5625 0.03333333333333333 0.15625
3 0.9322916666666666 0.474609375 0.03958333333333333 0.19921875
2 0.8744791666666667 0.3046875 0.011458333333333333 0.046875
2 0.9645833333333333 0.34375 0.010416666666666666 0.0546875
2 0.9744791666666667 0.3515625 0.011458333333333333 0.0546875
