2 0.071875 0.306640625 0.016666666666666666 0.08203125
1 0.07708333333333334 0.4765625 0.03333333333333333 0.1328125
1 0.14166666666666666 0.53125 0.0375 0.1484375
1 0.14114583333333333 0.6875 0.053125 0.2265625
2 0.21614583333333334 0.34765625 0.019791666666666666 0.0859375
2 0.3421875 0.37890625 0.019791666666666666 0.0859375
2 0.4984375 0.4375 0.026041666666666668 0.1171875
2 0.7239583333333334 0.595703125 0.04583333333333333 0.19140625
2 0.909375 0.501953125 0.029166666666666667 0.10546875
1 0.8640625 0.412109375 0.015625 0.07421875
2 0.740625 0.416015625 0.01875 0.08984375
1 0.7135416666666666 0.353515625 0.0125 0.06640625
2 0.6192708333333333 0.353515625 0.013541666666666667 0.06640625
1 0.6354166666666666 0.3203125 0.010416666666666666 0.0390625
2 0.4197916666666667 0.29296875 0.0125 0.046875
2 0.45729166666666665 0.298828125 0.010416666666666666 0.04296875
1 0.46979166666666666 0.279296875 0.00625 0.04296875
2 0.4947916666666667 0.30859375 0.0125 0.0546875
1 0.5255208333333333 0.2890625 0.011458333333333333 0.046875
2 0.5479166666666667 0.322265625 0.014583333333333334 0.05859375
1 0.5802083333333333 0.3046875 0.0125 0.046875
