1 0.049479166666666664 0.654296875 0.042708333333333334 0.19921875
1 0.22552083333333334 0.857421875 0.057291666666666664 0.26953125
1 0.23958333333333334 0.3984375 0.016666666666666666 0.0859375
1 0.2942708333333333 0.359375 0.013541666666666667 0.0703125
1 0.35989583333333336 0.337890625 0.011458333333333333 0.05859375
1 0.41770833333333335 0.3359375 0.010416666666666666 0.0546875
1 0.48802083333333335 0.328125 0.009375 0.046875
1 0.5307291666666667 0.328125 0.007291666666666667 0.0390625
2 0.5197916666666667 0.39453125 0.014583333333333334 0.0859375
2 0.5328125 0.501953125 0.023958333333333335 0.12109375
2 0.5536458333333333 0.3671875 0.013541666666666667 0.0625
2 0.5869791666666667 0.3515625 0.009375 0.0546875
2 0.6052083333333333 0.34765625 0.008333333333333333 0.046875
1 0.6161458333333333 0.31640625 0.007291666666666667 0.0390625
2 0.6635416666666667 0.341796875 0.00625 0.04296875
1 0.75 0.326171875 0.008333333333333333 0.04296875
2 0.7864583333333334 0.353515625 0.010416666666666666 0.05078125
2 0.8265625 0.681640625 0.040625 0.19140625
1 0.8588541666666667 0.330078125 0.007291666666666667 0.03515625
2 0.9307291666666667 0.365234375 0.009375 0.05078125
