1 0.3229166666666667 0.6171875 0.03125 0.171875
1 0.4953125 0.4453125 0.015625 0.0859375
1 0.5578125 0.380859375 0.011458333333333333 0.06640625
2 0.7895833333333333 0.376953125 0.010416666666666666 0.05859375
2 0.8255208333333334 0.412109375 0.015625 0.08203125
2 0.7989583333333333 0.365234375 0.010416666666666666 0.05859375
2 0.7786458333333334 0.330078125 0.007291666666666667 0.04296875
2 0.7666666666666667 0.31640625 0.00625 0.0390625
1 0.5953125 0.33984375 0.007291666666666667 0.046875
1 0.6182291666666667 0.31640625 0.007291666666666667 0.0390625
2 0.8765625 0.505859375 0.023958333333333335 0.11328125
