1 0.28020833333333334 0.55078125 0.029166666666666667 0.1484375
1 0.4390625 0.431640625 0.015625 0.08984375
1 0.5130208333333334 0.392578125 0.009375 0.06640625
1 0.5661458333333333 0.369140625 0.009375 0.05859375
2 0.7348958333333333 0.4140625 0.013541666666666667 0.078125
2 0.7411458333333333 0.376953125 0.009375 0.05859375
2 0.7369791666666666 0.4921875 0.017708333333333333 0.1015625
2 0.76875 0.60546875 0.03333333333333333 0.15625
1 0.6161458333333333 0.349609375 0.007291666666666667 0.04296875
1 0.6541666666666667 0.33984375 0.00625 0.0390625
2 0.765625 0.35546875 0.008333333333333333 0.046875
