1 0.0671875 0.4375 0.026041666666666668 0.1171875
2 0.11822916666666666 0.33984375 0.017708333333333333 0.078125
1 0.15833333333333333 0.55859375 0.03333333333333333 0.15625
2 0.27760416666666665 0.365234375 0.017708333333333333 0.08203125
2 0.44635416666666666 0.458984375 0.023958333333333335 0.12109375
2 0.4713541666666667 0.482421875 0.023958333333333335 0.12890625
0 0.4984375 0.39453125 0.015625 0.0859375
0 0.5119791666666667 0.345703125 0.011458333333333333 0.06640625
0 0.5177083333333333 0.3203125 0.010416666666666666 0.0625
0 0.5244791666666667 0.298828125 0.009375 0.05078125
0 0.5609375 0.30078125 0.009375 0.0546875
0 0.5942708333333333 0.3046875 0.009375 0.0546875
0 0.6260416666666667 0.3046875 0.010416666666666666 0.0546875
0 0.6421875 0.326171875 0.011458333333333333 0.05859375
0 0.653125 0.3515625 0.014583333333333334 0.0703125
0 0.6791666666666667 0.400390625 0.01875 0.08984375
1 0.7203125 0.5078125 0.026041666666666668 0.125
1 0.746875 0.466796875 0.025 0.11328125
