1 0.3046875 0.5390625 0.026041666666666668 0.140625
1 0.42083333333333334 0.4140625 0.014583333333333334 0.0859375
1 0.42083333333333334 0.4140625 0.014583333333333334 0.0859375
1 0.5005208333333333 0.34765625 0.009375 0.0546875
1 0.5583333333333333 0.3203125 0.008333333333333333 0.046875
1 0.603125 0.30859375 0.00625 0.0390625
2 0.6765625 0.376953125 0.011458333333333333 0.06640625
2 0.6958333333333333 0.447265625 0.016666666666666666 0.09765625
2 0.75625 0.576171875 0.029166666666666667 0.14453125
2 0.7026041666666667 0.34765625 0.009375 0.0546875
2 0.7239583333333334 0.326171875 0.008333333333333333 0.04296875
2 0.8942708333333333 0.37890625 0.011458333333333333 0.0625
2 0.8984375 0.349609375 0.009375 0.05078125
2 0.9317708333333333 0.3359375 0.007291666666666667 0.046875
2 0.746875 0.30859375 0.008333333333333333 0.0390625
