1 0.23177083333333334 0.599609375 0.03229166666666667 0.16796875
1 0.4119791666666667 0.419921875 0.017708333333333333 0.08203125
1 0.5046875 0.34375 0.009375 0.0546875
1 0.5510416666666667 0.326171875 0.008333333333333333 0.05078125
1 0.609375 0.3125 0.008333333333333333 0.046875
1 0.6953125 0.30859375 0.007291666666666667 0.046875
1 0.7697916666666667 0.306640625 0.00625 0.03515625
2 0.7453125 0.501953125 0.023958333333333335 0.11328125
2 0.7020833333333333 0.392578125 0.014583333333333334 0.07421875
2 0.7208333333333333 0.359375 0.0125 0.0546875
2 0.7489583333333333 0.33984375 0.008333333333333333 0.046875
2 0.7963541666666667 0.330078125 0.007291666666666667 0.04296875
1 0.7989583333333333 0.296875 0.00625 0.03125
1 0.8098958333333334 0.298828125 0.007291666666666667 0.03515625
2 0.8651041666666667 0.326171875 0.007291666666666667 0.04296875
