3 0.05625 0.748046875 0.07291666666666667 0.37109375
1 0.03802083333333333 0.3828125 0.019791666666666666 0.1015625
2 0.04375 0.302734375 0.014583333333333334 0.07421875
1 0.12916666666666668 0.453125 0.027083333333333334 0.125
1 0.146875 0.6328125 0.041666666666666664 0.203125
2 0.23854166666666668 0.33203125 0.016666666666666666 0.078125
2 0.384375 0.380859375 0.01875 0.08984375
0 0.41041666666666665 0.33984375 0.014583333333333334 0.0703125
0 0.4239583333333333 0.3046875 0.010416666666666666 0.0546875
0 0.43125 0.2890625 0.010416666666666666 0.0546875
0 0.4401041666666667 0.2734375 0.009375 0.0546875
0 0.44895833333333335 0.259765625 0.008333333333333333 0.05078125
0 0.4552083333333333 0.251953125 0.008333333333333333 0.04296875
0 0.49166666666666664 0.2578125 0.010416666666666666 0.046875
0 0.5260416666666666 0.2578125 0.008333333333333333 0.0390625
0 0.5645833333333333 0.26953125 0.008333333333333333 0.0390625
0 0.5682291666666667 0.287109375 0.009375 0.04296875
0 0.5729166666666666 0.31640625 0.010416666666666666 0.0546875
0 0.5786458333333333 0.353515625 0.015625 0.07421875
1 0.584375 0.388671875 0.014583333333333334 0.08203125
1 0.7255208333333333 0.341796875 0.013541666666666667 0.07421875
2 0.7760416666666666 0.626953125 0.0375 0.18359375
3 0.8875 0.802734375 0.0625 0.38671875
2 0.803125 0.46875 0.027083333333333334 0.1171875
1 0.8880208333333334 0.328125 0.013541666666666667 0.0625
2 0.8989583333333333 0.416015625 0.01875 0.08984375
