1 0.005729166666666666 0.291015625 0.011458333333333333 0.05859375
2 0.05572916666666667 0.267578125 0.009375 0.05078125
1 0.1546875 0.29296875 0.011458333333333333 0.0546875
2 0.22291666666666668 0.275390625 0.010416666666666666 0.05078125
1 0.2526041666666667 0.3046875 0.011458333333333333 0.0625
1 0.24270833333333333 0.65234375 0.041666666666666664 0.1953125
2 0.3333333333333333 0.287109375 0.008333333333333333 0.04296875
2 0.33489583333333334 0.330078125 0.011458333333333333 0.06640625
3 0.3458333333333333 0.498046875 0.035416666666666666 0.23046875
1 0.38645833333333335 0.376953125 0.014583333333333334 0.08203125
1 0.38125 0.470703125 0.022916666666666665 0.12109375
3 0.39427083333333335 0.37890625 0.021875 0.1484375
2 0.4421875 0.31640625 0.009375 0.0546875
2 0.4557291666666667 0.322265625 0.009375 0.05078125
0 0.4630208333333333 0.296875 0.007291666666666667 0.046875
0 0.46770833333333334 0.28515625 0.00625 0.0390625
0 0.4703125 0.2734375 0.005208333333333333 0.0390625
0 0.4734375 0.263671875 0.005208333333333333 0.03515625
0 0.4979166666666667 0.263671875 0.00625 0.03515625
0 0.5197916666666667 0.267578125 0.00625 0.03515625
0 0.540625 0.265625 0.00625 0.03125
0 0.5479166666666667 0.275390625 0.00625 0.03515625
0 0.5505208333333333 0.287109375 0.005208333333333333 0.03515625
0 0.5572916666666666 0.30078125 0.00625 0.046875
1 0.5619791666666667 0.32421875 0.009375 0.0546875
1 0.5796875 0.31640625 0.009375 0.0546875
3 0.6328125 0.400390625 0.021875 0.14453125
2 0.6453125 0.39453125 0.013541666666666667 0.0859375
2 0.6619791666666667 0.48046875 0.023958333333333335 0.1171875
2 0.696875 0.3515625 0.0125 0.0546875
1 0.7 0.30859375 0.008333333333333333 0.046875
2 0.7859375 0.337890625 0.011458333333333333 0.05078125
1 0.825 0.306640625 0.008333333333333333 0.04296875
2 0.8963541666666667 0.333984375 0.013541666666666667 0.05078125
1 0.9625 0.322265625 0.008333333333333333 0.04296875
2 0.8822916666666667 0.759765625 0.04791666666666667 0.22265625
3 0.740625 0.544921875 0.04375 0.25390625
