1 0.25729166666666664 0.384765625 0.027083333333333334 0.12890625
1 0.3458333333333333 0.302734375 0.01875 0.09765625
1 0.415625 0.26171875 0.014583333333333334 0.078125
1 0.4640625 0.259765625 0.011458333333333333 0.06640625
1 0.5015625 0.251953125 0.011458333333333333 0.05859375
2 0.8427083333333333 0.669921875 0.03958333333333333 0.19921875
2 0.6359375 0.556640625 0.03854166666666667 0.17578125
2 0.5859375 0.404296875 0.017708333333333333 0.10546875
2 0.5802083333333333 0.341796875 0.016666666666666666 0.08203125
2 0.5869791666666667 0.306640625 0.017708333333333333 0.08203125
2 0.6026041666666667 0.279296875 0.013541666666666667 0.06640625
