1 0.2609375 0.2265625 0.005208333333333333 0.03125
1 0.24166666666666667 0.228515625 0.00625 0.03515625
1 0.20052083333333334 0.251953125 0.007291666666666667 0.04296875
1 0.20052083333333334 0.2890625 0.011458333333333333 0.0546875
1 0.22135416666666666 0.234375 0.007291666666666667 0.0390625
1 0.2171875 0.361328125 0.013541666666666667 0.07421875
1 0.38958333333333334 0.423828125 0.014583333333333334 0.08984375
1 0.25052083333333336 0.716796875 0.040625 0.20703125
2 0.7760416666666666 0.748046875 0.04583333333333333 0.21484375
2 0.6348958333333333 0.46484375 0.021875 0.1015625
2 0.6171875 0.388671875 0.015625 0.07421875
2 0.528125 0.33984375 0.010416666666666666 0.0546875
2 0.4557291666666667 0.330078125 0.009375 0.05078125
2 0.35052083333333334 0.232421875 0.005208333333333333 0.02734375
2 0.34479166666666666 0.240234375 0.00625 0.03515625
2 0.3416666666666667 0.251953125 0.00625 0.03515625
2 0.346875 0.267578125 0.00625 0.03515625
2 0.359375 0.28515625 0.008333333333333333 0.046875
2 0.39375 0.318359375 0.010416666666666666 0.05078125
1 0.6067708333333334 0.2734375 0.005208333333333333 0.03125
2 0.6317708333333333 0.291015625 0.005208333333333333 0.02734375
1 0.6578125 0.279296875 0.005208333333333333 0.02734375
1 0.7145833333333333 0.283203125 0.00625 0.02734375
2 0.7307291666666667 0.30078125 0.007291666666666667 0.0390625
