1 0.2916666666666667 0.712890625 0.041666666666666664 0.21484375
1 0.32760416666666664 0.556640625 0.028125 0.13671875
2 0.8182291666666667 0.76953125 0.04479166666666667 0.1953125
2 0.6682291666666667 0.548828125 0.023958333333333335 0.11328125
2 0.5494791666666666 0.462890625 0.017708333333333333 0.08203125
2 0.43072916666666666 0.41015625 0.015625 0.0703125
1 0.31302083333333336 0.48046875 0.023958333333333335 0.109375
1 0.24322916666666666 0.41796875 0.017708333333333333 0.0859375
2 0.3421875 0.3671875 0.013541666666666667 0.0546875
1 0.20572916666666666 0.3671875 0.013541666666666667 0.0703125
