2 0.14010416666666667 0.353515625 0.017708333333333333 0.08984375
2 0.3145833333333333 0.42578125 0.022916666666666665 0.1171875
0 0.3546875 0.357421875 0.013541666666666667 0.07421875
0 0.37447916666666664 0.3125 0.011458333333333333 0.0625
0 0.384375 0.298828125 0.010416666666666666 0.05859375
0 0.3958333333333333 0.28125 0.008333333333333333 0.0546875
0 0.40677083333333336 0.26171875 0.009375 0.046875
0 0.41458333333333336 0.251953125 0.008333333333333333 0.04296875
0 0.4546875 0.255859375 0.009375 0.05078125
0 0.49270833333333336 0.25390625 0.008333333333333333 0.046875
0 0.5359375 0.267578125 0.009375 0.04296875
0 0.5395833333333333 0.291015625 0.008333333333333333 0.05078125
0 0.546875 0.328125 0.0125 0.0703125
0 0.5536458333333333 0.37890625 0.015625 0.078125
1 0.5619791666666667 0.423828125 0.017708333333333333 0.09765625
1 0.7203125 0.357421875 0.011458333333333333 0.07421875
2 0.8447916666666667 0.5390625 0.03125 0.140625
2 0.88125 0.87109375 0.052083333333333336 0.2578125
1 0.8911458333333333 0.33984375 0.011458333333333333 0.0625
2 0.9328125 0.44921875 0.026041666666666668 0.1015625
