1 0.10260416666666666 0.462890625 0.026041666666666668 0.12109375
3 0.13125 0.779296875 0.07291666666666667 0.43359375
1 0.16302083333333334 0.62890625 0.03854166666666667 0.1796875
2 0.1921875 0.333984375 0.017708333333333333 0.07421875
2 0.3572916666666667 0.38671875 0.016666666666666666 0.09375
0 0.40677083333333336 0.251953125 0.007291666666666667 0.04296875
0 0.4015625 0.2578125 0.009375 0.046875
0 0.39479166666666665 0.2734375 0.008333333333333333 0.0546875
0 0.3885416666666667 0.2890625 0.008333333333333333 0.0546875
0 0.38333333333333336 0.302734375 0.010416666666666666 0.05859375
0 0.37447916666666664 0.3359375 0.011458333333333333 0.0625
0 0.44375 0.25390625 0.008333333333333333 0.046875
0 0.47708333333333336 0.251953125 0.008333333333333333 0.04296875
0 0.5145833333333333 0.25390625 0.00625 0.0390625
0 0.5171875 0.265625 0.007291666666666667 0.0390625
0 0.5223958333333333 0.28125 0.007291666666666667 0.046875
0 0.5307291666666667 0.3125 0.011458333333333333 0.046875
0 0.5401041666666667 0.34765625 0.013541666666666667 0.0625
1 0.55 0.380859375 0.014583333333333334 0.07421875
1 0.6744791666666666 0.330078125 0.011458333333333333 0.05859375
2 0.746875 0.576171875 0.03333333333333333 0.15234375
2 0.753125 0.439453125 0.020833333333333332 0.09765625
3 0.8598958333333333 0.73046875 0.059375 0.390625
1 0.8125 0.31640625 0.010416666666666666 0.0546875
2 0.828125 0.388671875 0.016666666666666666 0.08203125
2 0.9375 0.376953125 0.016666666666666666 0.07421875
1 0.9807291666666667 0.3203125 0.013541666666666667 0.0546875
