3 0.04010416666666667 0.298828125 0.019791666666666666 0.10546875
2 0.0671875 0.25 0.011458333333333333 0.0546875
1 0.06302083333333333 0.431640625 0.026041666666666668 0.12109375
2 0.0984375 0.328125 0.017708333333333333 0.078125
1 0.09479166666666666 0.224609375 0.010416666666666666 0.04296875
2 0.1421875 0.24609375 0.009375 0.0390625
1 0.16145833333333334 0.552734375 0.03333333333333333 0.16015625
3 0.1859375 0.31640625 0.017708333333333333 0.109375
2 0.26458333333333334 0.3359375 0.014583333333333334 0.078125
2 0.40572916666666664 0.326171875 0.013541666666666667 0.06640625
2 0.4786458333333333 0.4453125 0.019791666666666666 0.109375
2 0.48802083333333335 0.3125 0.009375 0.0546875
1 0.4973958333333333 0.3671875 0.015625 0.0703125
2 0.5098958333333333 0.279296875 0.009375 0.04296875
2 0.5182291666666666 0.294921875 0.007291666666666667 0.04296875
1 0.5916666666666667 0.27734375 0.008333333333333333 0.0390625
1 0.6083333333333333 0.330078125 0.0125 0.05859375
1 0.6229166666666667 0.30078125 0.008333333333333333 0.046875
0 0.625 0.3828125 0.014583333333333334 0.078125
0 0.6526041666666667 0.466796875 0.021875 0.10546875
0 0.7354166666666667 0.388671875 0.016666666666666666 0.08203125
2 0.81875 0.78125 0.05 0.25
0 0.8114583333333333 0.4921875 0.025 0.1171875
