1 0.07604166666666666 0.28515625 0.0125 0.0625
2 0.11666666666666667 0.263671875 0.010416666666666666 0.05859375
1 0.23385416666666667 0.2890625 0.013541666666666667 0.0546875
3 0.2598958333333333 0.728515625 0.06354166666666666 0.41015625
2 0.2869791666666667 0.26953125 0.011458333333333333 0.0546875
1 0.3421875 0.296875 0.011458333333333333 0.0625
1 0.40729166666666666 0.62109375 0.0375 0.1875
1 0.41510416666666666 0.283203125 0.011458333333333333 0.05078125
2 0.41510416666666666 0.28125 0.009375 0.0546875
1 0.41770833333333335 0.3203125 0.0125 0.0625
1 0.484375 0.35546875 0.016666666666666666 0.0859375
3 0.4895833333333333 0.45703125 0.03125 0.203125
1 0.5057291666666667 0.439453125 0.021875 0.10546875
2 0.5125 0.302734375 0.010416666666666666 0.05859375
2 0.6208333333333333 0.353515625 0.016666666666666666 0.08203125
2 0.6348958333333333 0.365234375 0.015625 0.07421875
0 0.6572916666666667 0.33203125 0.0125 0.0625
0 0.6713541666666667 0.3125 0.011458333333333333 0.0546875
0 0.6786458333333333 0.296875 0.009375 0.046875
0 0.6875 0.2890625 0.008333333333333333 0.0390625
0 0.71875 0.291015625 0.008333333333333333 0.04296875
0 0.7484375 0.29296875 0.009375 0.046875
0 0.7776041666666667 0.296875 0.009375 0.046875
0 0.784375 0.32421875 0.010416666666666666 0.0546875
0 0.7895833333333333 0.34765625 0.0125 0.0625
1 0.7885416666666667 0.392578125 0.016666666666666666 0.07421875
1 0.8203125 0.380859375 0.017708333333333333 0.08203125
3 0.8921875 0.603515625 0.046875 0.29296875
2 0.9244791666666666 0.5625 0.03229166666666667 0.1484375
