1 0.0359375 0.359375 0.017708333333333333 0.0859375
1 0.13541666666666666 0.654296875 0.03958333333333333 0.19921875
2 0.12239583333333333 0.2890625 0.011458333333333333 0.046875
2 0.1546875 0.296875 0.011458333333333333 0.0546875
2 0.21145833333333333 0.3046875 0.010416666666666666 0.046875
2 0.253125 0.3046875 0.010416666666666666 0.0546875
1 0.2765625 0.359375 0.013541666666666667 0.0703125
2 0.30416666666666664 0.294921875 0.010416666666666666 0.05078125
2 0.38125 0.2734375 0.008333333333333333 0.0390625
1 0.4125 0.453125 0.01875 0.09375
1 0.42864583333333334 0.32421875 0.009375 0.0546875
1 0.496875 0.29296875 0.008333333333333333 0.046875
1 0.5291666666666667 0.271484375 0.008333333333333333 0.04296875
1 0.5484375 0.3828125 0.015625 0.078125
1 0.5479166666666667 0.26171875 0.00625 0.03125
1 0.5598958333333334 0.255859375 0.005208333333333333 0.02734375
1 0.6677083333333333 0.33203125 0.0125 0.0703125
1 0.7973958333333333 0.30078125 0.011458333333333333 0.0546875
1 0.8979166666666667 0.302734375 0.010416666666666666 0.05078125
2 0.9291666666666667 0.55859375 0.03125 0.1484375
