1 0.5140625 0.509765625 0.026041666666666668 0.13671875
0 0.5875 0.31640625 0.010416666666666666 0.0546875
0 0.6239583333333333 0.302734375 0.0125 0.05859375
1 0.665625 0.4140625 0.020833333333333332 0.09375
0 0.7265625 0.341796875 0.015625 0.06640625
0 0.7453125 0.322265625 0.011458333333333333 0.05859375
2 0.759375 0.279296875 0.008333333333333333 0.04296875
2 0.7697916666666667 0.296875 0.010416666666666666 0.0546875
2 0.790625 0.271484375 0.008333333333333333 0.04296875
1 0.8520833333333333 0.29296875 0.008333333333333333 0.046875
2 0.8901041666666667 0.67578125 0.036458333333333336 0.1953125
2 0.9307291666666667 0.515625 0.028125 0.125
2 0.8723958333333334 0.341796875 0.011458333333333333 0.05859375
1 0.8916666666666667 0.37890625 0.016666666666666666 0.0703125
2 0.9072916666666667 0.34765625 0.014583333333333334 0.0703125
1 0.9229166666666667 0.37890625 0.014583333333333334 0.0703125
1 0.9166666666666666 0.283203125 0.008333333333333333 0.03515625
2 0.940625 0.27734375 0.008333333333333333 0.0390625
