1 0.3703125 0.7109375 0.046875 0.2109375
1 0.6421875 0.44140625 0.023958333333333335 0.1015625
0 0.7161458333333334 0.31640625 0.011458333333333333 0.0546875
0 0.75625 0.30859375 0.010416666666666666 0.0546875
1 0.7822916666666667 0.396484375 0.01875 0.08203125
0 0.8598958333333333 0.34375 0.015625 0.0625
0 0.8859375 0.333984375 0.013541666666666667 0.05859375
2 0.9140625 0.294921875 0.009375 0.04296875
2 0.921875 0.3125 0.010416666666666666 0.0546875
2 0.9578125 0.287109375 0.007291666666666667 0.04296875
2 0.9369791666666667 0.578125 0.03229166666666667 0.15625
