1 0.125 0.751953125 0.05625 0.23046875
1 0.36822916666666666 0.392578125 0.017708333333333333 0.08984375
1 0.42291666666666666 0.30859375 0.010416666666666666 0.0546875
1 0.44635416666666666 0.275390625 0.009375 0.04296875
1 0.45989583333333334 0.255859375 0.007291666666666667 0.03515625
1 0.46927083333333336 0.244140625 0.005208333333333333 0.02734375
2 0.5453125 0.24609375 0.005208333333333333 0.03125
2 0.5526041666666667 0.259765625 0.007291666666666667 0.03515625
2 0.5645833333333333 0.27734375 0.008333333333333333 0.046875
2 0.5875 0.3125 0.0125 0.0625
2 0.6380208333333334 0.39453125 0.019791666666666666 0.09375
2 0.8739583333333333 0.80078125 0.05625 0.2734375
