1 0.12239583333333333 0.423828125 0.023958333333333335 0.10546875
1 0.1765625 0.55078125 0.034375 0.1640625
2 0.17083333333333334 0.31640625 0.01875 0.078125
2 0.34739583333333335 0.357421875 0.019791666666666666 0.08984375
2 0.5104166666666666 0.45703125 0.025 0.125
0 0.5421875 0.380859375 0.017708333333333333 0.08984375
0 0.5583333333333333 0.3359375 0.0125 0.0703125
0 0.5677083333333334 0.318359375 0.0125 0.06640625
0 0.5770833333333333 0.294921875 0.010416666666666666 0.05859375
0 0.5864583333333333 0.27734375 0.010416666666666666 0.0546875
0 0.5932291666666667 0.267578125 0.009375 0.05078125
0 0.6364583333333333 0.271484375 0.010416666666666666 0.05078125
0 0.6786458333333333 0.271484375 0.011458333333333333 0.05078125
0 0.7276041666666667 0.27734375 0.009375 0.046875
0 0.7322916666666667 0.291015625 0.010416666666666666 0.05859375
0 0.7390625 0.314453125 0.011458333333333333 0.05859375
0 0.75 0.3359375 0.0125 0.0703125
0 0.7536458333333333 0.36328125 0.013541666666666667 0.078125
0 0.7723958333333333 0.419921875 0.019791666666666666 0.10546875
1 0.7942708333333334 0.486328125 0.023958333333333335 0.12109375
