0 0.2833333333333333 0.630859375 0.0375 0.19921875
2 0.31927083333333334 0.478515625 0.026041666666666668 0.12890625
0 0.6942708333333333 0.626953125 0.036458333333333336 0.17578125
1 0.60625 0.474609375 0.025 0.11328125
2 0.709375 0.392578125 0.01875 0.08203125
2 0.9359375 0.439453125 0.026041666666666668 0.09765625
1 0.1796875 0.390625 0.019791666666666666 0.09375
1 0.3359375 0.33984375 0.013541666666666667 0.0703125
3 0.36822916666666666 0.30078125 0.017708333333333333 0.0859375
3 0.5322916666666667 0.30078125 0.016666666666666666 0.09375
2 0.56875 0.33984375 0.01875 0.0625
