1 0.17447916666666666 0.607421875 0.04479166666666667 0.20703125
1 0.3578125 0.423828125 0.023958333333333335 0.11328125
1 0.46041666666666664 0.369140625 0.014583333333333334 0.07421875
1 0.5182291666666666 0.353515625 0.013541666666666667 0.06640625
1 0.5645833333333333 0.3359375 0.0125 0.0625
2 0.7265625 0.60546875 0.030208333333333334 0.1796875
2 0.6916666666666667 0.47265625 0.020833333333333332 0.109375
2 0.6880208333333333 0.412109375 0.019791666666666666 0.09765625
2 0.6994791666666667 0.375 0.013541666666666667 0.078125
2 0.7125 0.353515625 0.014583333333333334 0.06640625
1 0.609375 0.322265625 0.0125 0.05859375
1 0.6447916666666667 0.3203125 0.010416666666666666 0.0546875
