0 0.2682291666666667 0.400390625 0.017708333333333333 0.09765625
1 0.37447916666666664 0.595703125 0.034375 0.16796875
0 0.34375 0.337890625 0.010416666666666666 0.06640625
0 0.44114583333333335 0.40234375 0.015625 0.09375
0 0.4588541666666667 0.33984375 0.011458333333333333 0.0703125
2 0.446875 0.294921875 0.008333333333333333 0.05078125
2 0.5557291666666667 0.33984375 0.011458333333333333 0.0703125
1 0.5890625 0.40625 0.015625 0.0859375
1 0.6385416666666667 0.310546875 0.008333333333333333 0.05078125
1 0.7760416666666666 0.33203125 0.010416666666666666 0.0625
2 0.865625 0.5078125 0.027083333333333334 0.1328125
2 0.9010416666666666 0.791015625 0.04375 0.23046875
3 0.8572916666666667 0.314453125 0.014583333333333334 0.09765625
