0 0.24270833333333333 0.865234375 0.06041666666666667 0.26171875
0 0.31875 0.5546875 0.03125 0.15625
0 0.6557291666666667 0.55078125 0.030208333333333334 0.140625
0 0.871875 0.861328125 0.05 0.26171875
2 0.3380208333333333 0.439453125 0.023958333333333335 0.10546875
1 0.5880208333333333 0.439453125 0.019791666666666666 0.09765625
1 0.20416666666666666 0.373046875 0.016666666666666666 0.08203125
1 0.34270833333333334 0.326171875 0.010416666666666666 0.05859375
3 0.371875 0.291015625 0.014583333333333334 0.08203125
3 0.5244791666666667 0.294921875 0.015625 0.08984375
2 0.88125 0.41015625 0.020833333333333332 0.078125
2 0.6838541666666667 0.373046875 0.015625 0.07421875
2 0.5583333333333333 0.33203125 0.014583333333333334 0.0625
