1 0.17239583333333333 0.66015625 0.042708333333333334 0.1953125
1 0.396875 0.470703125 0.01875 0.10546875
1 0.4864583333333333 0.4140625 0.0125 0.078125
1 0.54375 0.38671875 0.010416666666666666 0.0625
1 0.5963541666666666 0.359375 0.007291666666666667 0.046875
2 0.7333333333333333 0.392578125 0.0125 0.06640625
2 0.7536458333333333 0.36328125 0.009375 0.0546875
2 0.7338541666666667 0.4453125 0.015625 0.078125
2 0.7484375 0.54296875 0.026041666666666668 0.1328125
2 0.8119791666666667 0.728515625 0.042708333333333334 0.20703125
1 0.6354166666666666 0.34375 0.00625 0.0390625
2 0.7666666666666667 0.3515625 0.008333333333333333 0.046875
2 0.9541666666666667 0.35546875 0.010416666666666666 0.0546875
