0 0.0109375 0.275390625 0.011458333333333333 0.05859375
0 0.0453125 0.2890625 0.011458333333333333 0.0546875
1 0.06979166666666667 0.45703125 0.025 0.1171875
1 0.08697916666666666 0.30859375 0.011458333333333333 0.0625
1 0.0984375 0.296875 0.013541666666666667 0.0625
3 0.11770833333333333 0.455078125 0.04375 0.22265625
1 0.13645833333333332 0.5703125 0.03958333333333333 0.15625
1 0.2078125 0.265625 0.009375 0.046875
2 0.24322916666666666 0.296875 0.011458333333333333 0.0546875
2 0.23802083333333332 0.333984375 0.015625 0.07421875
3 0.25729166666666664 0.33203125 0.022916666666666665 0.125
2 0.2953125 0.2734375 0.009375 0.046875
1 0.30364583333333334 0.25 0.009375 0.0390625
2 0.30885416666666665 0.373046875 0.019791666666666666 0.09765625
2 0.35989583333333336 0.26171875 0.009375 0.0390625
1 0.3848958333333333 0.244140625 0.007291666666666667 0.03515625
3 0.3932291666666667 0.369140625 0.023958333333333335 0.14453125
2 0.415625 0.255859375 0.008333333333333333 0.03515625
1 0.4822916666666667 0.2421875 0.008333333333333333 0.0390625
2 0.4786458333333333 0.41015625 0.019791666666666666 0.1015625
2 0.49114583333333334 0.25390625 0.007291666666666667 0.0390625
2 0.5755208333333334 0.255859375 0.007291666666666667 0.03515625
1 0.5822916666666667 0.248046875 0.00625 0.02734375
2 0.653125 0.26171875 0.008333333333333333 0.0390625
1 0.678125 0.25390625 0.008333333333333333 0.0390625
2 0.7161458333333334 0.271484375 0.009375 0.04296875
2 0.7489583333333333 0.419921875 0.025 0.10546875
1 0.7692708333333333 0.265625 0.009375 0.0390625
2 0.80625 0.29296875 0.010416666666666666 0.0546875
2 0.8203125 0.880859375 0.057291666666666664 0.23828125
1 0.834375 0.583984375 0.035416666666666666 0.16015625
1 0.9067708333333333 0.5859375 0.036458333333333336 0.1640625
2 0.8755208333333333 0.318359375 0.013541666666666667 0.06640625
2 0.884375 0.388671875 0.020833333333333332 0.08203125
1 0.9020833333333333 0.29296875 0.0125 0.046875
2 0.9125 0.353515625 0.014583333333333334 0.07421875
