2 0.09635416666666667 0.291015625 0.011458333333333333 0.05859375
1 0.1578125 0.337890625 0.013541666666666667 0.06640625
2 0.2713541666666667 0.30078125 0.011458333333333333 0.0546875
1 0.25885416666666666 0.36328125 0.015625 0.078125
3 0.2833333333333333 0.716796875 0.0625 0.40234375
1 0.3375 0.419921875 0.01875 0.09765625
1 0.34270833333333334 0.61328125 0.035416666666666666 0.1640625
2 0.3927083333333333 0.328125 0.014583333333333334 0.0625
2 0.5244791666666667 0.390625 0.017708333333333333 0.0859375
2 0.5432291666666667 0.412109375 0.017708333333333333 0.08203125
0 0.5666666666666667 0.357421875 0.0125 0.07421875
0 0.5802083333333333 0.326171875 0.008333333333333333 0.05859375
0 0.5864583333333333 0.306640625 0.008333333333333333 0.05078125
0 0.59375 0.291015625 0.00625 0.05078125
0 0.6270833333333333 0.294921875 0.008333333333333333 0.05078125
0 0.6572916666666667 0.296875 0.010416666666666666 0.046875
0 0.6875 0.296875 0.008333333333333333 0.046875
0 0.6979166666666666 0.31640625 0.010416666666666666 0.0546875
0 0.7041666666666667 0.3359375 0.010416666666666666 0.0625
0 0.7171875 0.369140625 0.013541666666666667 0.07421875
1 0.734375 0.4375 0.01875 0.1015625
1 0.7635416666666667 0.416015625 0.01875 0.08984375
