2 0.0125 0.412109375 0.025 0.10546875
2 0.2359375 0.537109375 0.03229166666666667 0.15234375
0 0.3067708333333333 0.396484375 0.021875 0.10546875
0 0.35104166666666664 0.333984375 0.014583333333333334 0.07421875
0 0.36822916666666666 0.30078125 0.013541666666666667 0.0625
0 0.3885416666666667 0.2734375 0.010416666666666666 0.0546875
0 0.40572916666666664 0.255859375 0.011458333333333333 0.05078125
0 0.41302083333333334 0.240234375 0.009375 0.04296875
0 0.4510416666666667 0.232421875 0.010416666666666666 0.04296875
0 0.4817708333333333 0.236328125 0.007291666666666667 0.04296875
0 0.5140625 0.263671875 0.009375 0.05078125
0 0.5203125 0.287109375 0.009375 0.05859375
0 0.525 0.314453125 0.0125 0.06640625
0 0.5395833333333333 0.349609375 0.016666666666666666 0.08203125
0 0.5458333333333333 0.404296875 0.01875 0.10546875
1 0.5838541666666667 0.501953125 0.028125 0.14453125
1 0.7604166666666666 0.38671875 0.01875 0.09375
1 0.9447916666666667 0.349609375 0.01875 0.08203125
