1 0.31302083333333336 0.474609375 0.026041666666666668 0.11328125
1 0.40572916666666664 0.337890625 0.013541666666666667 0.06640625
1 0.4390625 0.287109375 0.009375 0.05078125
1 0.45625 0.263671875 0.008333333333333333 0.04296875
1 0.4661458333333333 0.25 0.005208333333333333 0.03125
1 0.4734375 0.23828125 0.005208333333333333 0.03125
2 0.5427083333333333 0.23828125 0.00625 0.03125
2 0.5489583333333333 0.25390625 0.00625 0.03125
2 0.5583333333333333 0.265625 0.008333333333333333 0.0390625
2 0.5739583333333333 0.2890625 0.010416666666666666 0.046875
2 0.6052083333333333 0.341796875 0.014583333333333334 0.07421875
2 0.6921875 0.486328125 0.028125 0.12890625
