1 0.20052083333333334 0.697265625 0.04479166666666667 0.20703125
1 0.3416666666666667 0.478515625 0.022916666666666665 0.10546875
1 0.4046875 0.388671875 0.015625 0.07421875
1 0.4296875 0.349609375 0.009375 0.05078125
1 0.47291666666666665 0.326171875 0.008333333333333333 0.04296875
1 0.5234375 0.3046875 0.007291666666666667 0.0390625
1 0.5911458333333334 0.291015625 0.007291666666666667 0.03515625
2 0.6776041666666667 0.314453125 0.007291666666666667 0.04296875
2 0.5942708333333333 0.337890625 0.011458333333333333 0.05078125
2 0.6130208333333333 0.32421875 0.009375 0.046875
2 0.6302083333333334 0.384765625 0.014583333333333334 0.06640625
2 0.6401041666666667 0.318359375 0.009375 0.04296875
2 0.6895833333333333 0.455078125 0.020833333333333332 0.09765625
2 0.8677083333333333 0.658203125 0.03958333333333333 0.17578125
