1 0.3098958333333333 0.458984375 0.023958333333333335 0.12109375
1 0.4046875 0.33203125 0.013541666666666667 0.0703125
1 0.4395833333333333 0.287109375 0.010416666666666666 0.05078125
1 0.45729166666666665 0.26171875 0.008333333333333333 0.0390625
1 0.4671875 0.244140625 0.007291666666666667 0.03515625
1 0.475 0.234375 0.00625 0.03125
2 0.5427083333333333 0.234375 0.00625 0.03125
2 0.5494791666666666 0.24609375 0.007291666666666667 0.0390625
2 0.5578125 0.26171875 0.007291666666666667 0.0390625
2 0.5708333333333333 0.2890625 0.008333333333333333 0.046875
2 0.5989583333333334 0.33984375 0.014583333333333334 0.0703125
2 0.6682291666666667 0.4609375 0.026041666666666668 0.125
