1 0.36666666666666664 0.634765625 0.025 0.16015625
1 0.4921875 0.4375 0.013541666666666667 0.09375
1 0.6197916666666666 0.4296875 0.014583333333333334 0.0859375
1 0.6953125 0.412109375 0.013541666666666667 0.08203125
2 0.8927083333333333 0.736328125 0.03125 0.19140625
1 0.759375 0.373046875 0.0125 0.07421875
1 0.6520833333333333 0.322265625 0.010416666666666666 0.05859375
2 0.9130208333333333 0.322265625 0.011458333333333333 0.06640625
2 0.934375 0.287109375 0.010416666666666666 0.05859375
2 0.29739583333333336 0.400390625 0.013541666666666667 0.06640625
1 0.6942708333333333 0.337890625 0.009375 0.05859375
