1 0.14010416666666667 0.59375 0.028125 0.1640625
1 0.40625 0.396484375 0.014583333333333334 0.08984375
2 0.840625 0.4921875 0.01875 0.1328125
2 0.825 0.373046875 0.010416666666666666 0.08203125
2 0.8625 0.3359375 0.010416666666666666 0.0703125
2 0.9005208333333333 0.31640625 0.009375 0.0546875
2 0.9145833333333333 0.3046875 0.008333333333333333 0.0546875
1 0.7458333333333333 0.28515625 0.00625 0.0390625
1 0.715625 0.296875 0.008333333333333333 0.046875
1 0.6510416666666666 0.30078125 0.008333333333333333 0.0546875
1 0.5609375 0.310546875 0.011458333333333333 0.07421875
1 0.12135416666666667 0.33203125 0.011458333333333333 0.078125
1 0.19583333333333333 0.283203125 0.010416666666666666 0.05078125
1 0.2359375 0.26171875 0.009375 0.0546875
1 0.2578125 0.251953125 0.007291666666666667 0.04296875
2 0.05364583333333333 0.26171875 0.007291666666666667 0.046875
