1 0.08541666666666667 0.822265625 0.07291666666666667 0.26171875
1 0.1265625 0.58203125 0.046875 0.1875
1 0.06666666666666667 0.5 0.041666666666666664 0.15625
2 0.09270833333333334 0.3046875 0.01875 0.078125
2 0.23541666666666666 0.353515625 0.020833333333333332 0.08203125
2 0.3625 0.39453125 0.022916666666666665 0.09375
2 0.5328125 0.46484375 0.028125 0.125
2 0.8213541666666667 0.708984375 0.057291666666666664 0.22265625
1 0.4348958333333333 0.271484375 0.007291666666666667 0.03515625
2 0.44947916666666665 0.29296875 0.009375 0.046875
2 0.4890625 0.302734375 0.009375 0.05078125
1 0.5005208333333333 0.283203125 0.007291666666666667 0.03515625
2 0.5270833333333333 0.3125 0.010416666666666666 0.0546875
1 0.559375 0.294921875 0.010416666666666666 0.04296875
2 0.5833333333333334 0.330078125 0.0125 0.05859375
1 0.6171875 0.30859375 0.009375 0.046875
2 0.6630208333333333 0.36328125 0.015625 0.0703125
1 0.6776041666666667 0.333984375 0.011458333333333333 0.05078125
1 0.7635416666666667 0.3671875 0.0125 0.0625
2 0.80625 0.44140625 0.022916666666666665 0.1015625
