1 0.04895833333333333 0.80078125 0.05416666666666667 0.265625
2 0.103125 0.263671875 0.008333333333333333 0.04296875
1 0.2171875 0.279296875 0.009375 0.04296875
2 0.240625 0.26171875 0.008333333333333333 0.046875
1 0.3203125 0.28515625 0.009375 0.046875
3 0.3453125 0.580078125 0.046875 0.30078125
2 0.36875 0.263671875 0.008333333333333333 0.04296875
1 0.40989583333333335 0.29296875 0.009375 0.046875
2 0.4765625 0.2734375 0.009375 0.046875
1 0.47760416666666666 0.529296875 0.028125 0.13671875
1 0.4869791666666667 0.31640625 0.009375 0.0546875
1 0.5385416666666667 0.349609375 0.0125 0.06640625
3 0.5432291666666667 0.427734375 0.030208333333333334 0.18359375
1 0.5619791666666667 0.41015625 0.017708333333333333 0.1015625
2 0.5890625 0.298828125 0.013541666666666667 0.05859375
2 0.6927083333333334 0.34375 0.014583333333333334 0.0703125
0 0.7182291666666667 0.318359375 0.011458333333333333 0.05859375
0 0.7333333333333333 0.298828125 0.010416666666666666 0.05078125
0 0.7432291666666667 0.291015625 0.007291666666666667 0.04296875
0 0.7526041666666666 0.275390625 0.009375 0.04296875
0 0.7635416666666667 0.263671875 0.008333333333333333 0.04296875
0 0.7723958333333333 0.259765625 0.009375 0.05078125
0 0.8104166666666667 0.26171875 0.010416666666666666 0.046875
0 0.8494791666666667 0.263671875 0.009375 0.04296875
0 0.8973958333333333 0.271484375 0.009375 0.05078125
0 0.8921875 0.302734375 0.011458333333333333 0.05859375
0 0.8869791666666667 0.322265625 0.011458333333333333 0.06640625
0 0.8807291666666667 0.3515625 0.013541666666666667 0.0703125
1 0.8744791666666667 0.373046875 0.015625 0.07421875
3 0.9401041666666666 0.556640625 0.040625 0.26171875
