1 0.0921875 0.7578125 0.053125 0.2265625
1 0.38125 0.455078125 0.020833333333333332 0.10546875
1 0.4817708333333333 0.369140625 0.013541666666666667 0.07421875
1 0.5510416666666667 0.32421875 0.008333333333333333 0.046875
1 0.5927083333333333 0.310546875 0.008333333333333333 0.04296875
1 0.646875 0.30078125 0.008333333333333333 0.0390625
1 0.728125 0.298828125 0.00625 0.03515625
1 0.8026041666666667 0.294921875 0.007291666666666667 0.03515625
2 0.8208333333333333 0.31640625 0.008333333333333333 0.0390625
2 0.771875 0.32421875 0.008333333333333333 0.046875
2 0.740625 0.337890625 0.010416666666666666 0.05078125
2 0.7166666666666667 0.361328125 0.0125 0.05859375
2 0.7328125 0.427734375 0.017708333333333333 0.08203125
2 0.7953125 0.5859375 0.03229166666666667 0.1484375
