0 0.22604166666666667 0.7578125 0.052083333333333336 0.2421875
0 0.353125 0.498046875 0.03125 0.12890625
0 0.39166666666666666 0.404296875 0.020833333333333332 0.09765625
0 0.4197916666666667 0.349609375 0.016666666666666666 0.08203125
0 0.47552083333333334 0.349609375 0.015625 0.07421875
0 0.5260416666666666 0.353515625 0.014583333333333334 0.07421875
0 0.5739583333333333 0.353515625 0.016666666666666666 0.07421875
0 0.6010416666666667 0.412109375 0.020833333333333332 0.09765625
0 0.6260416666666667 0.498046875 0.025 0.12890625
0 0.7130208333333333 0.744140625 0.046875 0.23828125
