1 0.3411458333333333 0.53515625 0.023958333333333335 0.1328125
1 0.4010416666666667 0.419921875 0.014583333333333334 0.08203125
1 0.4671875 0.369140625 0.011458333333333333 0.05859375
1 0.5385416666666667 0.333984375 0.008333333333333333 0.05078125
1 0.6145833333333334 0.314453125 0.008333333333333333 0.04296875
1 0.690625 0.310546875 0.00625 0.03515625
2 0.6453125 0.400390625 0.013541666666666667 0.07421875
2 0.6619791666666667 0.369140625 0.013541666666666667 0.06640625
2 0.6932291666666667 0.361328125 0.013541666666666667 0.05859375
2 0.7375 0.34765625 0.0125 0.0546875
2 0.7442708333333333 0.5234375 0.028125 0.125
2 0.8171875 0.33984375 0.011458333333333333 0.0546875
2 0.9171875 0.341796875 0.011458333333333333 0.05078125
1 0.7765625 0.3125 0.007291666666666667 0.0390625
1 0.8630208333333333 0.30859375 0.009375 0.0390625
