2 0.109375 0.322265625 0.010416666666666666 0.05078125
2 0.10572916666666667 0.369140625 0.013541666666666667 0.06640625
2 0.20885416666666667 0.341796875 0.011458333333333333 0.05078125
1 0.28958333333333336 0.333984375 0.00625 0.04296875
2 0.28072916666666664 0.3984375 0.015625 0.078125
2 0.33125 0.36328125 0.010416666666666666 0.0546875
1 0.43125 0.353515625 0.008333333333333333 0.04296875
2 0.42604166666666665 0.384765625 0.0125 0.05859375
2 0.42916666666666664 0.451171875 0.01875 0.08984375
1 0.5348958333333333 0.375 0.009375 0.046875
2 0.575 0.41796875 0.014583333333333334 0.0703125
2 0.6171875 0.55078125 0.028125 0.1328125
1 0.6614583333333334 0.40234375 0.010416666666666666 0.0546875
2 0.7911458333333333 0.47265625 0.015625 0.078125
1 0.8630208333333333 0.4453125 0.011458333333333333 0.0625
