2 0.08802083333333334 0.615234375 0.042708333333333334 0.19140625
0 0.19895833333333332 0.427734375 0.027083333333333334 0.11328125
0 0.25885416666666666 0.345703125 0.019791666666666666 0.08984375
0 0.28072916666666664 0.3046875 0.013541666666666667 0.0703125
0 0.3046875 0.275390625 0.011458333333333333 0.05859375
0 0.3265625 0.25390625 0.011458333333333333 0.0546875
0 0.334375 0.240234375 0.010416666666666666 0.05078125
0 0.34010416666666665 0.232421875 0.009375 0.05078125
0 0.37604166666666666 0.23046875 0.010416666666666666 0.0546875
0 0.4088541666666667 0.23046875 0.011458333333333333 0.046875
0 0.4432291666666667 0.259765625 0.011458333333333333 0.05078125
0 0.4484375 0.283203125 0.009375 0.05078125
0 0.453125 0.31640625 0.0125 0.0703125
0 0.46822916666666664 0.357421875 0.017708333333333333 0.08984375
0 0.4734375 0.416015625 0.019791666666666666 0.09765625
1 0.5140625 0.53125 0.028125 0.140625
1 0.6921875 0.38671875 0.019791666666666666 0.09375
1 0.8609375 0.341796875 0.015625 0.07421875
