1 0.25104166666666666 0.568359375 0.03125 0.14453125
1 0.36822916666666666 0.474609375 0.019791666666666666 0.10546875
1 0.4796875 0.43359375 0.015625 0.078125
1 0.5640625 0.41796875 0.013541666666666667 0.0703125
0 0.6598958333333333 0.40625 0.011458333333333333 0.0625
1 0.6598958333333333 0.408203125 0.011458333333333333 0.06640625
1 0.7197916666666667 0.404296875 0.010416666666666666 0.05859375
1 0.84375 0.396484375 0.010416666666666666 0.05859375
2 0.7963541666666667 0.685546875 0.040625 0.19140625
2 0.8104166666666667 0.53125 0.025 0.1171875
2 0.8380208333333333 0.4765625 0.017708333333333333 0.0859375
2 0.8572916666666667 0.4609375 0.014583333333333334 0.078125
2 0.95 0.4609375 0.014583333333333334 0.0703125
