1 0.28854166666666664 0.63671875 0.0375 0.1953125
1 0.3802083333333333 0.40625 0.020833333333333332 0.09375
1 0.4114583333333333 0.333984375 0.0125 0.06640625
1 0.42135416666666664 0.302734375 0.009375 0.05859375
1 0.428125 0.2890625 0.010416666666666666 0.046875
1 0.4375 0.271484375 0.008333333333333333 0.04296875
2 0.534375 0.259765625 0.008333333333333333 0.03515625
2 0.5380208333333333 0.2734375 0.009375 0.0390625
2 0.5463541666666667 0.2578125 0.007291666666666667 0.03125
2 0.5510416666666667 0.287109375 0.010416666666666666 0.04296875
2 0.5640625 0.251953125 0.007291666666666667 0.03515625
2 0.5729166666666666 0.30859375 0.0125 0.0546875
2 0.6005208333333333 0.34375 0.013541666666666667 0.0703125
2 0.6614583333333334 0.423828125 0.022916666666666665 0.09765625
2 0.8239583333333333 0.662109375 0.04375 0.20703125
2 0.5885416666666666 0.25390625 0.008333333333333333 0.0390625
2 0.63125 0.251953125 0.008333333333333333 0.03515625
