1 0.1375 0.7421875 0.06666666666666667 0.2578125
1 0.075 0.552734375 0.041666666666666664 0.16796875
1 0.036458333333333336 0.458984375 0.029166666666666667 0.10546875
1 0.03333333333333333 0.421875 0.022916666666666665 0.109375
1 0.06145833333333333 0.376953125 0.016666666666666666 0.08203125
1 0.06041666666666667 0.376953125 0.016666666666666666 0.08203125
1 0.1171875 0.345703125 0.011458333333333333 0.04296875
1 0.23489583333333333 0.322265625 0.009375 0.04296875
2 0.32864583333333336 0.359375 0.011458333333333333 0.0546875
2 0.3385416666666667 0.369140625 0.0125 0.05859375
2 0.38697916666666665 0.392578125 0.017708333333333333 0.07421875
2 0.4869791666666667 0.439453125 0.021875 0.10546875
2 0.7302083333333333 0.59765625 0.04583333333333333 0.2109375
