2 0.13489583333333333 0.28515625 0.013541666666666667 0.0625
1 0.14583333333333334 0.3515625 0.016666666666666666 0.0859375
1 0.23177083333333334 0.400390625 0.019791666666666666 0.09765625
1 0.26666666666666666 0.51953125 0.027083333333333334 0.140625
3 0.23802083333333332 0.583984375 0.04479166666666667 0.30078125
2 0.3020833333333333 0.306640625 0.014583333333333334 0.06640625
2 0.43645833333333334 0.3515625 0.014583333333333334 0.078125
0 0.4552083333333333 0.310546875 0.0125 0.05859375
0 0.47552083333333334 0.279296875 0.009375 0.05078125
0 0.48385416666666664 0.26171875 0.009375 0.0390625
0 0.49583333333333335 0.248046875 0.008333333333333333 0.03515625
0 0.5078125 0.236328125 0.007291666666666667 0.03515625
0 0.5130208333333334 0.2265625 0.007291666666666667 0.0390625
0 0.5421875 0.224609375 0.007291666666666667 0.03515625
0 0.5901041666666667 0.24609375 0.007291666666666667 0.0390625
0 0.59375 0.275390625 0.008333333333333333 0.04296875
0 0.6005208333333333 0.322265625 0.011458333333333333 0.05859375
1 0.6140625 0.35546875 0.015625 0.078125
1 0.75 0.3203125 0.0125 0.0625
2 0.7682291666666666 0.541015625 0.028125 0.14453125
2 0.8098958333333334 0.427734375 0.023958333333333335 0.09765625
3 0.8401041666666667 0.677734375 0.057291666666666664 0.36328125
1 0.9104166666666667 0.3125 0.010416666666666666 0.0546875
2 0.9098958333333333 0.388671875 0.017708333333333333 0.07421875
