2 0.8390625 0.896484375 0.03854166666666667 0.20703125
1 0.3458333333333333 0.552734375 0.027083333333333334 0.13671875
2 0.665625 0.53125 0.025 0.125
2 0.6552083333333333 0.447265625 0.020833333333333332 0.08984375
1 0.41302083333333334 0.421875 0.015625 0.078125
1 0.5171875 0.361328125 0.011458333333333333 0.05859375
2 0.6661458333333333 0.39453125 0.015625 0.0703125
2 0.6854166666666667 0.369140625 0.0125 0.05859375
2 0.7104166666666667 0.359375 0.0125 0.0546875
2 0.790625 0.357421875 0.010416666666666666 0.05078125
1 0.6411458333333333 0.32421875 0.007291666666666667 0.0390625
1 0.578125 0.337890625 0.008333333333333333 0.04296875
