1 0.036458333333333336 0.5703125 0.04375 0.1953125
1 0.07083333333333333 0.6953125 0.05625 0.234375
2 0.12447916666666667 0.318359375 0.019791666666666666 0.08203125
2 0.2635416666666667 0.373046875 0.020833333333333332 0.09765625
2 0.3963541666666667 0.427734375 0.028125 0.10546875
2 0.5942708333333333 0.53125 0.034375 0.1484375
1 0.48072916666666665 0.27734375 0.009375 0.0390625
2 0.4947916666666667 0.30078125 0.010416666666666666 0.0546875
2 0.5380208333333333 0.3125 0.011458333333333333 0.046875
1 0.5494791666666666 0.291015625 0.009375 0.04296875
2 0.5796875 0.32421875 0.011458333333333333 0.0546875
1 0.6130208333333333 0.302734375 0.009375 0.05078125
2 0.64375 0.34765625 0.014583333333333334 0.0625
1 0.6776041666666667 0.322265625 0.009375 0.05078125
2 0.7395833333333334 0.392578125 0.01875 0.08203125
1 0.75 0.349609375 0.010416666666666666 0.05859375
1 0.8541666666666666 0.396484375 0.016666666666666666 0.06640625
2 0.9328125 0.498046875 0.026041666666666668 0.12109375
