1 0.6677083333333333 0.587890625 0.03125 0.16796875
1 0.8192708333333333 0.431640625 0.017708333333333333 0.09765625
1 0.93125 0.3515625 0.0125 0.0546875
2 0.14583333333333334 0.556640625 0.03958333333333333 0.18359375
2 0.057291666666666664 0.384765625 0.025 0.11328125
2 0.025 0.29296875 0.014583333333333334 0.0703125
2 0.06145833333333333 0.2578125 0.010416666666666666 0.0625
2 0.0890625 0.232421875 0.009375 0.05078125
2 0.115625 0.21875 0.008333333333333333 0.046875
2 0.1515625 0.208984375 0.007291666666666667 0.04296875
2 0.27239583333333334 0.263671875 0.009375 0.05078125
2 0.27239583333333334 0.298828125 0.011458333333333333 0.05859375
2 0.29791666666666666 0.25 0.00625 0.046875
