1 0.10625 0.6875 0.0375 0.1953125
3 0.27708333333333335 0.478515625 0.035416666666666666 0.19921875
2 0.8572916666666667 0.708984375 0.04375 0.18359375
3 0.6916666666666667 0.498046875 0.03125 0.19921875
1 0.34270833333333334 0.43359375 0.01875 0.09375
1 0.3078125 0.3046875 0.009375 0.0625
1 0.12083333333333333 0.2734375 0.010416666666666666 0.0390625
1 0.23177083333333334 0.283203125 0.007291666666666667 0.04296875
2 0.63125 0.451171875 0.020833333333333332 0.09765625
3 0.6239583333333333 0.369140625 0.020833333333333332 0.12890625
3 0.36302083333333335 0.3515625 0.019791666666666666 0.125
2 0.66875 0.318359375 0.014583333333333334 0.05859375
2 0.7453125 0.30078125 0.011458333333333333 0.046875
2 0.840625 0.30078125 0.008333333333333333 0.046875
2 0.4328125 0.2890625 0.011458333333333333 0.0546875
1 0.5557291666666667 0.294921875 0.009375 0.05078125
