1 0.26197916666666665 0.55078125 0.034375 0.15625
1 0.3953125 0.3515625 0.015625 0.078125
1 0.4359375 0.29296875 0.011458333333333333 0.0546875
1 0.45625 0.265625 0.008333333333333333 0.0390625
1 0.46770833333333334 0.248046875 0.00625 0.03515625
1 0.47604166666666664 0.234375 0.00625 0.03125
2 0.5552083333333333 0.248046875 0.00625 0.03515625
2 0.5666666666666667 0.267578125 0.010416666666666666 0.04296875
2 0.5838541666666667 0.298828125 0.011458333333333333 0.05859375
2 0.6213541666666667 0.359375 0.017708333333333333 0.078125
2 0.7536458333333333 0.572265625 0.036458333333333336 0.16796875
2 0.5479166666666667 0.23828125 0.00625 0.03125
