1 0.14270833333333333 0.810546875 0.05625 0.24609375
1 0.3671875 0.541015625 0.028125 0.13671875
1 0.46770833333333334 0.421875 0.014583333333333334 0.078125
1 0.5208333333333334 0.384765625 0.0125 0.07421875
1 0.5755208333333334 0.3515625 0.009375 0.0546875
2 0.7338541666666667 0.546875 0.026041666666666668 0.1484375
2 0.8916666666666667 0.869140625 0.05416666666666667 0.24609375
2 0.7078125 0.431640625 0.017708333333333333 0.08203125
2 0.7010416666666667 0.396484375 0.0125 0.07421875
2 0.7078125 0.365234375 0.013541666666666667 0.05859375
2 0.925 0.38671875 0.0125 0.0625
2 0.8828125 0.3515625 0.011458333333333333 0.0625
2 0.7354166666666667 0.34765625 0.010416666666666666 0.046875
