1 0.34427083333333336 0.484375 0.019791666666666666 0.125
1 0.34479166666666666 0.48828125 0.01875 0.1171875
1 0.4432291666666667 0.40234375 0.013541666666666667 0.078125
1 0.5322916666666667 0.357421875 0.010416666666666666 0.06640625
1 0.6421875 0.333984375 0.007291666666666667 0.05078125
1 0.6421875 0.333984375 0.007291666666666667 0.05078125
2 0.734375 0.451171875 0.01875 0.09765625
2 0.771875 0.603515625 0.029166666666666667 0.15234375
2 0.7458333333333333 0.396484375 0.014583333333333334 0.07421875
2 0.746875 0.396484375 0.0125 0.07421875
2 0.7885416666666667 0.361328125 0.010416666666666666 0.05859375
2 0.8489583333333334 0.341796875 0.008333333333333333 0.05078125
1 0.7234375 0.31640625 0.007291666666666667 0.0390625
1 0.7510416666666667 0.30859375 0.00625 0.0390625
