1 0.013541666666666667 0.412109375 0.025 0.10546875
3 0.07083333333333333 0.404296875 0.035416666666666666 0.18359375
1 0.09583333333333334 0.265625 0.008333333333333333 0.046875
1 0.103125 0.47265625 0.027083333333333334 0.1328125
1 0.12552083333333333 0.705078125 0.046875 0.21484375
2 0.1421875 0.296875 0.011458333333333333 0.0546875
2 0.1453125 0.322265625 0.013541666666666667 0.07421875
3 0.16614583333333333 0.31640625 0.019791666666666666 0.109375
1 0.196875 0.251953125 0.008333333333333333 0.04296875
2 0.19114583333333332 0.2734375 0.011458333333333333 0.046875
2 0.21927083333333333 0.345703125 0.017708333333333333 0.08203125
2 0.25677083333333334 0.259765625 0.011458333333333333 0.04296875
3 0.29791666666666666 0.337890625 0.020833333333333332 0.12890625
2 0.31302083333333336 0.25390625 0.009375 0.0390625
1 0.28125 0.244140625 0.008333333333333333 0.03515625
2 0.371875 0.3671875 0.01875 0.0859375
1 0.378125 0.2421875 0.00625 0.03125
2 0.5463541666666667 0.55859375 0.026041666666666668 0.1484375
2 0.5786458333333333 0.361328125 0.017708333333333333 0.08203125
1 0.6026041666666667 0.443359375 0.021875 0.11328125
2 0.6067708333333334 0.6328125 0.036458333333333336 0.1875
1 0.6479166666666667 0.439453125 0.022916666666666665 0.11328125
2 0.6838541666666667 0.337890625 0.015625 0.07421875
2 0.6984375 0.294921875 0.011458333333333333 0.05078125
2 0.7130208333333333 0.31640625 0.011458333333333333 0.0625
0 0.9401041666666666 0.51953125 0.028125 0.1328125
1 0.8520833333333333 0.3359375 0.0125 0.0625
1 0.8536458333333333 0.375 0.017708333333333333 0.0703125
1 0.7927083333333333 0.30078125 0.010416666666666666 0.046875
1 0.7255208333333333 0.279296875 0.011458333333333333 0.04296875
2 0.653125 0.27734375 0.010416666666666666 0.046875
1 0.378125 0.2421875 0.00625 0.03125
2 0.3859375 0.25390625 0.007291666666666667 0.0390625
2 0.46510416666666665 0.255859375 0.007291666666666667 0.03515625
2 0.5328125 0.259765625 0.007291666666666667 0.03515625
1 0.5567708333333333 0.251953125 0.007291666666666667 0.03515625
2 0.5848958333333333 0.265625 0.007291666666666667 0.0390625
1 0.6302083333333334 0.259765625 0.008333333333333333 0.03515625
