0 0.27239583333333334 0.5859375 0.03854166666666667 0.1796875
0 0.3234375 0.486328125 0.026041666666666668 0.13671875
0 0.36354166666666665 0.412109375 0.020833333333333332 0.11328125
0 0.3958333333333333 0.3515625 0.014583333333333334 0.0859375
0 0.4125 0.322265625 0.0125 0.08203125
0 0.48333333333333334 0.330078125 0.010416666666666666 0.07421875
0 0.5494791666666666 0.330078125 0.013541666666666667 0.06640625
0 0.6239583333333333 0.333984375 0.0125 0.07421875
0 0.6411458333333333 0.369140625 0.015625 0.08984375
0 0.6697916666666667 0.43359375 0.020833333333333332 0.1171875
0 0.7135416666666666 0.5078125 0.029166666666666667 0.1484375
0 0.7604166666666666 0.625 0.0375 0.1953125
