1 0.05677083333333333 0.533203125 0.030208333333333334 0.14453125
3 0.07291666666666667 0.560546875 0.05 0.27734375
2 0.17291666666666666 0.3671875 0.014583333333333334 0.078125
2 0.1953125 0.373046875 0.015625 0.07421875
0 0.20625 0.330078125 0.014583333333333334 0.05859375
0 0.21145833333333333 0.306640625 0.010416666666666666 0.05078125
0 0.2125 0.291015625 0.008333333333333333 0.04296875
0 0.21614583333333334 0.27734375 0.007291666666666667 0.0390625
0 0.25104166666666666 0.275390625 0.008333333333333333 0.04296875
0 0.28072916666666664 0.2734375 0.007291666666666667 0.0390625
0 0.30885416666666665 0.271484375 0.007291666666666667 0.04296875
0 0.3203125 0.283203125 0.007291666666666667 0.04296875
0 0.32708333333333334 0.298828125 0.008333333333333333 0.05078125
0 0.3411458333333333 0.3203125 0.011458333333333333 0.0625
1 0.35625 0.35546875 0.014583333333333334 0.078125
1 0.37604166666666666 0.34375 0.010416666666666666 0.0625
1 0.5020833333333333 0.306640625 0.010416666666666666 0.05078125
2 0.49635416666666665 0.453125 0.017708333333333333 0.1015625
3 0.5083333333333333 0.48828125 0.029166666666666667 0.2109375
2 0.5260416666666666 0.365234375 0.014583333333333334 0.07421875
2 0.5880208333333333 0.634765625 0.036458333333333336 0.18359375
2 0.5979166666666667 0.328125 0.0125 0.0625
1 0.6125 0.291015625 0.008333333333333333 0.04296875
2 0.684375 0.314453125 0.010416666666666666 0.05078125
1 0.7166666666666667 0.29296875 0.008333333333333333 0.0390625
2 0.7645833333333333 0.314453125 0.010416666666666666 0.05078125
1 0.8677083333333333 0.30078125 0.008333333333333333 0.0390625
2 0.890625 0.322265625 0.010416666666666666 0.05078125
3 0.8229166666666666 0.796875 0.07083333333333333 0.40625
