2 0.8739583333333333 0.712890625 0.0625 0.24609375
1 0.14635416666666667 0.857421875 0.07395833333333333 0.27734375
1 0.19791666666666666 0.546875 0.03958333333333333 0.15625
1 0.10416666666666667 0.46484375 0.03125 0.125
1 0.03229166666666667 0.404296875 0.020833333333333332 0.09765625
1 0.05416666666666667 0.330078125 0.016666666666666666 0.05859375
2 0.2713541666666667 0.333984375 0.011458333333333333 0.05859375
2 0.2911458333333333 0.328125 0.009375 0.0546875
2 0.28229166666666666 0.34765625 0.0125 0.0625
2 0.33177083333333335 0.357421875 0.015625 0.07421875
2 0.4239583333333333 0.384765625 0.020833333333333332 0.08203125
2 0.5963541666666666 0.45703125 0.028125 0.1328125
