3 0.37395833333333334 0.587890625 0.04791666666666667 0.30078125
1 0.18802083333333333 0.740234375 0.042708333333333334 0.23828125
1 0.4708333333333333 0.53125 0.027083333333333334 0.1328125
3 0.5348958333333333 0.42578125 0.030208333333333334 0.1640625
1 0.5484375 0.40625 0.011458333333333333 0.0859375
2 0.8859375 0.6953125 0.040625 0.203125
3 0.86875 0.53515625 0.03958333333333333 0.234375
2 0.9114583333333334 0.51171875 0.020833333333333332 0.1171875
1 0.8130208333333333 0.376953125 0.011458333333333333 0.06640625
1 0.8463541666666666 0.369140625 0.011458333333333333 0.06640625
2 0.6677083333333333 0.353515625 0.010416666666666666 0.05078125
2 0.6546875 0.34375 0.009375 0.0546875
1 0.5265625 0.34375 0.007291666666666667 0.0625
1 0.4671875 0.306640625 0.011458333333333333 0.05078125
2 0.0234375 0.26171875 0.011458333333333333 0.0625
1 0.03229166666666667 0.28125 0.0125 0.0625
1 0.16666666666666666 0.271484375 0.0125 0.05859375
2 0.19635416666666666 0.255859375 0.011458333333333333 0.05859375
2 0.3015625 0.27734375 0.011458333333333333 0.0546875
2 0.34479166666666666 0.26171875 0.0125 0.0546875
1 0.3984375 0.291015625 0.011458333333333333 0.05078125
2 0.4625 0.275390625 0.010416666666666666 0.05078125
2 0.5546875 0.30078125 0.009375 0.0546875
0 0.6916666666666667 0.32421875 0.010416666666666666 0.0625
0 0.70625 0.30859375 0.010416666666666666 0.0546875
0 0.7151041666666667 0.294921875 0.009375 0.05078125
0 0.725 0.287109375 0.008333333333333333 0.04296875
0 0.75625 0.2890625 0.010416666666666666 0.046875
0 0.7854166666666667 0.29296875 0.008333333333333333 0.046875
0 0.8151041666666666 0.294921875 0.009375 0.04296875
0 0.81875 0.341796875 0.0125 0.06640625
