1 0.0421875 0.423828125 0.023958333333333335 0.10546875
1 0.1359375 0.541015625 0.034375 0.16015625
2 0.0875 0.32421875 0.014583333333333334 0.0703125
2 0.2713541666666667 0.349609375 0.017708333333333333 0.08203125
2 0.46041666666666664 0.435546875 0.022916666666666665 0.11328125
2 0.7380208333333333 0.75 0.046875 0.234375
0 0.7932291666666667 0.3046875 0.011458333333333333 0.0625
0 0.7890625 0.322265625 0.013541666666666667 0.07421875
0 0.7822916666666667 0.35546875 0.016666666666666666 0.078125
0 0.7755208333333333 0.390625 0.017708333333333333 0.0859375
0 0.7697916666666667 0.427734375 0.020833333333333332 0.09765625
0 0.7625 0.5234375 0.027083333333333334 0.1328125
0 0.8614583333333333 0.3125 0.016666666666666666 0.0703125
0 0.9328125 0.3203125 0.015625 0.0703125
