1 0.2234375 0.673828125 0.036458333333333336 0.17578125
1 0.378125 0.470703125 0.01875 0.09765625
1 0.44114583333333335 0.380859375 0.011458333333333333 0.06640625
1 0.471875 0.33203125 0.008333333333333333 0.0546875
1 0.4869791666666667 0.30859375 0.007291666666666667 0.046875
1 0.4979166666666667 0.29296875 0.00625 0.0390625
2 0.621875 0.298828125 0.00625 0.03515625
2 0.6338541666666667 0.31640625 0.007291666666666667 0.0390625
2 0.653125 0.33984375 0.010416666666666666 0.0546875
2 0.6911458333333333 0.390625 0.013541666666666667 0.0703125
2 0.7557291666666667 0.48046875 0.021875 0.109375
2 0.94375 0.279296875 0.008333333333333333 0.03515625
1 0.9026041666666667 0.265625 0.005208333333333333 0.03125
