1 0.2046875 0.63671875 0.034375 0.171875
1 0.41510416666666666 0.4296875 0.017708333333333333 0.1015625
1 0.5026041666666666 0.359375 0.011458333333333333 0.0703125
1 0.56875 0.318359375 0.008333333333333333 0.05078125
1 0.6083333333333333 0.306640625 0.008333333333333333 0.04296875
1 0.6614583333333334 0.30078125 0.00625 0.0390625
1 0.7427083333333333 0.294921875 0.00625 0.03515625
1 0.8171875 0.294921875 0.007291666666666667 0.03515625
2 0.8322916666666667 0.31640625 0.008333333333333333 0.0390625
2 0.7822916666666667 0.3203125 0.008333333333333333 0.046875
2 0.7515625 0.33203125 0.007291666666666667 0.046875
2 0.7260416666666667 0.3515625 0.010416666666666666 0.0546875
2 0.7348958333333333 0.41015625 0.017708333333333333 0.078125
2 0.7765625 0.537109375 0.028125 0.12890625
2 0.8916666666666667 0.87890625 0.05416666666666667 0.2265625
