1 0.16927083333333334 0.712890625 0.06770833333333333 0.22265625
1 0.2994791666666667 0.51171875 0.030208333333333334 0.1328125
1 0.38177083333333334 0.4453125 0.019791666666666666 0.0859375
1 0.4588541666666667 0.3828125 0.015625 0.0703125
1 0.5869791666666667 0.3671875 0.011458333333333333 0.0546875
1 0.6932291666666667 0.359375 0.013541666666666667 0.046875
2 0.8671875 0.65625 0.04479166666666667 0.171875
2 0.7302083333333333 0.501953125 0.025 0.09765625
2 0.7114583333333333 0.45703125 0.01875 0.09375
2 0.7453125 0.44140625 0.015625 0.0859375
2 0.8348958333333333 0.439453125 0.023958333333333335 0.08203125
2 0.934375 0.455078125 0.016666666666666666 0.06640625
