1 0.34270833333333334 0.5625 0.027083333333333334 0.125
1 0.4739583333333333 0.423828125 0.014583333333333334 0.08984375
1 0.56875 0.365234375 0.0125 0.06640625
1 0.6760416666666667 0.337890625 0.008333333333333333 0.04296875
1 0.7734375 0.3359375 0.009375 0.046875
1 0.884375 0.33984375 0.008333333333333333 0.0390625
2 0.8739583333333333 0.4140625 0.014583333333333334 0.0703125
2 0.8213541666666667 0.435546875 0.019791666666666666 0.08984375
2 0.7822916666666667 0.4609375 0.01875 0.1015625
2 0.7869791666666667 0.560546875 0.028125 0.12890625
1 0.8328125 0.310546875 0.007291666666666667 0.03515625
