1 0.2838541666666667 0.228515625 0.005208333333333333 0.02734375
1 0.26927083333333335 0.234375 0.005208333333333333 0.03125
1 0.25416666666666665 0.240234375 0.00625 0.03515625
1 0.24010416666666667 0.25390625 0.007291666666666667 0.046875
1 0.24739583333333334 0.283203125 0.007291666666666667 0.05078125
1 0.27447916666666666 0.33984375 0.011458333333333333 0.0625
1 0.41770833333333335 0.3828125 0.014583333333333334 0.078125
1 0.35260416666666666 0.5234375 0.023958333333333335 0.125
1 0.16354166666666667 0.875 0.058333333333333334 0.25
2 0.3609375 0.25390625 0.005208333333333333 0.03125
2 0.3671875 0.265625 0.007291666666666667 0.0390625
2 0.3802083333333333 0.283203125 0.008333333333333333 0.04296875
2 0.4119791666666667 0.310546875 0.009375 0.04296875
2 0.4666666666666667 0.3203125 0.008333333333333333 0.046875
2 0.528125 0.326171875 0.010416666666666666 0.05078125
2 0.6015625 0.361328125 0.011458333333333333 0.05859375
2 0.6083333333333333 0.4140625 0.014583333333333334 0.078125
2 0.6744791666666666 0.541015625 0.028125 0.12890625
