1 0.16354166666666667 0.734375 0.04375 0.2109375
1 0.3453125 0.458984375 0.017708333333333333 0.09765625
1 0.4041666666666667 0.369140625 0.0125 0.06640625
1 0.42916666666666664 0.330078125 0.008333333333333333 0.05078125
1 0.44375 0.3046875 0.00625 0.0390625
1 0.45989583333333334 0.287109375 0.005208333333333333 0.03515625
1 0.47239583333333335 0.275390625 0.005208333333333333 0.02734375
2 0.5713541666666667 0.28125 0.005208333333333333 0.03125
2 0.5786458333333333 0.29296875 0.007291666666666667 0.03125
2 0.5895833333333333 0.30859375 0.008333333333333333 0.0390625
2 0.6072916666666667 0.33984375 0.010416666666666666 0.046875
2 0.6385416666666667 0.375 0.0125 0.0625
2 0.7098958333333333 0.466796875 0.021875 0.09765625
2 0.8895833333333333 0.716796875 0.04583333333333333 0.19921875
2 0.940625 0.28515625 0.010416666666666666 0.0390625
1 0.8854166666666666 0.267578125 0.00625 0.02734375
2 0.8395833333333333 0.27734375 0.00625 0.03125
1 0.7890625 0.259765625 0.005208333333333333 0.02734375
