0 0.3359375 0.748046875 0.046875 0.23828125
1 0.35260416666666666 0.328125 0.013541666666666667 0.0703125
0 0.4114583333333333 0.458984375 0.022916666666666665 0.11328125
2 0.4171875 0.37890625 0.015625 0.078125
2 0.44947916666666665 0.37109375 0.015625 0.078125
1 0.44114583333333335 0.306640625 0.009375 0.05078125
3 0.4588541666666667 0.28515625 0.011458333333333333 0.078125
3 0.5619791666666667 0.2734375 0.009375 0.0703125
2 0.5671875 0.294921875 0.007291666666666667 0.04296875
3 0.5802083333333333 0.291015625 0.0125 0.08203125
2 0.5973958333333333 0.322265625 0.009375 0.05078125
1 0.5848958333333333 0.369140625 0.015625 0.07421875
1 0.6088541666666667 0.380859375 0.015625 0.07421875
0 0.6223958333333334 0.474609375 0.023958333333333335 0.11328125
0 0.7697916666666667 0.791015625 0.05416666666666667 0.24609375
2 0.7302083333333333 0.359375 0.014583333333333334 0.0703125
