1 0.17604166666666668 0.5703125 0.025 0.15625
1 0.4203125 0.388671875 0.013541666666666667 0.08984375
2 0.8427083333333333 0.490234375 0.016666666666666666 0.11328125
2 0.8333333333333334 0.3828125 0.0125 0.0703125
2 0.871875 0.3359375 0.0125 0.0625
2 0.9114583333333334 0.326171875 0.010416666666666666 0.05078125
1 0.5729166666666666 0.314453125 0.010416666666666666 0.06640625
1 0.6619791666666667 0.30078125 0.007291666666666667 0.0546875
2 0.9265625 0.3125 0.007291666666666667 0.046875
1 0.7265625 0.298828125 0.007291666666666667 0.05078125
1 0.21770833333333334 0.287109375 0.008333333333333333 0.05078125
1 0.14635416666666667 0.333984375 0.011458333333333333 0.06640625
