1 0.1046875 0.884765625 0.042708333333333334 0.18359375
1 0.26145833333333335 0.529296875 0.027083333333333334 0.13671875
1 0.2984375 0.41015625 0.015625 0.0859375
1 0.3255208333333333 0.35546875 0.011458333333333333 0.0546875
1 0.4005208333333333 0.322265625 0.009375 0.05078125
1 0.44895833333333335 0.306640625 0.00625 0.03515625
1 0.49166666666666664 0.294921875 0.00625 0.03515625
1 0.5385416666666667 0.294921875 0.00625 0.03515625
1 0.5703125 0.294921875 0.005208333333333333 0.02734375
1 0.6067708333333334 0.28515625 0.005208333333333333 0.03125
1 0.5958333333333333 0.27734375 0.00625 0.03125
2 0.6864583333333333 0.2734375 0.00625 0.03125
2 0.6958333333333333 0.283203125 0.00625 0.03515625
2 0.6973958333333333 0.30078125 0.007291666666666667 0.0390625
2 0.6765625 0.3125 0.007291666666666667 0.0390625
2 0.7463541666666667 0.728515625 0.042708333333333334 0.20703125
2 0.5333333333333333 0.484375 0.020833333333333332 0.1015625
2 0.4921875 0.3984375 0.013541666666666667 0.0703125
2 0.4942708333333333 0.36328125 0.011458333333333333 0.0546875
2 0.5083333333333333 0.337890625 0.008333333333333333 0.04296875
2 0.5270833333333333 0.322265625 0.008333333333333333 0.04296875
2 0.5463541666666667 0.318359375 0.007291666666666667 0.04296875
2 0.5864583333333333 0.3203125 0.00625 0.0390625
2 0.6401041666666667 0.318359375 0.007291666666666667 0.04296875
