1 0.496875 0.537109375 0.03125 0.17578125
1 0.5270833333333333 0.22265625 0.008333333333333333 0.046875
1 0.6447916666666667 0.365234375 0.01875 0.10546875
1 0.6239583333333333 0.1953125 0.00625 0.03125
1 0.6552083333333333 0.1953125 0.008333333333333333 0.0390625
1 0.6833333333333333 0.23046875 0.010416666666666666 0.0546875
2 0.6953125 0.1875 0.009375 0.0390625
1 0.8041666666666667 0.296875 0.014583333333333334 0.078125
1 0.8119791666666667 0.2109375 0.009375 0.0546875
1 0.884375 0.185546875 0.008333333333333333 0.05078125
1 0.9380208333333333 0.26171875 0.015625 0.0703125
