0 0.2140625 0.8046875 0.053125 0.265625
2 0.290625 0.546875 0.03125 0.15625
1 0.14479166666666668 0.416015625 0.022916666666666665 0.10546875
1 0.32916666666666666 0.353515625 0.016666666666666666 0.07421875
3 0.36666666666666664 0.310546875 0.020833333333333332 0.10546875
3 0.5453125 0.310546875 0.019791666666666666 0.10546875
2 0.5859375 0.361328125 0.017708333333333333 0.07421875
1 0.6385416666666667 0.53515625 0.029166666666666667 0.140625
0 0.7776041666666667 0.79296875 0.051041666666666666 0.2421875
2 0.7494791666666667 0.421875 0.019791666666666666 0.1015625
