0 0.11145833333333334 0.4140625 0.029166666666666667 0.109375
0 0.20729166666666668 0.35546875 0.020833333333333332 0.0859375
1 0.2203125 0.875 0.06145833333333333 0.25
0 0.38125 0.41796875 0.020833333333333332 0.1015625
0 0.403125 0.361328125 0.016666666666666666 0.07421875
2 0.4083333333333333 0.271484375 0.010416666666666666 0.05078125
2 0.4244791666666667 0.30078125 0.013541666666666667 0.0625
2 0.43802083333333336 0.255859375 0.007291666666666667 0.03515625
2 0.49114583333333334 0.24609375 0.007291666666666667 0.03125
1 0.5020833333333333 0.27734375 0.008333333333333333 0.0390625
1 0.5151041666666667 0.263671875 0.007291666666666667 0.03515625
1 0.5291666666666667 0.294921875 0.010416666666666666 0.04296875
1 0.5473958333333333 0.255859375 0.007291666666666667 0.03515625
2 0.5588541666666667 0.2421875 0.007291666666666667 0.03125
2 0.5541666666666667 0.3515625 0.0125 0.078125
2 0.5932291666666667 0.359375 0.017708333333333333 0.078125
1 0.609375 0.435546875 0.020833333333333332 0.09765625
1 0.6375 0.419921875 0.01875 0.08984375
1 0.653125 0.33203125 0.0125 0.0625
1 0.5953125 0.25 0.005208333333333333 0.03125
2 0.6328125 0.244140625 0.007291666666666667 0.03515625
1 0.65 0.251953125 0.00625 0.03515625
2 0.6953125 0.25 0.005208333333333333 0.03125
1 0.7041666666666667 0.2578125 0.00625 0.03125
1 0.7734375 0.263671875 0.007291666666666667 0.03515625
2 0.7916666666666666 0.255859375 0.008333333333333333 0.03515625
1 0.8119791666666667 0.357421875 0.015625 0.06640625
1 0.8713541666666667 0.279296875 0.007291666666666667 0.03515625
3 0.8796875 0.341796875 0.019791666666666666 0.10546875
2 0.884375 0.58203125 0.03333333333333333 0.1640625
2 0.9145833333333333 0.275390625 0.008333333333333333 0.04296875
1 0.9395833333333333 0.361328125 0.014583333333333334 0.06640625
1 0.9583333333333334 0.294921875 0.008333333333333333 0.04296875
