1 0.42135416666666664 0.47265625 0.021875 0.109375
1 0.5671875 0.41796875 0.015625 0.0859375
1 0.6848958333333334 0.396484375 0.011458333333333333 0.06640625
1 0.4588541666666667 0.310546875 0.007291666666666667 0.04296875
2 0.5369791666666667 0.30078125 0.005208333333333333 0.03125
2 0.5640625 0.306640625 0.005208333333333333 0.03515625
1 0.5895833333333333 0.33984375 0.008333333333333333 0.046875
2 0.5979166666666667 0.306640625 0.00625 0.02734375
1 0.6958333333333333 0.337890625 0.008333333333333333 0.04296875
1 0.7572916666666667 0.328125 0.00625 0.0390625
1 0.7890625 0.388671875 0.009375 0.05859375
1 0.9145833333333333 0.380859375 0.010416666666666666 0.05859375
