2 0.09270833333333334 0.58203125 0.03333333333333333 0.1875
2 0.06041666666666667 0.423828125 0.022916666666666665 0.12109375
2 0.07135416666666666 0.3359375 0.015625 0.09375
2 0.096875 0.294921875 0.0125 0.07421875
2 0.12916666666666668 0.287109375 0.010416666666666666 0.06640625
2 0.20104166666666667 0.291015625 0.010416666666666666 0.06640625
2 0.2921875 0.294921875 0.011458333333333333 0.06640625
1 0.0953125 0.236328125 0.009375 0.05078125
1 0.15 0.236328125 0.008333333333333333 0.05078125
1 0.20677083333333332 0.2265625 0.009375 0.046875
2 0.34375 0.291015625 0.0125 0.05859375
2 0.31875 0.216796875 0.008333333333333333 0.04296875
1 0.7109375 0.685546875 0.034375 0.19921875
1 0.8328125 0.462890625 0.017708333333333333 0.10546875
