2 0.03333333333333333 0.326171875 0.010416666666666666 0.05078125
2 0.040625 0.369140625 0.014583333333333334 0.07421875
1 0.12447916666666667 0.318359375 0.007291666666666667 0.03515625
2 0.1421875 0.33984375 0.009375 0.046875
1 0.22447916666666667 0.328125 0.007291666666666667 0.0390625
2 0.22604166666666667 0.390625 0.014583333333333334 0.0703125
2 0.2713541666666667 0.35546875 0.009375 0.0546875
2 0.3729166666666667 0.427734375 0.01875 0.08203125
2 0.36614583333333334 0.373046875 0.009375 0.05078125
1 0.3703125 0.349609375 0.007291666666666667 0.04296875
2 0.36666666666666664 0.373046875 0.010416666666666666 0.05078125
1 0.4708333333333333 0.361328125 0.008333333333333333 0.04296875
2 0.5067708333333333 0.3984375 0.011458333333333333 0.0546875
2 0.5364583333333334 0.4921875 0.022916666666666665 0.109375
1 0.5864583333333333 0.380859375 0.008333333333333333 0.05078125
2 0.6911458333333333 0.431640625 0.013541666666666667 0.06640625
1 0.75625 0.408203125 0.010416666666666666 0.05859375
2 0.8182291666666667 0.671875 0.03854166666666667 0.1875
2 0.8666666666666667 0.47265625 0.01875 0.078125
1 0.890625 0.43359375 0.0125 0.0625
