1 0.240625 0.578125 0.04791666666666667 0.171875
1 0.371875 0.431640625 0.03125 0.11328125
1 0.46770833333333334 0.34375 0.020833333333333332 0.078125
1 0.6140625 0.314453125 0.015625 0.05078125
1 0.7364583333333333 0.3046875 0.014583333333333334 0.0546875
1 0.8958333333333334 0.31640625 0.014583333333333334 0.046875
2 0.8197916666666667 0.412109375 0.027083333333333334 0.10546875
2 0.7817708333333333 0.431640625 0.026041666666666668 0.10546875
2 0.8213541666666667 0.5078125 0.030208333333333334 0.125
2 0.9291666666666667 0.40625 0.025 0.09375
