1 0.16875 0.896484375 0.05416666666666667 0.20703125
1 0.4666666666666667 0.591796875 0.03125 0.16015625
1 0.48489583333333336 0.36328125 0.017708333333333333 0.0859375
1 0.5609375 0.25390625 0.009375 0.0546875
1 0.5369791666666667 0.298828125 0.011458333333333333 0.06640625
1 0.5651041666666666 0.4296875 0.021875 0.1171875
2 0.9005208333333333 0.24609375 0.011458333333333333 0.046875
2 0.8223958333333333 0.25 0.009375 0.046875
2 0.8 0.248046875 0.010416666666666666 0.05078125
2 0.7828125 0.259765625 0.009375 0.05078125
2 0.7958333333333333 0.275390625 0.0125 0.05859375
2 0.8286458333333333 0.3203125 0.015625 0.078125
2 0.9020833333333333 0.423828125 0.029166666666666667 0.12109375
