1 0.24739583333333334 0.357421875 0.009375 0.05078125
1 0.3265625 0.3671875 0.007291666666666667 0.0546875
1 0.37083333333333335 0.3828125 0.010416666666666666 0.0546875
1 0.41458333333333336 0.41015625 0.010416666666666666 0.0625
1 0.4427083333333333 0.455078125 0.0125 0.07421875
1 0.22447916666666667 0.677734375 0.034375 0.16796875
1 0.4005208333333333 0.5234375 0.019791666666666666 0.1015625
2 0.5192708333333333 0.3671875 0.009375 0.046875
2 0.6072916666666667 0.40234375 0.010416666666666666 0.0546875
2 0.6739583333333333 0.45703125 0.014583333333333334 0.078125
2 0.7177083333333333 0.53125 0.020833333333333332 0.1015625
2 0.8223958333333333 0.75390625 0.042708333333333334 0.1953125
