1 0.18020833333333333 0.85546875 0.058333333333333334 0.2734375
1 0.38333333333333336 0.46875 0.020833333333333332 0.1015625
1 0.43072916666666666 0.376953125 0.013541666666666667 0.06640625
1 0.45 0.33984375 0.010416666666666666 0.0546875
1 0.4635416666666667 0.318359375 0.010416666666666666 0.05078125
1 0.475 0.3046875 0.008333333333333333 0.0390625
1 0.4822916666666667 0.294921875 0.00625 0.03515625
2 0.5796875 0.2890625 0.007291666666666667 0.03125
2 0.59375 0.283203125 0.00625 0.02734375
2 0.5932291666666667 0.3046875 0.007291666666666667 0.03125
2 0.6130208333333333 0.28125 0.007291666666666667 0.03125
2 0.640625 0.28125 0.00625 0.03125
2 0.6369791666666667 0.345703125 0.011458333333333333 0.05859375
2 0.675 0.388671875 0.014583333333333334 0.07421875
2 0.7552083333333334 0.501953125 0.025 0.11328125
2 0.6088541666666667 0.318359375 0.009375 0.04296875
2 0.6869791666666667 0.28125 0.005208333333333333 0.03125
1 0.5057291666666667 0.283203125 0.005208333333333333 0.02734375
