1 0.08697916666666666 0.853515625 0.059375 0.25390625
1 0.33125 0.48828125 0.020833333333333332 0.109375
1 0.4 0.37890625 0.010416666666666666 0.0703125
1 0.4270833333333333 0.337890625 0.010416666666666666 0.05078125
1 0.4432291666666667 0.310546875 0.007291666666666667 0.04296875
1 0.46041666666666664 0.291015625 0.00625 0.03515625
1 0.47291666666666665 0.279296875 0.00625 0.03515625
2 0.5822916666666667 0.296875 0.00625 0.03125
2 0.5942708333333333 0.314453125 0.009375 0.04296875
2 0.6140625 0.34375 0.009375 0.046875
2 0.6484375 0.38671875 0.015625 0.0703125
2 0.7317708333333334 0.494140625 0.023958333333333335 0.10546875
