1 0.0390625 0.25 0.009375 0.0390625
1 0.0359375 0.26953125 0.009375 0.046875
0 0.057291666666666664 0.287109375 0.0125 0.05078125
1 0.08385416666666666 0.466796875 0.028125 0.12890625
0 0.08489583333333334 0.3046875 0.011458333333333333 0.0625
1 0.1171875 0.669921875 0.04479166666666667 0.20703125
0 0.15572916666666667 0.275390625 0.009375 0.04296875
0 0.18697916666666667 0.29296875 0.011458333333333333 0.0546875
2 0.17604166666666668 0.3359375 0.014583333333333334 0.0703125
2 0.34791666666666665 0.3828125 0.016666666666666666 0.0859375
3 0.47604166666666664 0.26953125 0.010416666666666666 0.0703125
2 0.5484375 0.517578125 0.026041666666666668 0.13671875
