1 0.31979166666666664 0.466796875 0.029166666666666667 0.12890625
1 0.40729166666666666 0.337890625 0.01875 0.07421875
1 0.440625 0.291015625 0.010416666666666666 0.05078125
3 0.4552083333333333 0.2578125 0.0125 0.0703125
3 0.4578125 0.248046875 0.009375 0.06640625
2 0.684375 0.4765625 0.029166666666666667 0.1328125
2 0.6036458333333333 0.345703125 0.015625 0.07421875
2 0.5723958333333333 0.29296875 0.011458333333333333 0.0546875
3 0.5604166666666667 0.265625 0.010416666666666666 0.0625
3 0.5546875 0.2578125 0.009375 0.0625
0 0.5473958333333333 0.255859375 0.007291666666666667 0.03515625
0 0.5411458333333333 0.24609375 0.007291666666666667 0.03125
0 0.5364583333333334 0.234375 0.00625 0.03125
0 0.46770833333333334 0.248046875 0.008333333333333333 0.03515625
0 0.4739583333333333 0.23828125 0.00625 0.03125
