1 0.19947916666666668 0.837890625 0.057291666666666664 0.26171875
0 0.19895833333333332 0.453125 0.022916666666666665 0.1171875
0 0.3 0.361328125 0.016666666666666666 0.07421875
0 0.36302083333333335 0.44921875 0.023958333333333335 0.1171875
2 0.38697916666666665 0.283203125 0.009375 0.05078125
2 0.4010416666666667 0.31640625 0.0125 0.0625
0 0.3953125 0.3671875 0.015625 0.078125
2 0.421875 0.265625 0.008333333333333333 0.046875
1 0.4942708333333333 0.287109375 0.009375 0.04296875
1 0.5046875 0.271484375 0.009375 0.04296875
1 0.525 0.30859375 0.010416666666666666 0.0546875
2 0.5197916666666667 0.37109375 0.014583333333333334 0.078125
1 0.5557291666666667 0.462890625 0.021875 0.11328125
1 0.6151041666666667 0.3359375 0.013541666666666667 0.0625
2 0.6276041666666666 0.244140625 0.007291666666666667 0.03515625
1 0.7682291666666666 0.353515625 0.015625 0.07421875
1 0.7895833333333333 0.255859375 0.008333333333333333 0.03515625
2 0.8052083333333333 0.24609375 0.008333333333333333 0.0390625
3 0.8609375 0.33984375 0.019791666666666666 0.109375
2 0.91875 0.625 0.03958333333333333 0.1875
1 0.940625 0.35546875 0.016666666666666666 0.0703125
1 0.9536458333333333 0.27734375 0.007291666666666667 0.0390625
2 0.9203125 0.255859375 0.009375 0.04296875
1 0.8697916666666666 0.2578125 0.008333333333333333 0.0390625
