1 0.34427083333333336 0.416015625 0.021875 0.09765625
1 0.41458333333333336 0.322265625 0.0125 0.05859375
1 0.44427083333333334 0.28125 0.009375 0.046875
1 0.45989583333333334 0.259765625 0.007291666666666667 0.03515625
1 0.46927083333333336 0.24609375 0.007291666666666667 0.03125
1 0.47604166666666664 0.234375 0.00625 0.03125
2 0.5473958333333333 0.244140625 0.007291666666666667 0.03515625
2 0.5552083333333333 0.255859375 0.008333333333333333 0.04296875
2 0.5661458333333333 0.28125 0.009375 0.0390625
2 0.5895833333333333 0.32421875 0.0125 0.0625
2 0.6411458333333333 0.416015625 0.021875 0.09765625
2 0.5416666666666666 0.234375 0.00625 0.03125
