1 0.0859375 0.4375 0.023958333333333335 0.1171875
2 0.10208333333333333 0.333984375 0.01875 0.07421875
1 0.17395833333333333 0.5390625 0.03125 0.15625
2 0.2994791666666667 0.365234375 0.017708333333333333 0.08203125
2 0.4557291666666667 0.43359375 0.021875 0.1171875
2 0.7380208333333333 0.7890625 0.051041666666666666 0.25
2 0.8229166666666666 0.890625 0.05 0.2109375
0 0.7911458333333333 0.353515625 0.017708333333333333 0.07421875
0 0.7911458333333333 0.388671875 0.019791666666666666 0.08984375
0 0.7984375 0.44921875 0.023958333333333335 0.1015625
0 0.8046875 0.568359375 0.034375 0.16015625
0 0.8510416666666667 0.359375 0.01875 0.078125
0 0.909375 0.3671875 0.016666666666666666 0.078125
