1 0.17552083333333332 0.77734375 0.04479166666666667 0.234375
1 0.36354166666666665 0.470703125 0.01875 0.10546875
1 0.421875 0.376953125 0.010416666666666666 0.06640625
1 0.4453125 0.337890625 0.009375 0.05078125
1 0.45989583333333334 0.3125 0.007291666666666667 0.0390625
2 0.5958333333333333 0.298828125 0.00625 0.03515625
2 0.6088541666666667 0.31640625 0.009375 0.046875
2 0.6286458333333333 0.341796875 0.009375 0.05078125
2 0.6630208333333333 0.3828125 0.013541666666666667 0.0703125
2 0.7463541666666667 0.486328125 0.019791666666666666 0.09765625
