2 0.05364583333333333 0.306640625 0.013541666666666667 0.05859375
1 0.07708333333333334 0.40625 0.020833333333333332 0.1015625
1 0.1765625 0.484375 0.028125 0.125
1 0.18802083333333333 0.736328125 0.04895833333333333 0.23828125
2 0.1125 0.234375 0.00625 0.03125
2 0.19114583333333332 0.294921875 0.011458333333333333 0.05078125
2 0.2625 0.28515625 0.010416666666666666 0.046875
2 0.2765625 0.259765625 0.007291666666666667 0.03515625
1 0.2796875 0.314453125 0.011458333333333333 0.05859375
2 0.2765625 0.353515625 0.013541666666666667 0.06640625
2 0.2869791666666667 0.26953125 0.009375 0.0390625
1 0.35104166666666664 0.255859375 0.00625 0.03515625
1 0.3645833333333333 0.2890625 0.008333333333333333 0.046875
1 0.3770833333333333 0.26953125 0.00625 0.0390625
0 0.37552083333333336 0.31640625 0.009375 0.0546875
0 0.3885416666666667 0.34765625 0.0125 0.0625
2 0.440625 0.412109375 0.016666666666666666 0.09765625
0 0.44635416666666666 0.31640625 0.011458333333333333 0.0546875
0 0.47239583333333335 0.349609375 0.011458333333333333 0.05859375
2 0.6682291666666667 0.6171875 0.034375 0.171875
0 0.8192708333333333 0.41796875 0.017708333333333333 0.09375
1 0.1328125 0.228515625 0.005208333333333333 0.03515625
1 0.2265625 0.236328125 0.007291666666666667 0.03515625
2 0.24322916666666666 0.25 0.007291666666666667 0.0390625
1 0.3 0.248046875 0.00625 0.02734375
