1 0.20416666666666666 0.693359375 0.041666666666666664 0.19921875
1 0.390625 0.51171875 0.01875 0.109375
1 0.4765625 0.4375 0.011458333333333333 0.078125
1 0.5401041666666667 0.388671875 0.009375 0.05859375
1 0.5822916666666667 0.365234375 0.008333333333333333 0.04296875
2 0.7255208333333333 0.388671875 0.011458333333333333 0.05859375
2 0.7197916666666667 0.439453125 0.014583333333333334 0.08984375
2 0.7505208333333333 0.541015625 0.021875 0.13671875
2 0.859375 0.833984375 0.052083333333333336 0.25390625
1 0.6317708333333333 0.34375 0.007291666666666667 0.0390625
2 0.7307291666666667 0.3671875 0.009375 0.046875
2 0.7447916666666666 0.349609375 0.008333333333333333 0.04296875
2 0.9328125 0.36328125 0.011458333333333333 0.0546875
2 0.9104166666666667 0.341796875 0.008333333333333333 0.04296875
2 0.9442708333333333 0.333984375 0.007291666666666667 0.04296875
2 0.7776041666666667 0.337890625 0.007291666666666667 0.04296875
1 0.6770833333333334 0.330078125 0.00625 0.03515625
