1 0.015104166666666667 0.23046875 0.013541666666666667 0.0546875
1 0.022916666666666665 0.255859375 0.016666666666666666 0.06640625
1 0.04583333333333333 0.21484375 0.0125 0.0546875
1 0.06666666666666667 0.267578125 0.01875 0.08984375
1 0.14947916666666666 0.310546875 0.023958333333333335 0.10546875
1 0.24322916666666666 0.375 0.028125 0.125
1 0.2526041666666667 0.5390625 0.046875 0.2109375
2 0.25625 0.2265625 0.010416666666666666 0.0625
2 0.26875 0.240234375 0.010416666666666666 0.05078125
2 0.31979166666666664 0.25390625 0.0125 0.0625
2 0.40572916666666664 0.27734375 0.015625 0.078125
2 0.5489583333333333 0.3359375 0.020833333333333332 0.1015625
2 0.7208333333333333 0.486328125 0.0375 0.16015625
