1 0.3697916666666667 0.703125 0.04791666666666667 0.21875
1 0.6416666666666667 0.439453125 0.022916666666666665 0.10546875
0 0.715625 0.314453125 0.014583333333333334 0.05859375
0 0.7567708333333333 0.30859375 0.015625 0.0625
1 0.7828125 0.392578125 0.019791666666666666 0.09765625
0 0.8598958333333333 0.34375 0.015625 0.0703125
0 0.8864583333333333 0.328125 0.014583333333333334 0.0703125
2 0.9145833333333333 0.291015625 0.010416666666666666 0.05078125
2 0.9223958333333333 0.310546875 0.013541666666666667 0.05859375
2 0.9380208333333333 0.572265625 0.034375 0.16015625
2 0.9583333333333334 0.28515625 0.010416666666666666 0.046875
