1 0.14114583333333333 0.7578125 0.051041666666666666 0.234375
1 0.41510416666666666 0.435546875 0.015625 0.10546875
1 0.4895833333333333 0.375 0.0125 0.0703125
1 0.5666666666666667 0.341796875 0.008333333333333333 0.05078125
1 0.66875 0.328125 0.00625 0.046875
2 0.740625 0.421875 0.014583333333333334 0.0859375
2 0.7515625 0.517578125 0.023958333333333335 0.12109375
2 0.759375 0.37890625 0.0125 0.0625
2 0.8041666666666667 0.353515625 0.010416666666666666 0.05078125
2 0.86875 0.3359375 0.008333333333333333 0.046875
1 0.75 0.3125 0.00625 0.0390625
