1 0.008854166666666666 0.40625 0.017708333333333333 0.109375
1 0.018229166666666668 0.298828125 0.011458333333333333 0.05859375
2 0.036458333333333336 0.32421875 0.014583333333333334 0.0625
1 0.08697916666666666 0.76171875 0.057291666666666664 0.2578125
1 0.10729166666666666 0.48828125 0.03125 0.1328125
1 0.0765625 0.240234375 0.007291666666666667 0.03515625
1 0.11614583333333334 0.251953125 0.007291666666666667 0.03515625
1 0.10989583333333333 0.271484375 0.009375 0.04296875
0 0.13333333333333333 0.291015625 0.0125 0.05078125
0 0.15885416666666666 0.314453125 0.013541666666666667 0.05859375
0 0.20833333333333334 0.28515625 0.010416666666666666 0.046875
2 0.225 0.345703125 0.016666666666666666 0.07421875
0 0.24114583333333334 0.302734375 0.011458333333333333 0.05078125
2 0.38958333333333334 0.40625 0.020833333333333332 0.09375
0 0.496875 0.3203125 0.010416666666666666 0.0546875
2 0.6067708333333334 0.599609375 0.034375 0.17578125
