3 0.027604166666666666 0.291015625 0.017708333333333333 0.09765625
1 0.0984375 0.42578125 0.021875 0.109375
2 0.1109375 0.310546875 0.015625 0.06640625
1 0.17447916666666666 0.544921875 0.034375 0.15234375
2 0.18489583333333334 0.234375 0.007291666666666667 0.03125
1 0.20625 0.23046875 0.00625 0.03125
2 0.24635416666666668 0.298828125 0.013541666666666667 0.05859375
2 0.253125 0.240234375 0.00625 0.03515625
1 0.29270833333333335 0.234375 0.00625 0.03125
2 0.30625 0.25 0.00625 0.03125
2 0.31927083333333334 0.28515625 0.009375 0.046875
2 0.3203125 0.365234375 0.015625 0.08203125
1 0.33229166666666665 0.3203125 0.0125 0.0625
2 0.3375 0.259765625 0.008333333333333333 0.03515625
2 0.3458333333333333 0.2734375 0.008333333333333333 0.0390625
1 0.3625 0.244140625 0.00625 0.03515625
1 0.4119791666666667 0.255859375 0.005208333333333333 0.03515625
1 0.42239583333333336 0.294921875 0.007291666666666667 0.05078125
0 0.4296875 0.32421875 0.011458333333333333 0.0546875
1 0.43697916666666664 0.2734375 0.007291666666666667 0.0390625
0 0.44114583333333335 0.365234375 0.013541666666666667 0.06640625
2 0.4953125 0.453125 0.017708333333333333 0.109375
0 0.50625 0.32421875 0.010416666666666666 0.0546875
0 0.534375 0.365234375 0.014583333333333334 0.07421875
2 0.8260416666666667 0.837890625 0.05625 0.27734375
