2 0.009895833333333333 0.3359375 0.017708333333333333 0.0859375
1 0.1125 0.490234375 0.03333333333333333 0.13671875
1 0.1234375 0.76953125 0.05520833333333333 0.2421875
2 0.1875 0.34765625 0.016666666666666666 0.078125
2 0.35520833333333335 0.408203125 0.020833333333333332 0.09765625
2 0.37916666666666665 0.42578125 0.022916666666666665 0.1015625
2 0.421875 0.287109375 0.008333333333333333 0.04296875
0 0.421875 0.287109375 0.008333333333333333 0.04296875
0 0.415625 0.3046875 0.008333333333333333 0.0546875
0 0.41041666666666665 0.328125 0.010416666666666666 0.0546875
0 0.39947916666666666 0.361328125 0.013541666666666667 0.07421875
0 0.4552083333333333 0.287109375 0.008333333333333333 0.04296875
0 0.484375 0.287109375 0.008333333333333333 0.04296875
0 0.5125 0.287109375 0.008333333333333333 0.04296875
0 0.5244791666666667 0.306640625 0.009375 0.05078125
0 0.5322916666666667 0.32421875 0.010416666666666666 0.0546875
0 0.5484375 0.359375 0.013541666666666667 0.0703125
1 0.5703125 0.421875 0.017708333333333333 0.09375
1 0.5947916666666667 0.3984375 0.01875 0.0859375
1 0.7588541666666667 0.3515625 0.013541666666666667 0.0703125
2 0.8375 0.478515625 0.027083333333333334 0.11328125
2 0.8645833333333334 0.748046875 0.04791666666666667 0.23828125
2 0.9338541666666667 0.412109375 0.023958333333333335 0.08984375
1 0.9223958333333333 0.341796875 0.013541666666666667 0.05859375
