3 0.008333333333333333 0.3828125 0.016666666666666666 0.1640625
2 0.029166666666666667 0.296875 0.010416666666666666 0.0546875
2 0.044270833333333336 0.322265625 0.013541666666666667 0.06640625
1 0.046875 0.443359375 0.022916666666666665 0.10546875
2 0.08020833333333334 0.275390625 0.008333333333333333 0.04296875
3 0.071875 0.318359375 0.01875 0.11328125
2 0.13125 0.33984375 0.016666666666666666 0.078125
1 0.12083333333333333 0.578125 0.0375 0.15625
2 0.15 0.263671875 0.008333333333333333 0.04296875
1 0.17395833333333333 0.24609375 0.00625 0.03125
2 0.209375 0.2578125 0.008333333333333333 0.0390625
3 0.21354166666666666 0.330078125 0.01875 0.10546875
1 0.2786458333333333 0.244140625 0.005208333333333333 0.02734375
2 0.2869791666666667 0.25390625 0.007291666666666667 0.03125
2 0.2869791666666667 0.3515625 0.015625 0.078125
2 0.36875 0.251953125 0.00625 0.02734375
2 0.37552083333333336 0.244140625 0.005208333333333333 0.01953125
1 0.375 0.244140625 0.004166666666666667 0.01953125
2 0.434375 0.255859375 0.00625 0.02734375
2 0.44479166666666664 0.466796875 0.022916666666666665 0.11328125
1 0.45677083333333335 0.248046875 0.005208333333333333 0.02734375
2 0.475 0.337890625 0.0125 0.06640625
1 0.49114583333333334 0.392578125 0.015625 0.08203125
2 0.48333333333333334 0.2578125 0.00625 0.03125
2 0.4864583333333333 0.5 0.022916666666666665 0.125
1 0.5260416666666666 0.38671875 0.014583333333333334 0.078125
1 0.5255208333333333 0.25390625 0.007291666666666667 0.03125
2 0.5432291666666667 0.267578125 0.007291666666666667 0.03515625
2 0.5640625 0.31640625 0.011458333333333333 0.0546875
2 0.58125 0.279296875 0.008333333333333333 0.04296875
2 0.5911458333333334 0.296875 0.009375 0.046875
1 0.60625 0.267578125 0.00625 0.02734375
1 0.6588541666666666 0.28125 0.007291666666666667 0.0390625
1 0.6916666666666667 0.337890625 0.010416666666666666 0.05859375
1 0.6989583333333333 0.30859375 0.010416666666666666 0.046875
0 0.728125 0.423828125 0.01875 0.08984375
0 0.7651041666666667 0.521484375 0.026041666666666668 0.12890625
