1 0.10520833333333333 0.75 0.052083333333333336 0.2578125
1 0.128125 0.486328125 0.027083333333333334 0.12109375
2 0.25677083333333334 0.330078125 0.011458333333333333 0.06640625
2 0.4114583333333333 0.3984375 0.014583333333333334 0.1015625
1 0.6307291666666667 0.404296875 0.015625 0.08984375
2 0.903125 0.51171875 0.027083333333333334 0.1328125
1 0.7869791666666667 0.353515625 0.011458333333333333 0.06640625
0 0.6104166666666667 0.34375 0.0125 0.0703125
0 0.43854166666666666 0.3359375 0.014583333333333334 0.078125
1 0.04010416666666667 0.3984375 0.019791666666666666 0.1015625
2 0.06458333333333334 0.302734375 0.016666666666666666 0.08203125
