3 0.8494791666666667 0.779296875 0.06979166666666667 0.41796875
2 0.61875 0.611328125 0.027083333333333334 0.18359375
3 0.5546875 0.46875 0.03229166666666667 0.203125
2 0.521875 0.4296875 0.016666666666666666 0.109375
1 0.0734375 0.767578125 0.046875 0.26171875
3 0.11979166666666667 0.52734375 0.041666666666666664 0.28125
1 0.103125 0.498046875 0.027083333333333334 0.13671875
1 0.008854166666666666 0.40234375 0.017708333333333333 0.09375
2 0.23333333333333334 0.341796875 0.0125 0.07421875
1 0.40520833333333334 0.330078125 0.0125 0.05859375
1 0.5104166666666666 0.2890625 0.008333333333333333 0.046875
2 0.5505208333333333 0.353515625 0.011458333333333333 0.06640625
2 0.6151041666666667 0.328125 0.011458333333333333 0.0625
1 0.6213541666666667 0.275390625 0.009375 0.04296875
2 0.6942708333333333 0.31640625 0.013541666666666667 0.0546875
2 0.7916666666666666 0.31640625 0.010416666666666666 0.0625
2 0.7380208333333333 0.279296875 0.007291666666666667 0.04296875
1 0.7380208333333333 0.27734375 0.007291666666666667 0.0390625
1 0.8734375 0.2890625 0.007291666666666667 0.0390625
2 0.9130208333333333 0.318359375 0.011458333333333333 0.05859375
2 0.058333333333333334 0.3125 0.016666666666666666 0.0703125
0 0.24583333333333332 0.30859375 0.010416666666666666 0.0625
0 0.3984375 0.3046875 0.009375 0.0546875
0 0.2520833333333333 0.279296875 0.008333333333333333 0.05859375
0 0.25833333333333336 0.267578125 0.00625 0.05078125
0 0.39114583333333336 0.27734375 0.009375 0.0546875
0 0.38645833333333335 0.255859375 0.008333333333333333 0.04296875
0 0.3807291666666667 0.24609375 0.005208333333333333 0.0390625
0 0.378125 0.234375 0.00625 0.0390625
0 0.34375 0.232421875 0.00625 0.04296875
0 0.3109375 0.234375 0.007291666666666667 0.03125
0 0.27395833333333336 0.232421875 0.00625 0.04296875
0 0.26927083333333335 0.23828125 0.007291666666666667 0.046875
0 0.26197916666666665 0.255859375 0.009375 0.05078125
