0 0.321875 0.357421875 0.016666666666666666 0.08203125
0 0.37864583333333335 0.3203125 0.015625 0.0703125
1 0.43333333333333335 0.578125 0.035416666666666666 0.15625
0 0.5104166666666666 0.373046875 0.016666666666666666 0.08203125
0 0.5270833333333333 0.3359375 0.0125 0.0625
2 0.5286458333333334 0.26953125 0.007291666666666667 0.046875
2 0.54375 0.29296875 0.010416666666666666 0.0546875
2 0.5557291666666667 0.2578125 0.009375 0.0390625
2 0.6067708333333334 0.25 0.007291666666666667 0.03125
1 0.6161458333333333 0.27734375 0.007291666666666667 0.0390625
1 0.628125 0.263671875 0.008333333333333333 0.03515625
1 0.6401041666666667 0.29296875 0.011458333333333333 0.046875
1 0.6609375 0.259765625 0.007291666666666667 0.03515625
2 0.6578125 0.341796875 0.015625 0.07421875
2 0.6744791666666666 0.25 0.007291666666666667 0.0390625
1 0.7114583333333333 0.259765625 0.008333333333333333 0.03515625
2 0.6921875 0.345703125 0.013541666666666667 0.07421875
1 0.6984375 0.400390625 0.017708333333333333 0.08203125
1 0.7270833333333333 0.39453125 0.01875 0.09375
1 0.7572916666666667 0.33203125 0.0125 0.0546875
2 0.753125 0.25390625 0.008333333333333333 0.03125
1 0.7697916666666667 0.26171875 0.00625 0.03125
2 0.8213541666666667 0.259765625 0.007291666666666667 0.03515625
1 0.8302083333333333 0.267578125 0.00625 0.03515625
1 0.9119791666666667 0.275390625 0.007291666666666667 0.03515625
2 0.9354166666666667 0.26953125 0.008333333333333333 0.0390625
1 0.9208333333333333 0.361328125 0.014583333333333334 0.06640625
2 0.9203125 0.51953125 0.030208333333333334 0.140625
2 0.9010416666666666 0.771484375 0.05 0.23828125
