3 0.1328125 0.7421875 0.05520833333333333 0.421875
1 0.1796875 0.60546875 0.030208333333333334 0.1875
3 0.8427083333333333 0.728515625 0.07291666666666667 0.37890625
1 0.12916666666666668 0.44921875 0.01875 0.125
1 0.022916666666666665 0.388671875 0.020833333333333332 0.08984375
2 0.3723958333333333 0.3828125 0.013541666666666667 0.0859375
1 0.5625 0.380859375 0.0125 0.07421875
2 0.7442708333333333 0.58203125 0.03229166666666667 0.15625
2 0.7640625 0.44140625 0.021875 0.1015625
2 0.8463541666666666 0.39453125 0.019791666666666666 0.078125
2 0.965625 0.3828125 0.016666666666666666 0.078125
1 0.8364583333333333 0.3203125 0.010416666666666666 0.046875
1 0.6911458333333333 0.33203125 0.013541666666666667 0.0546875
0 0.5552083333333333 0.345703125 0.0125 0.06640625
0 0.3921875 0.3359375 0.011458333333333333 0.0625
0 0.40260416666666665 0.3046875 0.009375 0.0546875
0 0.5479166666666667 0.3125 0.010416666666666666 0.046875
0 0.5411458333333333 0.28125 0.009375 0.046875
0 0.5348958333333333 0.2578125 0.007291666666666667 0.0390625
0 0.4083333333333333 0.2890625 0.00625 0.0546875
0 0.415625 0.275390625 0.00625 0.05078125
0 0.4234375 0.259765625 0.007291666666666667 0.04296875
0 0.42864583333333334 0.25390625 0.005208333333333333 0.0390625
0 0.4635416666666667 0.25390625 0.008333333333333333 0.0390625
0 0.4979166666666667 0.2578125 0.00625 0.0390625
2 0.21875 0.330078125 0.014583333333333334 0.07421875
2 0.0125 0.3125 0.014583333333333334 0.0703125
