1 0.18645833333333334 0.748046875 0.04791666666666667 0.23046875
1 0.011979166666666667 0.328125 0.019791666666666666 0.0859375
1 0.057291666666666664 0.26953125 0.0125 0.0625
1 0.115625 0.244140625 0.010416666666666666 0.05078125
2 0.2791666666666667 0.287109375 0.010416666666666666 0.05078125
2 0.28541666666666665 0.318359375 0.0125 0.06640625
2 0.3203125 0.376953125 0.015625 0.08203125
2 0.41510416666666666 0.396484375 0.015625 0.08203125
2 0.5244791666666667 0.416015625 0.017708333333333333 0.08984375
2 0.6973958333333333 0.55859375 0.028125 0.140625
2 0.8671875 0.9375 0.030208333333333334 0.1171875
