2 0.0359375 0.27734375 0.013541666666666667 0.0546875
2 0.09114583333333333 0.28125 0.013541666666666667 0.046875
1 0.0984375 0.267578125 0.009375 0.03515625
2 0.1390625 0.28515625 0.013541666666666667 0.046875
1 0.16979166666666667 0.265625 0.010416666666666666 0.0390625
2 0.17447916666666666 0.36328125 0.019791666666666666 0.0859375
2 0.2 0.29296875 0.0125 0.0546875
1 0.2296875 0.275390625 0.009375 0.03515625
2 0.26927083333333335 0.306640625 0.011458333333333333 0.05078125
2 0.32916666666666666 0.396484375 0.022916666666666665 0.08984375
2 0.3572916666666667 0.333984375 0.010416666666666666 0.05859375
1 0.2833333333333333 0.291015625 0.008333333333333333 0.03515625
1 0.3453125 0.306640625 0.009375 0.03515625
2 0.4427083333333333 0.359375 0.016666666666666666 0.0625
1 0.4395833333333333 0.330078125 0.008333333333333333 0.04296875
2 0.5020833333333333 0.47265625 0.027083333333333334 0.109375
1 0.5260416666666666 0.3515625 0.010416666666666666 0.046875
2 0.5682291666666667 0.40234375 0.015625 0.0703125
2 0.6932291666666667 0.4609375 0.019791666666666666 0.0859375
2 0.73125 0.6640625 0.04791666666666667 0.1875
1 0.8484375 0.45703125 0.013541666666666667 0.0703125
1 0.6911458333333333 0.408203125 0.013541666666666667 0.05859375
