1 0.23229166666666667 0.642578125 0.0375 0.16796875
1 0.3489583333333333 0.46484375 0.01875 0.09375
1 0.40572916666666664 0.3828125 0.013541666666666667 0.0703125
1 0.42864583333333334 0.34765625 0.009375 0.046875
1 0.4703125 0.322265625 0.009375 0.04296875
1 0.5197916666666667 0.302734375 0.00625 0.03515625
2 0.6322916666666667 0.318359375 0.008333333333333333 0.04296875
2 0.60625 0.322265625 0.008333333333333333 0.04296875
2 0.5880208333333333 0.333984375 0.009375 0.05078125
2 0.6208333333333333 0.376953125 0.0125 0.06640625
2 0.6755208333333333 0.443359375 0.017708333333333333 0.08984375
2 0.8276041666666667 0.61328125 0.034375 0.15625
1 0.5859375 0.2890625 0.007291666666666667 0.0390625
1 0.6479166666666667 0.287109375 0.00625 0.03515625
2 0.6692708333333334 0.3125 0.007291666666666667 0.0390625
