3 0.06354166666666666 0.77734375 0.07083333333333333 0.3984375
1 0.07864583333333333 0.458984375 0.028125 0.12109375
3 0.12083333333333333 0.474609375 0.041666666666666664 0.23828125
1 0.1234375 0.6484375 0.040625 0.1875
0 0.18645833333333334 0.232421875 0.00625 0.04296875
0 0.1796875 0.251953125 0.007291666666666667 0.05078125
0 0.1734375 0.275390625 0.009375 0.05078125
0 0.171875 0.30078125 0.010416666666666666 0.0546875
2 0.16822916666666668 0.33203125 0.013541666666666667 0.0703125
0 0.17916666666666667 0.251953125 0.008333333333333333 0.05078125
0 0.22604166666666667 0.232421875 0.008333333333333333 0.03515625
0 0.26197916666666665 0.23046875 0.007291666666666667 0.0390625
0 0.2989583333333333 0.232421875 0.00625 0.03515625
0 0.3026041666666667 0.2421875 0.007291666666666667 0.0390625
0 0.3072916666666667 0.25390625 0.008333333333333333 0.046875
0 0.31666666666666665 0.275390625 0.008333333333333333 0.05078125
0 0.3260416666666667 0.302734375 0.010416666666666666 0.05078125
1 0.33489583333333334 0.3203125 0.011458333333333333 0.0625
1 0.43333333333333335 0.28515625 0.010416666666666666 0.046875
2 0.45364583333333336 0.392578125 0.017708333333333333 0.08984375
2 0.4744791666666667 0.3359375 0.013541666666666667 0.0703125
3 0.48541666666666666 0.4140625 0.027083333333333334 0.1640625
2 0.5380208333333333 0.509765625 0.026041666666666668 0.13671875
3 0.6885416666666667 0.580078125 0.04583333333333333 0.29296875
2 0.5291666666666667 0.310546875 0.010416666666666666 0.05078125
1 0.5328125 0.26953125 0.007291666666666667 0.0390625
2 0.5984375 0.296875 0.009375 0.046875
1 0.6354166666666666 0.265625 0.008333333333333333 0.0390625
2 0.6786458333333333 0.294921875 0.009375 0.05078125
1 0.7463541666666667 0.275390625 0.009375 0.04296875
2 0.7744791666666667 0.30078125 0.009375 0.046875
