2 0.06614583333333333 0.271484375 0.019791666666666666 0.08203125
2 0.1921875 0.318359375 0.019791666666666666 0.08984375
2 0.32447916666666665 0.396484375 0.023958333333333335 0.09765625
2 0.4671875 0.474609375 0.030208333333333334 0.13671875
2 0.5822916666666667 0.314453125 0.010416666666666666 0.05859375
2 0.63125 0.328125 0.0125 0.0625
1 0.6432291666666666 0.298828125 0.009375 0.03515625
2 0.6828125 0.34375 0.013541666666666667 0.0703125
1 0.7182291666666667 0.314453125 0.009375 0.04296875
2 0.7661458333333333 0.376953125 0.019791666666666666 0.08203125
1 0.8005208333333333 0.341796875 0.013541666666666667 0.05859375
1 0.9 0.384765625 0.016666666666666666 0.06640625
2 0.9088541666666666 0.44921875 0.028125 0.1015625
2 0.7515625 0.703125 0.059375 0.25
