1 0.013020833333333334 0.408203125 0.019791666666666666 0.08203125
1 0.033854166666666664 0.375 0.015625 0.078125
1 0.030208333333333334 0.439453125 0.029166666666666667 0.11328125
1 0.08229166666666667 0.517578125 0.03333333333333333 0.14453125
1 0.16510416666666666 0.65625 0.053125 0.1953125
1 0.08489583333333334 0.349609375 0.019791666666666666 0.06640625
1 0.2046875 0.322265625 0.011458333333333333 0.04296875
2 0.6619791666666667 0.521484375 0.034375 0.15234375
2 0.45625 0.41796875 0.020833333333333332 0.09375
2 0.35989583333333336 0.384765625 0.015625 0.07421875
2 0.3109375 0.36328125 0.011458333333333333 0.0546875
2 0.30104166666666665 0.3515625 0.0125 0.0625
