1 0.2828125 0.640625 0.03229166666666667 0.171875
1 0.39479166666666665 0.451171875 0.01875 0.09765625
1 0.42916666666666664 0.3828125 0.0125 0.0625
1 0.48072916666666665 0.34765625 0.009375 0.046875
1 0.5427083333333333 0.32421875 0.008333333333333333 0.046875
1 0.6125 0.30859375 0.008333333333333333 0.0390625
2 0.6286458333333333 0.369140625 0.013541666666666667 0.06640625
2 0.6458333333333334 0.349609375 0.010416666666666666 0.05078125
2 0.6895833333333333 0.443359375 0.01875 0.09765625
2 0.675 0.341796875 0.010416666666666666 0.05078125
2 0.7161458333333334 0.333984375 0.009375 0.05078125
2 0.8119791666666667 0.580078125 0.03229166666666667 0.15234375
2 0.7880208333333333 0.328125 0.009375 0.046875
2 0.8786458333333333 0.330078125 0.009375 0.04296875
1 0.6817708333333333 0.3046875 0.007291666666666667 0.0390625
