2 0.23020833333333332 0.65625 0.03958333333333333 0.1953125
1 0.23072916666666668 0.658203125 0.040625 0.19140625
1 0.034375 0.322265625 0.01875 0.08203125
1 0.06979166666666667 0.265625 0.0125 0.0625
1 0.12083333333333333 0.240234375 0.008333333333333333 0.05078125
1 0.159375 0.23046875 0.008333333333333333 0.0390625
2 0.325 0.36328125 0.014583333333333334 0.078125
2 0.4140625 0.380859375 0.013541666666666667 0.07421875
2 0.5161458333333333 0.396484375 0.015625 0.08203125
2 0.6677083333333333 0.517578125 0.025 0.12109375
2 0.7765625 0.84375 0.057291666666666664 0.2578125
2 0.28958333333333336 0.30859375 0.0125 0.0625
2 0.28072916666666664 0.28125 0.009375 0.046875
2 0.28072916666666664 0.28125 0.009375 0.0546875
