1 0.13125 0.8515625 0.06458333333333334 0.28125
2 0.11666666666666667 0.287109375 0.014583333333333334 0.06640625
1 0.13541666666666666 0.34765625 0.016666666666666666 0.078125
1 0.221875 0.39453125 0.020833333333333332 0.09375
1 0.26927083333333335 0.490234375 0.028125 0.12890625
3 0.25104166666666666 0.55078125 0.04583333333333333 0.28125
2 0.28489583333333335 0.306640625 0.013541666666666667 0.06640625
2 0.41510416666666666 0.349609375 0.013541666666666667 0.07421875
0 0.43385416666666665 0.318359375 0.011458333333333333 0.05859375
0 0.44375 0.291015625 0.010416666666666666 0.05078125
0 0.45 0.28125 0.008333333333333333 0.046875
0 0.45677083333333335 0.267578125 0.007291666666666667 0.04296875
0 0.46458333333333335 0.25390625 0.008333333333333333 0.0390625
0 0.46927083333333336 0.248046875 0.007291666666666667 0.04296875
0 0.5026041666666666 0.248046875 0.009375 0.04296875
0 0.534375 0.25 0.008333333333333333 0.0390625
0 0.571875 0.2734375 0.008333333333333333 0.0390625
0 0.5760416666666667 0.296875 0.010416666666666666 0.0546875
0 0.5796875 0.330078125 0.011458333333333333 0.05859375
1 0.5838541666666667 0.35546875 0.013541666666666667 0.0703125
1 0.7109375 0.3203125 0.011458333333333333 0.0625
2 0.7104166666666667 0.505859375 0.027083333333333334 0.12890625
2 0.840625 0.8671875 0.05625 0.265625
3 0.7473958333333334 0.580078125 0.04479166666666667 0.27734375
2 0.75625 0.412109375 0.01875 0.08984375
2 0.8489583333333334 0.380859375 0.016666666666666666 0.07421875
1 0.8583333333333333 0.314453125 0.010416666666666666 0.05078125
