1 0.17864583333333334 0.359375 0.019791666666666666 0.1015625
1 0.2671875 0.28515625 0.011458333333333333 0.0703125
1 0.33958333333333335 0.2578125 0.010416666666666666 0.0625
1 0.38645833333333335 0.24609375 0.008333333333333333 0.046875
1 0.425 0.240234375 0.008333333333333333 0.04296875
1 0.465625 0.236328125 0.00625 0.03515625
2 0.5625 0.24609375 0.00625 0.0390625
2 0.5348958333333333 0.25390625 0.007291666666666667 0.0390625
2 0.5177083333333333 0.267578125 0.010416666666666666 0.05078125
2 0.49895833333333334 0.2890625 0.010416666666666666 0.0546875
2 0.4901041666666667 0.318359375 0.011458333333333333 0.06640625
2 0.4890625 0.365234375 0.015625 0.08203125
2 0.5161458333333333 0.48828125 0.021875 0.125
2 0.6692708333333334 0.560546875 0.028125 0.14453125
2 0.9203125 0.6875 0.036458333333333336 0.1953125
2 0.7552083333333334 0.30078125 0.008333333333333333 0.046875
1 0.821875 0.294921875 0.008333333333333333 0.03515625
2 0.6994791666666667 0.26953125 0.007291666666666667 0.03125
