2 0.0953125 0.298828125 0.013541666666666667 0.06640625
1 0.08854166666666667 0.380859375 0.01875 0.08984375
3 0.11927083333333334 0.765625 0.07604166666666666 0.453125
1 0.178125 0.4453125 0.022916666666666665 0.1171875
1 0.19010416666666666 0.62890625 0.03854166666666667 0.1875
2 0.2765625 0.32421875 0.013541666666666667 0.078125
2 0.421875 0.3828125 0.01875 0.09375
0 0.44583333333333336 0.328125 0.0125 0.0625
0 0.46875 0.294921875 0.010416666666666666 0.05859375
0 0.4786458333333333 0.275390625 0.009375 0.05078125
0 0.4921875 0.255859375 0.009375 0.04296875
0 0.5041666666666667 0.2421875 0.008333333333333333 0.0390625
0 0.5098958333333333 0.236328125 0.007291666666666667 0.03515625
0 0.5401041666666667 0.23046875 0.009375 0.0390625
0 0.5661458333333333 0.232421875 0.007291666666666667 0.03515625
0 0.590625 0.25390625 0.008333333333333333 0.0390625
0 0.596875 0.2890625 0.010416666666666666 0.046875
0 0.6052083333333333 0.310546875 0.010416666666666666 0.05859375
0 0.6052083333333333 0.341796875 0.0125 0.06640625
1 0.621875 0.38671875 0.016666666666666666 0.0859375
2 0.8385416666666666 0.654296875 0.041666666666666664 0.19921875
1 0.7692708333333333 0.341796875 0.015625 0.06640625
2 0.8588541666666667 0.478515625 0.028125 0.12109375
1 0.9432291666666667 0.328125 0.011458333333333333 0.0625
