1 0.3296875 0.513671875 0.026041666666666668 0.13671875
1 0.4354166666666667 0.412109375 0.01875 0.08984375
1 0.5260416666666666 0.361328125 0.014583333333333334 0.06640625
1 0.6385416666666667 0.3359375 0.0125 0.0546875
2 0.7942708333333334 0.638671875 0.042708333333333334 0.18359375
2 0.7427083333333333 0.46875 0.025 0.109375
2 0.7489583333333333 0.404296875 0.01875 0.08984375
2 0.7984375 0.365234375 0.015625 0.06640625
2 0.8484375 0.345703125 0.013541666666666667 0.05859375
2 0.86875 0.341796875 0.0125 0.05859375
2 0.8776041666666666 0.337890625 0.009375 0.05078125
1 0.7203125 0.3203125 0.009375 0.046875
1 0.7473958333333334 0.310546875 0.007291666666666667 0.04296875
1 0.7541666666666667 0.3046875 0.00625 0.0390625
