1 0.0703125 0.5390625 0.042708333333333334 0.1796875
2 0.06302083333333333 0.431640625 0.036458333333333336 0.12890625
2 0.06145833333333333 0.43359375 0.03958333333333333 0.140625
1 0.06197916666666667 0.435546875 0.034375 0.13671875
2 0.06666666666666667 0.236328125 0.010416666666666666 0.04296875
3 0.07447916666666667 0.25390625 0.011458333333333333 0.046875
2 0.075 0.251953125 0.010416666666666666 0.05078125
2 0.1203125 0.28125 0.013541666666666667 0.0625
2 0.22916666666666666 0.333984375 0.014583333333333334 0.08203125
2 0.36302083333333335 0.404296875 0.019791666666666666 0.08984375
2 0.4979166666666667 0.51171875 0.025 0.125
2 0.6645833333333333 0.779296875 0.04583333333333333 0.23828125
