1 0.2578125 0.5234375 0.023958333333333335 0.1328125
1 0.45989583333333334 0.375 0.013541666666666667 0.078125
2 0.8557291666666667 0.474609375 0.019791666666666666 0.12109375
2 0.8557291666666667 0.373046875 0.013541666666666667 0.07421875
2 0.9 0.337890625 0.0125 0.06640625
1 0.7567708333333333 0.302734375 0.007291666666666667 0.05078125
1 0.690625 0.3046875 0.010416666666666666 0.0625
1 0.603125 0.314453125 0.010416666666666666 0.05859375
1 0.2109375 0.3203125 0.011458333333333333 0.0703125
1 0.26979166666666665 0.28125 0.008333333333333333 0.046875
1 0.3026041666666667 0.26953125 0.007291666666666667 0.0390625
1 0.7895833333333333 0.29296875 0.00625 0.046875
2 0.9447916666666667 0.32421875 0.010416666666666666 0.0546875
