1 0.03229166666666667 0.24609375 0.0125 0.0625
3 0.058333333333333334 0.392578125 0.03333333333333333 0.19140625
1 0.121875 0.48046875 0.03125 0.140625
1 0.15885416666666666 0.73046875 0.053125 0.234375
2 0.10885416666666667 0.27734375 0.011458333333333333 0.0625
2 0.115625 0.306640625 0.014583333333333334 0.06640625
1 0.14010416666666667 0.232421875 0.009375 0.04296875
2 0.15 0.265625 0.010416666666666666 0.0546875
3 0.15989583333333332 0.306640625 0.017708333333333333 0.10546875
2 0.209375 0.251953125 0.010416666666666666 0.05078125
2 0.20729166666666668 0.3359375 0.016666666666666666 0.078125
1 0.23802083333333332 0.228515625 0.009375 0.04296875
2 0.27708333333333335 0.24609375 0.010416666666666666 0.046875
3 0.28958333333333336 0.326171875 0.01875 0.12890625
2 0.36875 0.357421875 0.016666666666666666 0.08203125
2 0.5255208333333333 0.353515625 0.015625 0.07421875
2 0.621875 0.5625 0.029166666666666667 0.15625
1 0.6395833333333333 0.427734375 0.020833333333333332 0.09765625
2 0.6067708333333334 0.279296875 0.007291666666666667 0.04296875
2 0.621875 0.341796875 0.0125 0.06640625
2 0.6442708333333333 0.29296875 0.009375 0.046875
2 0.6557291666666667 0.31640625 0.009375 0.0546875
1 0.6739583333333333 0.275390625 0.008333333333333333 0.04296875
1 0.7442708333333333 0.294921875 0.009375 0.05078125
1 0.7911458333333333 0.326171875 0.011458333333333333 0.05859375
1 0.7807291666666667 0.375 0.015625 0.0703125
0 0.8265625 0.466796875 0.021875 0.10546875
0 0.9171875 0.6484375 0.034375 0.15625
1 0.328125 0.23046875 0.008333333333333333 0.0390625
2 0.346875 0.24609375 0.008333333333333333 0.046875
