1 0.40677083333333336 0.466796875 0.019791666666666666 0.10546875
1 0.5380208333333333 0.421875 0.011458333333333333 0.078125
1 0.6125 0.40234375 0.010416666666666666 0.0625
1 0.6390625 0.38671875 0.009375 0.0546875
1 0.6197916666666666 0.361328125 0.008333333333333333 0.04296875
1 0.5875 0.34375 0.00625 0.0390625
2 0.8453125 0.599609375 0.034375 0.15234375
2 0.8244791666666667 0.48046875 0.019791666666666666 0.09375
2 0.8223958333333333 0.408203125 0.009375 0.05078125
2 0.8276041666666667 0.43359375 0.011458333333333333 0.0625
2 0.7776041666666667 0.375 0.009375 0.046875
