3 0.009375 0.369140625 0.01875 0.16015625
0 0.009895833333333333 0.271484375 0.009375 0.04296875
0 0.0453125 0.283203125 0.011458333333333333 0.05078125
1 0.078125 0.4296875 0.025 0.109375
1 0.08697916666666666 0.302734375 0.011458333333333333 0.05859375
1 0.09791666666666667 0.291015625 0.010416666666666666 0.05859375
3 0.12395833333333334 0.4296875 0.035416666666666666 0.203125
1 0.14427083333333332 0.5234375 0.030208333333333334 0.140625
1 0.20364583333333333 0.263671875 0.009375 0.04296875
2 0.2375 0.29296875 0.008333333333333333 0.046875
2 0.2328125 0.328125 0.013541666666666667 0.0703125
3 0.2515625 0.322265625 0.019791666666666666 0.12109375
2 0.2875 0.271484375 0.008333333333333333 0.04296875
2 0.2989583333333333 0.35546875 0.016666666666666666 0.078125
1 0.29635416666666664 0.251953125 0.007291666666666667 0.03515625
2 0.3515625 0.259765625 0.007291666666666667 0.03515625
1 0.37604166666666666 0.244140625 0.00625 0.03515625
3 0.37864583333333335 0.35546875 0.019791666666666666 0.1328125
2 0.40520833333333334 0.25390625 0.00625 0.03125
2 0.45729166666666665 0.392578125 0.01875 0.09765625
1 0.471875 0.2421875 0.00625 0.03125
2 0.4791666666666667 0.25390625 0.00625 0.0390625
2 0.5609375 0.255859375 0.007291666666666667 0.03515625
1 0.5692708333333333 0.248046875 0.005208333333333333 0.02734375
2 0.6354166666666666 0.265625 0.00625 0.03125
1 0.6604166666666667 0.251953125 0.00625 0.02734375
2 0.696875 0.26953125 0.008333333333333333 0.0390625
2 0.7057291666666666 0.3984375 0.019791666666666666 0.09375
2 0.7020833333333333 0.771484375 0.04583333333333333 0.25390625
1 0.7572916666666667 0.53125 0.029166666666666667 0.1328125
1 0.7489583333333333 0.265625 0.00625 0.03125
2 0.7796875 0.2890625 0.009375 0.046875
2 0.8411458333333334 0.310546875 0.009375 0.05859375
1 0.821875 0.53515625 0.03125 0.140625
2 0.8260416666666667 0.896484375 0.041666666666666664 0.19921875
2 0.8369791666666667 0.376953125 0.017708333333333333 0.07421875
1 0.8713541666666667 0.29296875 0.009375 0.046875
2 0.8697916666666666 0.34765625 0.014583333333333334 0.0625
1 0.9682291666666667 0.322265625 0.011458333333333333 0.05078125
