1 0.1078125 0.796875 0.057291666666666664 0.25
1 0.09791666666666667 0.50390625 0.03333333333333333 0.140625
3 0.1234375 0.52734375 0.046875 0.2578125
2 0.18489583333333334 0.357421875 0.015625 0.07421875
2 0.20885416666666667 0.3671875 0.015625 0.0703125
0 0.21354166666666666 0.326171875 0.014583333333333334 0.05859375
0 0.2515625 0.271484375 0.007291666666666667 0.04296875
0 0.215625 0.29296875 0.010416666666666666 0.046875
0 0.28125 0.271484375 0.008333333333333333 0.04296875
0 0.30885416666666665 0.271484375 0.007291666666666667 0.03515625
0 0.32135416666666666 0.28125 0.009375 0.046875
0 0.32916666666666666 0.294921875 0.008333333333333333 0.05078125
0 0.34427083333333336 0.31640625 0.011458333333333333 0.0546875
1 0.36302083333333335 0.3515625 0.013541666666666667 0.0703125
1 0.3802083333333333 0.3359375 0.0125 0.0703125
1 0.5010416666666667 0.30078125 0.010416666666666666 0.0546875
2 0.5041666666666667 0.435546875 0.020833333333333332 0.10546875
2 0.5276041666666667 0.357421875 0.015625 0.07421875
3 0.5208333333333334 0.46484375 0.029166666666666667 0.203125
2 0.6 0.59375 0.03333333333333333 0.1640625
3 0.8171875 0.7421875 0.06354166666666666 0.40625
2 0.5953125 0.322265625 0.011458333333333333 0.05859375
1 0.6072916666666667 0.287109375 0.008333333333333333 0.04296875
2 0.6776041666666667 0.30859375 0.011458333333333333 0.0546875
1 0.7088541666666667 0.287109375 0.009375 0.04296875
2 0.7552083333333334 0.306640625 0.010416666666666666 0.05078125
1 0.8536458333333333 0.296875 0.009375 0.046875
2 0.8760416666666667 0.31640625 0.010416666666666666 0.0546875
