0 0.11666666666666667 0.5625 0.041666666666666664 0.1875
0 0.196875 0.4296875 0.027083333333333334 0.109375
2 0.24375 0.291015625 0.0125 0.05859375
2 0.2552083333333333 0.33203125 0.016666666666666666 0.078125
2 0.3572916666666667 0.25390625 0.008333333333333333 0.0390625
1 0.36614583333333334 0.2890625 0.009375 0.0546875
1 0.38177083333333334 0.275390625 0.009375 0.04296875
1 0.39427083333333335 0.318359375 0.011458333333333333 0.05859375
1 0.42135416666666664 0.265625 0.007291666666666667 0.0390625
2 0.41770833333333335 0.404296875 0.01875 0.09765625
2 0.46770833333333334 0.4140625 0.020833333333333332 0.09375
1 0.4895833333333333 0.541015625 0.027083333333333334 0.14453125
1 0.5276041666666667 0.509765625 0.028125 0.13671875
1 0.540625 0.359375 0.016666666666666666 0.0703125
1 0.7145833333333333 0.37890625 0.014583333333333334 0.0703125
1 0.7432291666666667 0.27734375 0.007291666666666667 0.03125
3 0.7828125 0.359375 0.019791666666666666 0.125
2 0.778125 0.2734375 0.010416666666666666 0.0390625
1 0.821875 0.294921875 0.008333333333333333 0.04296875
1 0.8369791666666667 0.37890625 0.015625 0.078125
2 0.928125 0.513671875 0.029166666666666667 0.12890625
2 0.890625 0.296875 0.008333333333333333 0.0390625
1 0.8822916666666667 0.310546875 0.008333333333333333 0.04296875
3 0.896875 0.353515625 0.01875 0.11328125
1 0.91875 0.361328125 0.0125 0.06640625
1 0.9286458333333333 0.333984375 0.011458333333333333 0.05078125
2 0.4348958333333333 0.25 0.007291666666666667 0.03125
1 0.475 0.2578125 0.008333333333333333 0.0390625
2 0.5135416666666667 0.248046875 0.008333333333333333 0.03515625
1 0.53125 0.2578125 0.00625 0.03125
2 0.5755208333333334 0.251953125 0.007291666666666667 0.03515625
1 0.5854166666666667 0.259765625 0.00625 0.03515625
1 0.6536458333333334 0.263671875 0.007291666666666667 0.03515625
2 0.6682291666666667 0.2578125 0.007291666666666667 0.0390625
