2 0.03229166666666667 0.294921875 0.0125 0.06640625
1 0.07604166666666666 0.33984375 0.014583333333333334 0.078125
3 0.17760416666666667 0.779296875 0.08020833333333334 0.43359375
1 0.20052083333333334 0.373046875 0.019791666666666666 0.08203125
2 0.2109375 0.298828125 0.013541666666666667 0.06640625
1 0.26979166666666665 0.439453125 0.027083333333333334 0.11328125
1 0.27395833333333336 0.6171875 0.035416666666666666 0.1875
2 0.36666666666666664 0.330078125 0.014583333333333334 0.07421875
2 0.5015625 0.392578125 0.017708333333333333 0.08984375
0 0.5276041666666667 0.345703125 0.013541666666666667 0.06640625
0 0.5411458333333333 0.314453125 0.011458333333333333 0.05859375
0 0.55 0.298828125 0.010416666666666666 0.05078125
0 0.5583333333333333 0.283203125 0.010416666666666666 0.05078125
0 0.5677083333333334 0.26953125 0.008333333333333333 0.046875
0 0.5739583333333333 0.26171875 0.008333333333333333 0.046875
0 0.6114583333333333 0.26171875 0.008333333333333333 0.046875
0 0.6484375 0.263671875 0.009375 0.05078125
0 0.6911458333333333 0.28125 0.009375 0.046875
0 0.6953125 0.296875 0.009375 0.0546875
0 0.7 0.33203125 0.0125 0.0703125
0 0.7067708333333333 0.37109375 0.015625 0.078125
1 0.7130208333333333 0.4140625 0.017708333333333333 0.0859375
1 0.8859375 0.37109375 0.015625 0.078125
