2 0.5875 0.59375 0.04375 0.1953125
2 0.36666666666666664 0.404296875 0.025 0.11328125
0 0.4640625 0.3125 0.013541666666666667 0.0703125
0 0.4348958333333333 0.29296875 0.011458333333333333 0.046875
0 0.32708333333333334 0.328125 0.014583333333333334 0.0703125
0 0.3125 0.306640625 0.0125 0.05859375
1 0.29375 0.2734375 0.010416666666666666 0.046875
1 0.2994791666666667 0.2578125 0.009375 0.0390625
1 0.10572916666666667 0.806640625 0.06770833333333333 0.27734375
1 0.10260416666666666 0.505859375 0.03854166666666667 0.14453125
2 0.17291666666666666 0.34765625 0.020833333333333332 0.0859375
2 0.1359375 0.341796875 0.021875 0.08984375
2 0.11302083333333333 0.287109375 0.015625 0.06640625
1 0.15052083333333333 0.314453125 0.015625 0.06640625
1 0.17708333333333334 0.30859375 0.016666666666666666 0.0703125
2 0.190625 0.271484375 0.0125 0.05078125
2 0.2109375 0.255859375 0.009375 0.05078125
2 0.1546875 0.240234375 0.011458333333333333 0.04296875
1 0.26875 0.2421875 0.008333333333333333 0.03125
1 0.12760416666666666 0.23046875 0.009375 0.03125
1 0.2203125 0.234375 0.007291666666666667 0.03125
2 0.19791666666666666 0.24609375 0.008333333333333333 0.0390625
2 0.07916666666666666 0.236328125 0.010416666666666666 0.03515625
1 0.035416666666666666 0.23046875 0.008333333333333333 0.03125
2 0.008854166666666666 0.236328125 0.009375 0.03515625
