2 0.09322916666666667 0.345703125 0.017708333333333333 0.06640625
1 0.11822916666666666 0.255859375 0.007291666666666667 0.03515625
2 0.14375 0.2734375 0.010416666666666666 0.0390625
2 0.19010416666666666 0.279296875 0.009375 0.04296875
1 0.1984375 0.263671875 0.007291666666666667 0.03515625
2 0.23229166666666667 0.283203125 0.008333333333333333 0.04296875
1 0.2609375 0.271484375 0.009375 0.03515625
2 0.25364583333333335 0.361328125 0.019791666666666666 0.08203125
2 0.28541666666666665 0.294921875 0.010416666666666666 0.04296875
1 0.3151041666666667 0.275390625 0.009375 0.04296875
2 0.3494791666666667 0.30859375 0.011458333333333333 0.046875
1 0.3640625 0.29296875 0.009375 0.0390625
2 0.40260416666666665 0.41015625 0.021875 0.09375
1 0.42291666666666666 0.3046875 0.010416666666666666 0.046875
2 0.4348958333333333 0.33984375 0.011458333333333333 0.0546875
1 0.5171875 0.3359375 0.009375 0.0546875
2 0.5208333333333334 0.373046875 0.0125 0.05859375
1 0.6088541666666667 0.3671875 0.013541666666666667 0.0625
2 0.6588541666666666 0.42578125 0.017708333333333333 0.0703125
1 0.8 0.43359375 0.016666666666666666 0.0546875
2 0.8125 0.505859375 0.027083333333333334 0.10546875
2 0.5890625 0.51953125 0.034375 0.1328125
1 0.030729166666666665 0.673828125 0.053125 0.23046875
1 0.0359375 0.50390625 0.03854166666666667 0.1484375
2 0.08125 0.267578125 0.0125 0.04296875
2 0.027604166666666666 0.267578125 0.009375 0.03515625
1 0.010416666666666666 0.26953125 0.010416666666666666 0.03125
1 0.01875 0.2421875 0.008333333333333333 0.03125
2 0.04479166666666667 0.263671875 0.0125 0.04296875
2 0.06510416666666667 0.263671875 0.011458333333333333 0.03515625
