1 0.009375 0.201171875 0.00625 0.02734375
1 0.008854166666666666 0.203125 0.009375 0.03125
1 0.03697916666666667 0.201171875 0.007291666666666667 0.03515625
1 0.05 0.20703125 0.008333333333333333 0.03125
1 0.0640625 0.205078125 0.007291666666666667 0.02734375
2 0.09114583333333333 0.208984375 0.007291666666666667 0.02734375
2 0.0984375 0.212890625 0.005208333333333333 0.02734375
2 0.10208333333333333 0.216796875 0.004166666666666667 0.02734375
2 0.10364583333333334 0.234375 0.007291666666666667 0.03125
2 0.09270833333333334 0.244140625 0.008333333333333333 0.03515625
1 0.15677083333333333 0.271484375 0.009375 0.03515625
1 0.1515625 0.212890625 0.007291666666666667 0.02734375
1 0.15833333333333333 0.216796875 0.00625 0.02734375
1 0.16510416666666666 0.22265625 0.007291666666666667 0.03125
1 0.1703125 0.23046875 0.005208333333333333 0.03125
1 0.17552083333333332 0.23828125 0.007291666666666667 0.03125
1 0.1859375 0.25 0.007291666666666667 0.03125
2 0.18802083333333333 0.271484375 0.007291666666666667 0.03515625
1 0.17395833333333333 0.275390625 0.008333333333333333 0.03515625
1 0.20416666666666666 0.27734375 0.008333333333333333 0.03125
1 0.20677083333333332 0.255859375 0.007291666666666667 0.02734375
1 0.21979166666666666 0.2734375 0.008333333333333333 0.03125
2 0.23072916666666668 0.2734375 0.007291666666666667 0.03125
1 0.23697916666666666 0.259765625 0.005208333333333333 0.02734375
1 0.26510416666666664 0.26171875 0.007291666666666667 0.03125
2 0.28229166666666666 0.28125 0.008333333333333333 0.0390625
2 0.3234375 0.287109375 0.009375 0.04296875
1 0.33229166666666665 0.26953125 0.008333333333333333 0.0390625
2 0.359375 0.291015625 0.010416666666666666 0.04296875
1 0.3885416666666667 0.279296875 0.008333333333333333 0.03515625
2 0.4088541666666667 0.3046875 0.011458333333333333 0.046875
1 0.4390625 0.287109375 0.007291666666666667 0.03515625
2 0.4713541666666667 0.322265625 0.009375 0.05078125
1 0.48802083333333335 0.302734375 0.009375 0.04296875
1 0.5479166666666667 0.322265625 0.008333333333333333 0.05078125
2 0.5619791666666667 0.36328125 0.013541666666666667 0.0625
1 0.6552083333333333 0.359375 0.0125 0.0546875
2 0.6635416666666667 0.408203125 0.016666666666666666 0.07421875
1 0.7708333333333334 0.40625 0.014583333333333334 0.0625
2 0.8604166666666667 0.501953125 0.027083333333333334 0.10546875
2 0.7963541666666667 0.669921875 0.053125 0.19140625
2 0.08125 0.341796875 0.016666666666666666 0.07421875
1 0.06614583333333333 0.46875 0.030208333333333334 0.1328125
1 0.11302083333333333 0.55078125 0.040625 0.1640625
2 0.2203125 0.361328125 0.017708333333333333 0.07421875
2 0.36822916666666666 0.38671875 0.019791666666666666 0.09375
2 0.5244791666666667 0.46484375 0.023958333333333335 0.125
