0 0.03125 0.2734375 0.016666666666666666 0.078125
0 0.051041666666666666 0.25 0.014583333333333334 0.0703125
0 0.0640625 0.23828125 0.013541666666666667 0.0625
0 0.12135416666666667 0.236328125 0.013541666666666667 0.06640625
0 0.1703125 0.240234375 0.013541666666666667 0.05859375
0 0.20885416666666667 0.271484375 0.015625 0.07421875
0 0.21041666666666667 0.306640625 0.014583333333333334 0.06640625
0 0.20625 0.361328125 0.01875 0.08984375
0 0.21770833333333334 0.41796875 0.022916666666666665 0.1171875
0 0.20833333333333334 0.51953125 0.03333333333333333 0.15625
1 0.23854166666666668 0.744140625 0.05 0.25390625
1 0.509375 0.4140625 0.022916666666666665 0.109375
1 0.6703125 0.34375 0.017708333333333333 0.078125
1 0.8244791666666667 0.322265625 0.015625 0.07421875
2 0.8182291666666667 0.537109375 0.03229166666666667 0.15234375
2 0.8807291666666667 0.435546875 0.021875 0.10546875
