1 0.053125 0.701171875 0.05416666666666667 0.23046875
1 0.09791666666666667 0.498046875 0.03333333333333333 0.13671875
1 0.13125 0.4296875 0.020833333333333332 0.1015625
1 0.17708333333333334 0.388671875 0.014583333333333334 0.06640625
1 0.2390625 0.353515625 0.011458333333333333 0.05078125
1 0.3536458333333333 0.330078125 0.009375 0.04296875
2 0.4427083333333333 0.376953125 0.0125 0.05859375
2 0.46770833333333334 0.3671875 0.014583333333333334 0.0625
2 0.44947916666666665 0.3984375 0.013541666666666667 0.0625
2 0.5244791666666667 0.361328125 0.013541666666666667 0.05859375
2 0.5026041666666666 0.43359375 0.019791666666666666 0.1015625
2 0.6338541666666667 0.529296875 0.034375 0.16015625
