3 0.04739583333333333 0.388671875 0.03229166666666667 0.16796875
1 0.11458333333333333 0.466796875 0.029166666666666667 0.12890625
1 0.17291666666666666 0.662109375 0.04375 0.20703125
3 0.2677083333333333 0.32421875 0.01875 0.1171875
2 0.3453125 0.353515625 0.017708333333333333 0.07421875
2 0.49583333333333335 0.34765625 0.014583333333333334 0.0703125
2 0.5817708333333333 0.521484375 0.028125 0.12890625
1 0.6010416666666667 0.40625 0.016666666666666666 0.0859375
2 0.0796875 0.28125 0.009375 0.0546875
2 0.090625 0.3046875 0.0125 0.0625
1 0.10677083333333333 0.23046875 0.007291666666666667 0.0390625
2 0.11927083333333334 0.26171875 0.009375 0.046875
3 0.13489583333333333 0.302734375 0.017708333333333333 0.10546875
2 0.17916666666666667 0.25 0.008333333333333333 0.046875
2 0.18489583333333334 0.33203125 0.015625 0.078125
1 0.20729166666666668 0.228515625 0.00625 0.03515625
2 0.24791666666666667 0.244140625 0.008333333333333333 0.04296875
1 0.2989583333333333 0.23046875 0.00625 0.03125
2 0.3182291666666667 0.24609375 0.007291666666666667 0.03125
1 0.4796875 0.244140625 0.005208333333333333 0.03515625
2 0.5208333333333334 0.263671875 0.00625 0.03515625
1 0.5614583333333333 0.255859375 0.00625 0.03515625
2 0.575 0.27734375 0.00625 0.0390625
2 0.5875 0.328125 0.010416666666666666 0.0546875
2 0.6098958333333333 0.291015625 0.007291666666666667 0.04296875
2 0.6203125 0.310546875 0.009375 0.05078125
1 0.6385416666666667 0.271484375 0.00625 0.03515625
1 0.7036458333333333 0.291015625 0.007291666666666667 0.04296875
1 0.7322916666666667 0.36328125 0.0125 0.0625
1 0.7447916666666666 0.318359375 0.008333333333333333 0.05078125
0 0.7645833333333333 0.439453125 0.025 0.09765625
0 0.8270833333333333 0.58203125 0.03333333333333333 0.1640625
0 0.9197916666666667 0.458984375 0.020833333333333332 0.10546875
2 0.4583333333333333 0.25390625 0.00625 0.03125
2 0.390625 0.248046875 0.00625 0.03515625
