1 0.39947916666666666 0.521484375 0.019791666666666666 0.11328125
1 0.11041666666666666 0.7265625 0.04583333333333333 0.21875
1 0.5041666666666667 0.458984375 0.0125 0.08203125
1 0.5338541666666666 0.419921875 0.009375 0.05859375
1 0.509375 0.38671875 0.008333333333333333 0.046875
1 0.4713541666666667 0.36328125 0.007291666666666667 0.046875
1 0.43385416666666665 0.3515625 0.007291666666666667 0.046875
2 0.6005208333333333 0.35546875 0.007291666666666667 0.046875
2 0.809375 0.591796875 0.029166666666666667 0.13671875
2 0.6817708333333333 0.392578125 0.009375 0.05078125
2 0.7390625 0.435546875 0.011458333333333333 0.05859375
2 0.765625 0.484375 0.016666666666666666 0.078125
