0 0.013020833333333334 0.34375 0.019791666666666666 0.1015625
0 0.06197916666666667 0.302734375 0.017708333333333333 0.08203125
0 0.0890625 0.279296875 0.015625 0.06640625
0 0.16458333333333333 0.28125 0.014583333333333334 0.0703125
0 0.22916666666666666 0.27734375 0.0125 0.0625
0 0.29635416666666664 0.373046875 0.017708333333333333 0.08984375
0 0.2875 0.41796875 0.020833333333333332 0.1171875
0 0.2786458333333333 0.5625 0.034375 0.1640625
0 0.29270833333333335 0.341796875 0.014583333333333334 0.08984375
1 0.265625 0.77734375 0.05 0.25
1 0.5708333333333333 0.44140625 0.025 0.109375
1 0.753125 0.369140625 0.016666666666666666 0.07421875
1 0.9380208333333333 0.353515625 0.015625 0.07421875
2 0.9255208333333333 0.6171875 0.040625 0.171875
