1 0.025520833333333333 0.287109375 0.009375 0.05078125
1 0.1734375 0.677734375 0.04479166666666667 0.22265625
1 0.1578125 0.275390625 0.007291666666666667 0.04296875
2 0.1640625 0.259765625 0.009375 0.04296875
1 0.2682291666666667 0.275390625 0.009375 0.04296875
2 0.2875 0.255859375 0.008333333333333333 0.03515625
1 0.3619791666666667 0.279296875 0.007291666666666667 0.04296875
3 0.4010416666666667 0.525390625 0.041666666666666664 0.26171875
2 0.40729166666666666 0.263671875 0.008333333333333333 0.04296875
1 0.446875 0.2890625 0.008333333333333333 0.0390625
1 0.5140625 0.494140625 0.026041666666666668 0.12890625
2 0.5109375 0.271484375 0.007291666666666667 0.04296875
1 0.5203125 0.3125 0.009375 0.046875
1 0.5703125 0.34375 0.011458333333333333 0.0625
3 0.5760416666666667 0.41015625 0.027083333333333334 0.1640625
1 0.5927083333333333 0.3984375 0.016666666666666666 0.0859375
2 0.6208333333333333 0.296875 0.010416666666666666 0.0546875
2 0.7223958333333333 0.341796875 0.013541666666666667 0.06640625
0 0.7479166666666667 0.31640625 0.010416666666666666 0.0546875
0 0.7645833333333333 0.298828125 0.010416666666666666 0.05078125
0 0.7739583333333333 0.287109375 0.010416666666666666 0.05078125
0 0.7854166666666667 0.27734375 0.010416666666666666 0.046875
0 0.7979166666666667 0.263671875 0.008333333333333333 0.04296875
0 0.80625 0.26171875 0.008333333333333333 0.0390625
0 0.8463541666666666 0.263671875 0.009375 0.04296875
0 0.8869791666666667 0.267578125 0.009375 0.05078125
0 0.9364583333333333 0.275390625 0.010416666666666666 0.05078125
0 0.9286458333333333 0.310546875 0.011458333333333333 0.05859375
0 0.9203125 0.326171875 0.011458333333333333 0.05859375
0 0.9125 0.34765625 0.0125 0.0625
1 0.9036458333333334 0.373046875 0.015625 0.07421875
3 0.9484375 0.529296875 0.034375 0.23828125
2 0.9229166666666667 0.669921875 0.03958333333333333 0.20703125
