1 0.027083333333333334 0.6953125 0.04583333333333333 0.2109375
1 0.0390625 0.3828125 0.021875 0.09375
1 0.1421875 0.310546875 0.013541666666666667 0.06640625
1 0.1515625 0.26171875 0.007291666666666667 0.046875
1 0.16770833333333332 0.271484375 0.008333333333333333 0.05078125
1 0.3151041666666667 0.423828125 0.021875 0.10546875
1 0.5380208333333333 0.345703125 0.013541666666666667 0.07421875
1 0.6895833333333333 0.32421875 0.0125 0.0703125
1 0.8770833333333333 0.330078125 0.014583333333333334 0.06640625
2 0.8489583333333334 0.59765625 0.035416666666666666 0.171875
2 0.8802083333333334 0.529296875 0.029166666666666667 0.13671875
