1 0.009895833333333333 0.44140625 0.017708333333333333 0.109375
1 0.0703125 0.845703125 0.057291666666666664 0.26171875
3 0.05416666666666667 0.435546875 0.03333333333333333 0.19921875
2 0.03333333333333333 0.34765625 0.014583333333333334 0.0625
0 0.03229166666666667 0.2734375 0.00625 0.046875
0 0.036458333333333336 0.28515625 0.008333333333333333 0.046875
0 0.04375 0.296875 0.008333333333333333 0.046875
0 0.05260416666666667 0.318359375 0.009375 0.05078125
2 0.0640625 0.349609375 0.011458333333333333 0.06640625
0 0.07395833333333333 0.271484375 0.008333333333333333 0.04296875
1 0.09947916666666666 0.548828125 0.030208333333333334 0.15234375
3 0.1203125 0.591796875 0.051041666666666666 0.30078125
0 0.10885416666666667 0.26953125 0.007291666666666667 0.0390625
0 0.14010416666666667 0.265625 0.007291666666666667 0.0390625
0 0.15833333333333333 0.275390625 0.008333333333333333 0.04296875
0 0.17083333333333334 0.287109375 0.008333333333333333 0.05078125
0 0.19166666666666668 0.302734375 0.010416666666666666 0.05078125
1 0.21666666666666667 0.328125 0.010416666666666666 0.0625
1 0.23177083333333334 0.318359375 0.011458333333333333 0.05859375
1 0.34322916666666664 0.28515625 0.009375 0.046875
2 0.3489583333333333 0.37109375 0.014583333333333334 0.078125
2 0.36770833333333336 0.32421875 0.010416666666666666 0.0546875
3 0.3614583333333333 0.380859375 0.020833333333333332 0.14453125
2 0.41302083333333334 0.4375 0.019791666666666666 0.1015625
2 0.42552083333333335 0.296875 0.009375 0.046875
1 0.4390625 0.26953125 0.007291666666666667 0.0390625
2 0.4947916666666667 0.28515625 0.008333333333333333 0.0390625
3 0.5135416666666667 0.455078125 0.029166666666666667 0.19140625
1 0.5239583333333333 0.267578125 0.008333333333333333 0.03515625
2 0.5552083333333333 0.283203125 0.008333333333333333 0.04296875
1 0.6307291666666667 0.26953125 0.007291666666666667 0.03125
2 0.6411458333333333 0.28125 0.007291666666666667 0.0390625
2 0.6364583333333333 0.544921875 0.029166666666666667 0.13671875
2 0.7458333333333333 0.291015625 0.008333333333333333 0.03515625
1 0.7515625 0.279296875 0.005208333333333333 0.03515625
2 0.8520833333333333 0.3046875 0.008333333333333333 0.0390625
1 0.8838541666666667 0.294921875 0.009375 0.04296875
2 0.9505208333333334 0.322265625 0.009375 0.04296875
