2 0.7005208333333334 0.52734375 0.026041666666666668 0.140625
2 0.5380208333333333 0.46875 0.028125 0.125
2 0.4171875 0.435546875 0.023958333333333335 0.11328125
2 0.3848958333333333 0.34375 0.019791666666666666 0.0859375
2 0.38229166666666664 0.306640625 0.014583333333333334 0.07421875
1 0.07864583333333333 0.3515625 0.026041666666666668 0.1171875
1 0.15416666666666667 0.27734375 0.016666666666666666 0.09375
1 0.22291666666666668 0.25390625 0.0125 0.0703125
1 0.26927083333333335 0.236328125 0.011458333333333333 0.05859375
1 0.3072916666666667 0.236328125 0.008333333333333333 0.05859375
