1 0.5401041666666667 0.599609375 0.034375 0.16015625
1 0.6427083333333333 0.44140625 0.027083333333333334 0.109375
1 0.684375 0.375 0.014583333333333334 0.078125
1 0.7041666666666667 0.33203125 0.010416666666666666 0.046875
1 0.7140625 0.314453125 0.009375 0.03515625
1 0.7223958333333333 0.310546875 0.009375 0.04296875
1 0.7364583333333333 0.296875 0.0125 0.046875
1 0.7588541666666667 0.28515625 0.007291666666666667 0.0546875
1 0.7973958333333333 0.4921875 0.003125 0.0546875
2 0.9416666666666667 0.427734375 0.025 0.11328125
2 0.9067708333333333 0.373046875 0.015625 0.06640625
2 0.8828125 0.33984375 0.015625 0.0703125
2 0.8614583333333333 0.328125 0.010416666666666666 0.0546875
2 0.8479166666666667 0.322265625 0.0125 0.06640625
2 0.8338541666666667 0.302734375 0.007291666666666667 0.05859375
