1 0.021354166666666667 0.515625 0.036458333333333336 0.140625
1 0.0171875 0.27734375 0.009375 0.046875
1 0.023958333333333335 0.2578125 0.008333333333333333 0.0390625
0 0.04635416666666667 0.298828125 0.013541666666666667 0.05859375
0 0.0765625 0.322265625 0.015625 0.06640625
0 0.1328125 0.29296875 0.011458333333333333 0.0546875
2 0.153125 0.353515625 0.016666666666666666 0.07421875
0 0.16979166666666667 0.310546875 0.0125 0.05859375
2 0.3333333333333333 0.4140625 0.022916666666666665 0.1015625
0 0.4427083333333333 0.326171875 0.010416666666666666 0.05859375
2 0.5588541666666667 0.595703125 0.03229166666666667 0.17578125
