2 0.109375 0.390625 0.020833333333333332 0.1015625
2 0.28854166666666664 0.525390625 0.03125 0.15234375
2 0.31145833333333334 0.5703125 0.03333333333333333 0.1640625
0 0.3802083333333333 0.42578125 0.020833333333333332 0.1015625
0 0.40989583333333335 0.361328125 0.015625 0.07421875
0 0.4239583333333333 0.330078125 0.010416666666666666 0.06640625
0 0.4354166666666667 0.3046875 0.010416666666666666 0.0546875
0 0.47552083333333334 0.3046875 0.011458333333333333 0.0546875
0 0.5109375 0.3046875 0.011458333333333333 0.0546875
0 0.5453125 0.306640625 0.011458333333333333 0.05859375
0 0.5583333333333333 0.33203125 0.0125 0.0625
0 0.5671875 0.361328125 0.013541666666666667 0.07421875
0 0.5885416666666666 0.423828125 0.020833333333333332 0.09765625
1 0.625 0.578125 0.03333333333333333 0.15625
2 0.6604166666666667 0.515625 0.027083333333333334 0.1328125
1 0.6604166666666667 0.515625 0.027083333333333334 0.1328125
1 0.8895833333333333 0.42578125 0.020833333333333332 0.09375
