1 0.05364583333333333 0.275390625 0.009375 0.05078125
2 0.09270833333333334 0.265625 0.010416666666666666 0.046875
1 0.1875 0.28125 0.008333333333333333 0.046875
2 0.24375 0.267578125 0.008333333333333333 0.04296875
1 0.2765625 0.2890625 0.007291666666666667 0.046875
2 0.3458333333333333 0.27734375 0.008333333333333333 0.0390625
1 0.3203125 0.509765625 0.028125 0.12890625
1 0.3536458333333333 0.3125 0.011458333333333333 0.0546875
1 0.40208333333333335 0.34765625 0.0125 0.0703125
3 0.3828125 0.41796875 0.026041666666666668 0.171875
1 0.4046875 0.412109375 0.017708333333333333 0.08984375
3 0.4109375 0.345703125 0.017708333333333333 0.12109375
2 0.44635416666666666 0.302734375 0.007291666666666667 0.04296875
2 0.4583333333333333 0.306640625 0.008333333333333333 0.04296875
0 0.46458333333333335 0.287109375 0.00625 0.04296875
0 0.46875 0.27734375 0.00625 0.0390625
0 0.47291666666666665 0.2578125 0.004166666666666667 0.03125
0 0.49635416666666665 0.259765625 0.005208333333333333 0.03515625
0 0.5161458333333333 0.259765625 0.005208333333333333 0.03515625
0 0.5359375 0.26171875 0.005208333333333333 0.03125
0 0.5421875 0.26953125 0.005208333333333333 0.03125
0 0.5442708333333334 0.279296875 0.005208333333333333 0.03515625
0 0.55 0.291015625 0.00625 0.04296875
1 0.5541666666666667 0.310546875 0.008333333333333333 0.05078125
1 0.5697916666666667 0.302734375 0.008333333333333333 0.05078125
3 0.6083333333333333 0.36328125 0.01875 0.125
2 0.6213541666666667 0.36328125 0.011458333333333333 0.0703125
2 0.6270833333333333 0.419921875 0.016666666666666666 0.08203125
3 0.6776041666666667 0.451171875 0.030208333333333334 0.18359375
2 0.6708333333333333 0.33203125 0.010416666666666666 0.046875
1 0.6791666666666667 0.294921875 0.008333333333333333 0.04296875
2 0.7526041666666666 0.318359375 0.009375 0.04296875
2 0.7557291666666667 0.56640625 0.03229166666666667 0.1484375
1 0.7942708333333334 0.30078125 0.007291666666666667 0.0390625
2 0.853125 0.322265625 0.0125 0.05078125
1 0.9171875 0.310546875 0.009375 0.04296875
2 0.9515625 0.330078125 0.011458333333333333 0.05078125
