2 0.015625 0.3828125 0.020833333333333332 0.09375
2 0.2171875 0.470703125 0.028125 0.12109375
2 0.24166666666666667 0.49609375 0.029166666666666667 0.1328125
0 0.290625 0.396484375 0.01875 0.08984375
0 0.3151041666666667 0.34765625 0.013541666666666667 0.0703125
0 0.3265625 0.3203125 0.011458333333333333 0.0625
0 0.3375 0.296875 0.010416666666666666 0.0546875
0 0.37552083333333336 0.298828125 0.011458333333333333 0.05078125
0 0.409375 0.298828125 0.008333333333333333 0.05078125
0 0.440625 0.298828125 0.010416666666666666 0.05078125
0 0.45208333333333334 0.318359375 0.010416666666666666 0.05859375
0 0.4583333333333333 0.345703125 0.014583333333333334 0.06640625
0 0.4734375 0.388671875 0.015625 0.08203125
1 0.4921875 0.48046875 0.021875 0.109375
1 0.5229166666666667 0.443359375 0.020833333333333332 0.09765625
1 0.7052083333333333 0.376953125 0.016666666666666666 0.08203125
2 0.8114583333333333 0.552734375 0.035416666666666666 0.14453125
1 0.8682291666666667 0.359375 0.015625 0.0703125
2 0.8979166666666667 0.447265625 0.022916666666666665 0.09765625
