2 0.015625 0.2109375 0.010416666666666666 0.046875
2 0.1265625 0.201171875 0.007291666666666667 0.03515625
2 0.1625 0.228515625 0.010416666666666666 0.05078125
2 0.1546875 0.5 0.036458333333333336 0.1640625
2 0.29270833333333335 0.240234375 0.008333333333333333 0.04296875
1 0.5552083333333333 0.556640625 0.029166666666666667 0.16015625
1 0.7036458333333333 0.71875 0.04479166666666667 0.2109375
1 0.6776041666666667 0.361328125 0.013541666666666667 0.07421875
1 0.725 0.326171875 0.0125 0.06640625
1 0.7901041666666667 0.30859375 0.011458333333333333 0.0546875
1 0.8541666666666666 0.302734375 0.0125 0.05078125
2 0.9416666666666667 0.296875 0.010416666666666666 0.046875
1 0.9416666666666667 0.294921875 0.010416666666666666 0.05078125
2 0.9864583333333333 0.3671875 0.01875 0.0859375
