1 0.021875 0.283203125 0.010416666666666666 0.05078125
2 0.11510416666666666 0.251953125 0.009375 0.04296875
1 0.140625 0.267578125 0.010416666666666666 0.05078125
2 0.21927083333333333 0.25 0.009375 0.0390625
1 0.23125 0.265625 0.008333333333333333 0.0390625
1 0.325 0.263671875 0.008333333333333333 0.04296875
2 0.3453125 0.25 0.007291666666666667 0.0390625
1 0.4088541666666667 0.517578125 0.030208333333333334 0.14453125
1 0.43072916666666666 0.267578125 0.007291666666666667 0.04296875
2 0.4661458333333333 0.2578125 0.007291666666666667 0.0390625
1 0.5135416666666667 0.279296875 0.008333333333333333 0.05078125
3 0.5145833333333333 0.447265625 0.03333333333333333 0.19921875
2 0.5703125 0.26953125 0.009375 0.046875
1 0.5760416666666667 0.296875 0.008333333333333333 0.046875
1 0.5802083333333333 0.443359375 0.020833333333333332 0.11328125
1 0.6286458333333333 0.328125 0.011458333333333333 0.0625
3 0.6302083333333334 0.375 0.022916666666666665 0.140625
1 0.64375 0.373046875 0.014583333333333334 0.08203125
2 0.65625 0.2890625 0.010416666666666666 0.0546875
2 0.7494791666666667 0.328125 0.013541666666666667 0.0625
2 0.7614583333333333 0.33984375 0.0125 0.0546875
0 0.7895833333333333 0.318359375 0.010416666666666666 0.05078125
0 0.8098958333333334 0.3046875 0.009375 0.046875
0 0.821875 0.294921875 0.008333333333333333 0.04296875
0 0.834375 0.28515625 0.008333333333333333 0.0390625
0 0.8682291666666667 0.2890625 0.009375 0.0390625
0 0.9015625 0.29296875 0.009375 0.0390625
0 0.9348958333333334 0.306640625 0.009375 0.05859375
0 0.9291666666666667 0.322265625 0.008333333333333333 0.05078125
0 0.9223958333333333 0.341796875 0.011458333333333333 0.05859375
1 0.9041666666666667 0.3671875 0.014583333333333334 0.0703125
1 0.9427083333333334 0.36328125 0.014583333333333334 0.0625
3 0.9057291666666667 0.46875 0.036458333333333336 0.1875
2 0.8911458333333333 0.5625 0.030208333333333334 0.1484375
3 0.8989583333333333 0.65234375 0.05625 0.3203125
