1 0.13802083333333334 0.267578125 0.007291666666666667 0.04296875
2 0.16041666666666668 0.2578125 0.00625 0.0390625
1 0.19114583333333332 0.486328125 0.026041666666666668 0.12890625
2 0.2453125 0.751953125 0.051041666666666666 0.23828125
2 0.3572916666666667 0.65625 0.03958333333333333 0.1953125
1 0.246875 0.271484375 0.008333333333333333 0.04296875
2 0.2869791666666667 0.26171875 0.007291666666666667 0.0390625
1 0.32135416666666666 0.27734375 0.009375 0.046875
2 0.37447916666666664 0.26953125 0.007291666666666667 0.03125
1 0.3885416666666667 0.2890625 0.008333333333333333 0.046875
1 0.39427083333333335 0.39453125 0.015625 0.0859375
3 0.428125 0.349609375 0.016666666666666666 0.12109375
1 0.4395833333333333 0.349609375 0.010416666666666666 0.06640625
3 0.4395833333333333 0.30859375 0.0125 0.09375
2 0.46197916666666666 0.287109375 0.007291666666666667 0.03515625
2 0.47239583333333335 0.2890625 0.007291666666666667 0.0390625
0 0.47604166666666664 0.27734375 0.00625 0.0390625
0 0.5026041666666666 0.255859375 0.005208333333333333 0.02734375
0 0.5213541666666667 0.2578125 0.005208333333333333 0.03125
0 0.5385416666666667 0.2578125 0.00625 0.03125
0 0.5442708333333334 0.267578125 0.005208333333333333 0.03515625
1 0.5510416666666667 0.29296875 0.00625 0.0390625
1 0.5651041666666666 0.2890625 0.007291666666666667 0.0390625
3 0.5890625 0.32421875 0.013541666666666667 0.09375
2 0.6015625 0.326171875 0.009375 0.05078125
2 0.5994791666666667 0.361328125 0.011458333333333333 0.06640625
3 0.6265625 0.369140625 0.021875 0.12890625
2 0.665625 0.423828125 0.01875 0.09765625
2 0.6458333333333334 0.30859375 0.008333333333333333 0.046875
1 0.6598958333333333 0.283203125 0.007291666666666667 0.03515625
2 0.7182291666666667 0.302734375 0.007291666666666667 0.03515625
1 0.7078125 0.673828125 0.03854166666666667 0.18359375
1 0.7963541666666667 0.75390625 0.046875 0.2265625
1 0.7604166666666666 0.28515625 0.00625 0.03125
2 0.8036458333333333 0.302734375 0.007291666666666667 0.03515625
1 0.8671875 0.294921875 0.007291666666666667 0.03515625
2 0.8854166666666666 0.310546875 0.008333333333333333 0.04296875
