1 0.10677083333333333 0.29296875 0.019791666666666666 0.09375
1 0.203125 0.330078125 0.022916666666666665 0.10546875
1 0.24479166666666666 0.41015625 0.027083333333333334 0.125
1 0.18802083333333333 0.6171875 0.04895833333333333 0.21875
1 0.0067708333333333336 0.248046875 0.011458333333333333 0.05859375
1 0.0067708333333333336 0.259765625 0.013541666666666667 0.06640625
2 0.23020833333333332 0.248046875 0.0125 0.05859375
2 0.31614583333333335 0.26171875 0.015625 0.0703125
2 0.4348958333333333 0.296875 0.017708333333333333 0.078125
2 0.54375 0.3828125 0.022916666666666665 0.109375
2 0.734375 0.587890625 0.04375 0.19140625
