2 0.709375 0.626953125 0.041666666666666664 0.17578125
2 0.4942708333333333 0.474609375 0.023958333333333335 0.11328125
2 0.3458333333333333 0.4140625 0.01875 0.09375
2 0.18645833333333334 0.3671875 0.01875 0.0703125
1 0.06145833333333333 0.6953125 0.05 0.2265625
2 0.009375 0.35546875 0.016666666666666666 0.0703125
2 0.004166666666666667 0.291015625 0.00625 0.04296875
1 0.0328125 0.275390625 0.007291666666666667 0.04296875
2 0.09479166666666666 0.302734375 0.010416666666666666 0.05078125
1 0.17604166666666668 0.30078125 0.008333333333333333 0.0390625
2 0.19791666666666666 0.32421875 0.010416666666666666 0.0546875
1 0.2791666666666667 0.318359375 0.008333333333333333 0.04296875
2 0.2859375 0.34375 0.009375 0.046875
1 0.3645833333333333 0.3359375 0.008333333333333333 0.046875
2 0.4005208333333333 0.3671875 0.011458333333333333 0.0546875
2 0.49583333333333335 0.39453125 0.0125 0.0625
1 0.5026041666666666 0.369140625 0.007291666666666667 0.05078125
1 0.6104166666666667 0.388671875 0.0125 0.05078125
2 0.6552083333333333 0.447265625 0.014583333333333334 0.07421875
1 0.7515625 0.427734375 0.011458333333333333 0.06640625
2 0.9140625 0.529296875 0.021875 0.09765625
