1 0.08072916666666667 0.365234375 0.015625 0.07421875
1 0.21927083333333333 0.326171875 0.009375 0.05859375
1 0.3203125 0.326171875 0.009375 0.05078125
1 0.3703125 0.30078125 0.007291666666666667 0.0390625
1 0.4171875 0.33203125 0.009375 0.046875
2 0.42239583333333336 0.412109375 0.013541666666666667 0.07421875
2 0.3494791666666667 0.48046875 0.021875 0.109375
2 0.3692708333333333 0.599609375 0.030208333333333334 0.15234375
2 0.3807291666666667 0.44140625 0.019791666666666666 0.1015625
1 0.8729166666666667 0.55078125 0.0375 0.1796875
