1 0.23854166666666668 0.5 0.03333333333333333 0.1640625
1 0.371875 0.359375 0.027083333333333334 0.109375
1 0.4625 0.30859375 0.014583333333333334 0.0859375
1 0.5161458333333333 0.29296875 0.011458333333333333 0.078125
1 0.5583333333333333 0.283203125 0.0125 0.07421875
1 0.6026041666666667 0.265625 0.011458333333333333 0.046875
2 0.8255208333333334 0.845703125 0.057291666666666664 0.29296875
2 0.684375 0.48828125 0.027083333333333334 0.140625
2 0.6671875 0.3984375 0.015625 0.1015625
2 0.6671875 0.3515625 0.015625 0.0859375
2 0.6817708333333333 0.314453125 0.013541666666666667 0.06640625
