1 0.04375 0.51953125 0.035416666666666666 0.1484375
1 0.059895833333333336 0.27734375 0.009375 0.046875
1 0.06770833333333333 0.2578125 0.008333333333333333 0.0390625
0 0.08489583333333334 0.298828125 0.013541666666666667 0.05859375
0 0.11197916666666667 0.322265625 0.015625 0.06640625
0 0.16875 0.29296875 0.010416666666666666 0.046875
2 0.1828125 0.359375 0.015625 0.0859375
0 0.20260416666666667 0.314453125 0.011458333333333333 0.05078125
2 0.36041666666666666 0.423828125 0.020833333333333332 0.10546875
0 0.47239583333333335 0.330078125 0.011458333333333333 0.05859375
2 0.5989583333333334 0.63671875 0.03958333333333333 0.1953125
