2 0.34739583333333335 0.412109375 0.019791666666666666 0.09765625
1 0.34739583333333335 0.4140625 0.019791666666666666 0.1015625
1 0.4166666666666667 0.3203125 0.0125 0.0625
1 0.44583333333333336 0.283203125 0.008333333333333333 0.04296875
1 0.46145833333333336 0.263671875 0.008333333333333333 0.03515625
1 0.471875 0.248046875 0.00625 0.03515625
1 0.4786458333333333 0.236328125 0.005208333333333333 0.02734375
2 0.54375 0.234375 0.00625 0.03125
2 0.5494791666666666 0.244140625 0.007291666666666667 0.03515625
2 0.55625 0.259765625 0.00625 0.03515625
2 0.56875 0.28515625 0.008333333333333333 0.046875
2 0.5901041666666667 0.3203125 0.011458333333333333 0.0625
2 0.6557291666666667 0.419921875 0.021875 0.10546875
