3 0.10833333333333334 0.77734375 0.07916666666666666 0.4375
2 0.09270833333333334 0.298828125 0.014583333333333334 0.06640625
1 0.08489583333333334 0.3828125 0.017708333333333333 0.09375
1 0.17395833333333333 0.447265625 0.022916666666666665 0.12109375
1 0.18541666666666667 0.642578125 0.03958333333333333 0.19140625
2 0.2760416666666667 0.326171875 0.014583333333333334 0.07421875
2 0.42135416666666664 0.384765625 0.019791666666666666 0.08984375
0 0.44583333333333336 0.330078125 0.0125 0.06640625
0 0.46822916666666664 0.29296875 0.011458333333333333 0.0546875
0 0.4786458333333333 0.2734375 0.009375 0.046875
0 0.49166666666666664 0.259765625 0.008333333333333333 0.04296875
0 0.5046875 0.2421875 0.007291666666666667 0.046875
0 0.5088541666666667 0.236328125 0.007291666666666667 0.04296875
0 0.5130208333333334 0.232421875 0.007291666666666667 0.04296875
0 0.5401041666666667 0.23046875 0.007291666666666667 0.0390625
0 0.5661458333333333 0.232421875 0.007291666666666667 0.03515625
0 0.5911458333333334 0.25390625 0.007291666666666667 0.0390625
0 0.5947916666666667 0.267578125 0.008333333333333333 0.04296875
0 0.5963541666666666 0.2890625 0.009375 0.0546875
0 0.6057291666666667 0.310546875 0.011458333333333333 0.05078125
0 0.60625 0.341796875 0.0125 0.06640625
1 0.6234375 0.388671875 0.015625 0.07421875
1 0.771875 0.34375 0.014583333333333334 0.0703125
2 0.8421875 0.662109375 0.042708333333333334 0.19140625
2 0.8630208333333333 0.482421875 0.026041666666666668 0.12109375
1 0.9458333333333333 0.3359375 0.0125 0.0625
