1 0.22447916666666667 0.857421875 0.059375 0.26953125
0 0.509375 0.359375 0.014583333333333334 0.0703125
0 0.5515625 0.326171875 0.011458333333333333 0.05078125
1 0.565625 0.470703125 0.025 0.12109375
2 0.603125 0.28515625 0.010416666666666666 0.046875
0 0.6057291666666667 0.37109375 0.015625 0.078125
2 0.6182291666666667 0.3046875 0.009375 0.046875
0 0.6203125 0.337890625 0.011458333333333333 0.05859375
1 0.696875 0.291015625 0.008333333333333333 0.04296875
2 0.7166666666666667 0.345703125 0.0125 0.06640625
1 0.725 0.306640625 0.008333333333333333 0.04296875
1 0.740625 0.3984375 0.014583333333333334 0.078125
1 0.8072916666666666 0.33203125 0.0125 0.0625
2 0.9270833333333334 0.62890625 0.03333333333333333 0.171875
1 0.9604166666666667 0.365234375 0.014583333333333334 0.07421875
