2 0.6739583333333333 0.587890625 0.035416666666666666 0.16796875
3 0.525 0.486328125 0.03125 0.22265625
2 0.41302083333333334 0.453125 0.021875 0.1171875
3 0.371875 0.384765625 0.020833333333333332 0.14453125
1 0.03802083333333333 0.576171875 0.03229166666666667 0.16015625
2 0.3463541666666667 0.37109375 0.015625 0.0859375
2 0.34479166666666666 0.37109375 0.016666666666666666 0.078125
3 0.016666666666666666 0.638671875 0.03125 0.30078125
3 0.019270833333333334 0.451171875 0.028125 0.21484375
2 0.0453125 0.3203125 0.015625 0.078125
1 0.228125 0.310546875 0.0125 0.05078125
0 0.21770833333333334 0.29296875 0.010416666666666666 0.046875
0 0.20729166666666668 0.267578125 0.008333333333333333 0.04296875
0 0.20364583333333333 0.259765625 0.007291666666666667 0.03515625
0 0.0453125 0.271484375 0.009375 0.04296875
0 0.196875 0.25 0.00625 0.0390625
1 0.3302083333333333 0.2734375 0.008333333333333333 0.046875
1 0.4296875 0.26171875 0.005208333333333333 0.03125
0 0.19114583333333332 0.236328125 0.005208333333333333 0.03515625
3 0.18645833333333334 0.228515625 0.008333333333333333 0.04296875
3 0.14479166666666668 0.2265625 0.008333333333333333 0.0390625
3 0.10364583333333334 0.2265625 0.009375 0.0390625
3 0.05677083333333333 0.22265625 0.007291666666666667 0.0390625
2 0.42291666666666666 0.298828125 0.010416666666666666 0.05078125
2 0.4890625 0.28515625 0.007291666666666667 0.046875
2 0.5630208333333333 0.28125 0.007291666666666667 0.046875
2 0.6447916666666667 0.287109375 0.008333333333333333 0.04296875
2 0.8526041666666667 0.310546875 0.007291666666666667 0.04296875
2 0.7427083333333333 0.296875 0.008333333333333333 0.0390625
1 0.6239583333333333 0.265625 0.00625 0.03125
1 0.5260416666666666 0.259765625 0.00625 0.03515625
1 0.884375 0.296875 0.008333333333333333 0.0390625
2 0.3671875 0.314453125 0.009375 0.05859375
0 0.10416666666666667 0.224609375 0.008333333333333333 0.03515625
0 0.14583333333333334 0.2265625 0.008333333333333333 0.0390625
0 0.1875 0.23046875 0.00625 0.0390625
0 0.057291666666666664 0.23046875 0.00625 0.0390625
