1 0.21197916666666666 0.587890625 0.03229166666666667 0.16796875
1 0.46927083333333336 0.427734375 0.011458333333333333 0.08984375
1 0.575 0.400390625 0.008333333333333333 0.05859375
1 0.6432291666666666 0.390625 0.005208333333333333 0.0546875
1 0.6703125 0.380859375 0.009375 0.05078125
2 0.8098958333333334 0.51953125 0.015625 0.1171875
2 0.8208333333333333 0.44921875 0.0125 0.0703125
2 0.8395833333333333 0.423828125 0.008333333333333333 0.06640625
2 0.8052083333333333 0.37890625 0.00625 0.046875
1 0.6541666666666667 0.359375 0.00625 0.0390625
