0 0.07083333333333333 0.33984375 0.01875 0.078125
0 0.134375 0.337890625 0.014583333333333334 0.07421875
0 0.18958333333333333 0.33203125 0.016666666666666666 0.078125
0 0.19635416666666666 0.375 0.019791666666666666 0.0859375
0 0.18958333333333333 0.431640625 0.022916666666666665 0.10546875
0 0.1875 0.5625 0.0375 0.1640625
2 0.26458333333333334 0.75 0.052083333333333336 0.234375
1 0.26510416666666664 0.75390625 0.04895833333333333 0.2421875
1 0.5791666666666667 0.443359375 0.020833333333333332 0.10546875
1 0.74375 0.37890625 0.01875 0.078125
2 0.871875 0.5625 0.03125 0.1484375
1 0.8994791666666667 0.3671875 0.017708333333333333 0.0703125
