1 0.171875 0.310546875 0.008333333333333333 0.04296875
1 0.14010416666666667 0.294921875 0.009375 0.04296875
1 0.2635416666666667 0.328125 0.008333333333333333 0.046875
2 0.303125 0.28125 0.008333333333333333 0.0390625
2 0.3296875 0.287109375 0.009375 0.04296875
2 0.3734375 0.29296875 0.009375 0.046875
2 0.40520833333333334 0.296875 0.008333333333333333 0.046875
1 0.0390625 0.755859375 0.051041666666666666 0.26953125
1 0.3848958333333333 0.484375 0.026041666666666668 0.125
1 0.43125 0.341796875 0.010416666666666666 0.05859375
2 0.44479166666666664 0.291015625 0.008333333333333333 0.04296875
2 0.5078125 0.275390625 0.007291666666666667 0.03515625
1 0.54375 0.40234375 0.016666666666666666 0.078125
1 0.5515625 0.318359375 0.009375 0.05078125
1 0.6125 0.294921875 0.008333333333333333 0.04296875
1 0.65625 0.3671875 0.014583333333333334 0.0703125
1 0.7729166666666667 0.330078125 0.010416666666666666 0.05859375
1 0.9151041666666667 0.30859375 0.009375 0.0546875
