1 0.35 0.482421875 0.020833333333333332 0.12109375
1 0.4630208333333333 0.37890625 0.013541666666666667 0.0703125
1 0.5375 0.33203125 0.008333333333333333 0.046875
1 0.5802083333333333 0.31640625 0.008333333333333333 0.046875
1 0.6348958333333333 0.306640625 0.007291666666666667 0.04296875
1 0.7171875 0.3046875 0.007291666666666667 0.0390625
1 0.7916666666666666 0.30078125 0.00625 0.03125
1 0.8213541666666667 0.298828125 0.005208333333333333 0.02734375
1 0.834375 0.296875 0.00625 0.03125
2 0.8828125 0.318359375 0.007291666666666667 0.03515625
2 0.8119791666666667 0.32421875 0.007291666666666667 0.0390625
2 0.7635416666666667 0.330078125 0.008333333333333333 0.04296875
2 0.7328125 0.345703125 0.009375 0.05078125
2 0.7104166666666667 0.37109375 0.0125 0.0625
2 0.7317708333333334 0.447265625 0.017708333333333333 0.08984375
2 0.8161458333333333 0.640625 0.034375 0.171875
