1 0.13385416666666666 0.853515625 0.06354166666666666 0.29296875
2 0.05572916666666667 0.298828125 0.011458333333333333 0.05859375
2 0.1453125 0.509765625 0.03229166666666667 0.14453125
1 0.1671875 0.326171875 0.011458333333333333 0.05859375
1 0.19375 0.296875 0.010416666666666666 0.046875
1 0.20520833333333333 0.359375 0.016666666666666666 0.078125
1 0.25052083333333336 0.279296875 0.009375 0.04296875
1 0.33645833333333336 0.388671875 0.016666666666666666 0.08984375
2 0.3671875 0.248046875 0.007291666666666667 0.03515625
1 0.39114583333333336 0.259765625 0.007291666666666667 0.03515625
1 0.5317708333333333 0.3984375 0.017708333333333333 0.078125
1 0.5317708333333333 0.255859375 0.007291666666666667 0.03515625
2 0.54375 0.244140625 0.00625 0.03515625
1 0.6010416666666667 0.2578125 0.00625 0.0390625
2 0.6380208333333334 0.24609375 0.007291666666666667 0.0390625
3 0.6286458333333333 0.357421875 0.021875 0.13671875
1 0.6697916666666667 0.26953125 0.00625 0.0390625
1 0.696875 0.369140625 0.014583333333333334 0.07421875
2 0.7302083333333333 0.255859375 0.008333333333333333 0.04296875
1 0.7317708333333334 0.28515625 0.009375 0.0390625
3 0.7473958333333334 0.333984375 0.017708333333333333 0.11328125
1 0.7677083333333333 0.30859375 0.010416666666666666 0.046875
1 0.7713541666666667 0.33984375 0.011458333333333333 0.0625
2 0.8395833333333333 0.5859375 0.035416666666666666 0.171875
3 0.8677083333333333 0.466796875 0.035416666666666666 0.21484375
2 0.8333333333333334 0.27734375 0.010416666666666666 0.0546875
2 0.925 0.455078125 0.025 0.12109375
2 0.9203125 0.314453125 0.011458333333333333 0.05859375
0 0.9661458333333334 0.296875 0.011458333333333333 0.0546875
