1 0.01875 0.5625 0.027083333333333334 0.15625
1 0.10416666666666667 0.70703125 0.052083333333333336 0.2109375
2 0.07135416666666666 0.3359375 0.011458333333333333 0.0546875
1 0.15520833333333334 0.32421875 0.008333333333333333 0.0390625
2 0.17083333333333334 0.37890625 0.014583333333333334 0.0625
2 0.209375 0.349609375 0.010416666666666666 0.05078125
2 0.3067708333333333 0.36328125 0.011458333333333333 0.0546875
2 0.31927083333333334 0.404296875 0.015625 0.08203125
1 0.40729166666666666 0.3515625 0.008333333333333333 0.046875
2 0.44375 0.380859375 0.0125 0.05078125
2 0.46979166666666666 0.451171875 0.022916666666666665 0.09765625
1 0.5177083333333333 0.3671875 0.008333333333333333 0.046875
2 0.6067708333333334 0.40625 0.011458333333333333 0.0625
1 0.6671875 0.38671875 0.009375 0.046875
2 0.6791666666666667 0.55078125 0.029166666666666667 0.125
2 0.7479166666666667 0.431640625 0.014583333333333334 0.06640625
1 0.7760416666666666 0.40234375 0.010416666666666666 0.0546875
2 0.9088541666666666 0.4609375 0.019791666666666666 0.078125
1 0.9395833333333333 0.43359375 0.014583333333333334 0.0625
