1 0.06354166666666666 0.64453125 0.052083333333333336 0.203125
1 0.07291666666666667 0.482421875 0.029166666666666667 0.12890625
1 0.0921875 0.423828125 0.021875 0.09765625
1 0.13385416666666666 0.390625 0.017708333333333333 0.0859375
1 0.19375 0.35546875 0.010416666666666666 0.046875
1 0.309375 0.330078125 0.010416666666666666 0.04296875
2 0.4005208333333333 0.375 0.011458333333333333 0.0625
2 0.4083333333333333 0.390625 0.014583333333333334 0.0703125
2 0.42291666666666666 0.361328125 0.010416666666666666 0.05859375
2 0.4578125 0.42578125 0.021875 0.0859375
2 0.575 0.494140625 0.029166666666666667 0.12890625
