1 0.13177083333333334 0.443359375 0.026041666666666668 0.11328125
0 0.16822916666666668 0.88671875 0.036458333333333336 0.21875
2 0.27760416666666665 0.58984375 0.034375 0.1640625
1 0.33125 0.365234375 0.01875 0.08203125
3 0.371875 0.314453125 0.01875 0.10546875
1 0.39010416666666664 0.3125 0.013541666666666667 0.0625
2 0.5416666666666666 0.318359375 0.014583333333333334 0.05859375
3 0.5583333333333333 0.322265625 0.016666666666666666 0.10546875
2 0.6020833333333333 0.37109375 0.016666666666666666 0.0859375
0 0.8458333333333333 0.896484375 0.04583333333333333 0.20703125
1 0.6661458333333333 0.58203125 0.030208333333333334 0.1484375
2 0.7807291666666667 0.443359375 0.021875 0.09765625
