2 0.0067708333333333336 0.265625 0.009375 0.0546875
1 0.07864583333333333 0.76171875 0.053125 0.2578125
1 0.09739583333333333 0.287109375 0.011458333333333333 0.05859375
2 0.17447916666666666 0.263671875 0.009375 0.05859375
1 0.2140625 0.3046875 0.013541666666666667 0.0625
3 0.26927083333333335 0.509765625 0.04479166666666667 0.25390625
1 0.2916666666666667 0.326171875 0.0125 0.07421875
2 0.3140625 0.279296875 0.011458333333333333 0.05078125
1 0.3421875 0.369140625 0.013541666666666667 0.08984375
1 0.3328125 0.466796875 0.019791666666666666 0.11328125
3 0.3536458333333333 0.37890625 0.021875 0.15625
3 0.421875 0.302734375 0.008333333333333333 0.05859375
2 0.42239583333333336 0.3046875 0.011458333333333333 0.0625
0 0.4328125 0.28515625 0.007291666666666667 0.046875
0 0.4395833333333333 0.267578125 0.00625 0.03515625
0 0.4432291666666667 0.259765625 0.007291666666666667 0.04296875
0 0.4479166666666667 0.25 0.00625 0.0390625
0 0.45364583333333336 0.236328125 0.005208333333333333 0.03515625
0 0.4583333333333333 0.232421875 0.00625 0.03515625
0 0.4859375 0.236328125 0.007291666666666667 0.03515625
0 0.5130208333333334 0.234375 0.007291666666666667 0.03125
0 0.5453125 0.291015625 0.007291666666666667 0.04296875
1 0.5479166666666667 0.30859375 0.008333333333333333 0.046875
3 0.6192708333333333 0.392578125 0.023958333333333335 0.14453125
2 0.6333333333333333 0.470703125 0.025 0.12109375
3 0.7119791666666667 0.537109375 0.042708333333333334 0.25390625
2 0.8854166666666666 0.7578125 0.05 0.234375
1 0.6473958333333333 0.287109375 0.009375 0.05078125
2 0.6635416666666667 0.337890625 0.0125 0.06640625
2 0.7395833333333334 0.322265625 0.0125 0.05859375
1 0.765625 0.283203125 0.008333333333333333 0.04296875
2 0.8328125 0.318359375 0.011458333333333333 0.05859375
1 0.9046875 0.291015625 0.009375 0.05078125
2 0.9541666666666667 0.326171875 0.0125 0.05859375
