2 0.07708333333333334 0.263671875 0.010416666666666666 0.05859375
1 0.1078125 0.279296875 0.009375 0.05078125
2 0.22447916666666667 0.25390625 0.009375 0.046875
1 0.24947916666666667 0.58984375 0.03854166666666667 0.1796875
2 0.33645833333333336 0.251953125 0.010416666666666666 0.05078125
1 0.40625 0.2734375 0.010416666666666666 0.046875
3 0.43854166666666666 0.478515625 0.03333333333333333 0.22265625
2 0.44947916666666665 0.259765625 0.009375 0.04296875
1 0.4859375 0.28515625 0.009375 0.0546875
1 0.540625 0.462890625 0.022916666666666665 0.12109375
2 0.5484375 0.271484375 0.009375 0.05078125
1 0.5567708333333333 0.30859375 0.011458333333333333 0.0546875
3 0.5979166666666667 0.392578125 0.022916666666666665 0.16015625
1 0.61875 0.38671875 0.01875 0.0859375
2 0.6552083333333333 0.296875 0.0125 0.0625
2 0.753125 0.33984375 0.014583333333333334 0.0703125
0 0.7828125 0.31640625 0.013541666666666667 0.0625
0 0.8020833333333334 0.298828125 0.010416666666666666 0.05078125
0 0.8130208333333333 0.2890625 0.011458333333333333 0.046875
0 0.8255208333333334 0.28125 0.011458333333333333 0.0546875
0 0.8395833333333333 0.26953125 0.010416666666666666 0.046875
0 0.8494791666666667 0.265625 0.009375 0.046875
2 0.903125 0.62890625 0.03958333333333333 0.171875
3 0.9421875 0.5078125 0.03229166666666667 0.21875
0 0.8911458333333333 0.267578125 0.009375 0.04296875
0 0.9354166666666667 0.271484375 0.0125 0.05078125
1 0.9375 0.376953125 0.014583333333333334 0.07421875
0 0.9494791666666667 0.353515625 0.013541666666666667 0.06640625
0 0.9635416666666666 0.32421875 0.0125 0.0625
0 0.9744791666666667 0.314453125 0.009375 0.05859375
0 0.98125 0.29296875 0.010416666666666666 0.046875
0 0.9885416666666667 0.28125 0.010416666666666666 0.046875
