2 0.03802083333333333 0.255859375 0.011458333333333333 0.05078125
2 0.0578125 0.361328125 0.021875 0.08984375
1 0.21197916666666666 0.462890625 0.026041666666666668 0.12109375
2 0.2520833333333333 0.369140625 0.020833333333333332 0.08203125
0 0.34375 0.54296875 0.03125 0.15625
2 0.41458333333333336 0.349609375 0.014583333333333334 0.07421875
2 0.5104166666666666 0.326171875 0.014583333333333334 0.06640625
2 0.525 0.28125 0.010416666666666666 0.046875
2 0.5380208333333333 0.3046875 0.011458333333333333 0.0546875
1 0.5328125 0.404296875 0.017708333333333333 0.08984375
0 0.5395833333333333 0.625 0.035416666666666666 0.1875
1 0.6119791666666666 0.283203125 0.009375 0.05078125
1 0.65625 0.306640625 0.010416666666666666 0.05859375
1 0.6515625 0.349609375 0.013541666666666667 0.05859375
