1 0.12239583333333333 0.765625 0.051041666666666666 0.2421875
1 0.1125 0.490234375 0.029166666666666667 0.13671875
2 0.18802083333333333 0.345703125 0.019791666666666666 0.08984375
2 0.35625 0.408203125 0.020833333333333332 0.09765625
2 0.37916666666666665 0.42578125 0.020833333333333332 0.1015625
0 0.39895833333333336 0.359375 0.014583333333333334 0.078125
0 0.4109375 0.32421875 0.011458333333333333 0.0625
0 0.41510416666666666 0.3046875 0.009375 0.0546875
0 0.421875 0.2890625 0.008333333333333333 0.046875
0 0.4546875 0.2890625 0.009375 0.046875
0 0.48489583333333336 0.2890625 0.009375 0.046875
0 0.5125 0.287109375 0.010416666666666666 0.05078125
0 0.525 0.3046875 0.010416666666666666 0.0546875
0 0.5322916666666667 0.32421875 0.0125 0.0625
0 0.5484375 0.357421875 0.015625 0.07421875
1 0.5713541666666667 0.419921875 0.019791666666666666 0.09765625
1 0.5942708333333333 0.39453125 0.017708333333333333 0.09375
1 0.7583333333333333 0.3515625 0.014583333333333334 0.0703125
2 0.8375 0.48046875 0.027083333333333334 0.125
2 0.865625 0.7421875 0.05 0.21875
1 0.921875 0.33984375 0.0125 0.0625
2 0.9338541666666667 0.412109375 0.019791666666666666 0.10546875
