2 0.00625 0.26953125 0.010416666666666666 0.0546875
3 0.184375 0.7421875 0.06875 0.4375
1 0.1390625 0.28515625 0.011458333333333333 0.046875
2 0.16979166666666667 0.263671875 0.010416666666666666 0.05078125
1 0.2557291666666667 0.287109375 0.009375 0.05078125
2 0.3140625 0.267578125 0.009375 0.05078125
1 0.3536458333333333 0.3046875 0.011458333333333333 0.0546875
1 0.3963541666666667 0.625 0.034375 0.1796875
2 0.43020833333333336 0.279296875 0.010416666666666666 0.05078125
1 0.43697916666666664 0.326171875 0.011458333333333333 0.05859375
1 0.4921875 0.365234375 0.015625 0.07421875
3 0.4875 0.47265625 0.029166666666666667 0.21875
1 0.5130208333333334 0.439453125 0.019791666666666666 0.10546875
2 0.5489583333333333 0.3046875 0.0125 0.0625
2 0.6583333333333333 0.35546875 0.014583333333333334 0.0703125
0 0.6833333333333333 0.326171875 0.0125 0.05859375
0 0.6984375 0.3046875 0.011458333333333333 0.0546875
0 0.7072916666666667 0.29296875 0.010416666666666666 0.046875
0 0.7177083333333333 0.28125 0.010416666666666666 0.046875
0 0.728125 0.267578125 0.008333333333333333 0.04296875
0 0.7354166666666667 0.259765625 0.008333333333333333 0.04296875
0 0.7744791666666667 0.265625 0.011458333333333333 0.046875
0 0.8135416666666667 0.26953125 0.010416666666666666 0.046875
0 0.8552083333333333 0.326171875 0.0125 0.05859375
0 0.8526041666666667 0.36328125 0.015625 0.0625
1 0.8484375 0.388671875 0.017708333333333333 0.07421875
