1 0.034895833333333334 0.29296875 0.017708333333333333 0.078125
1 0.11927083333333334 0.2890625 0.015625 0.078125
1 0.13385416666666666 0.232421875 0.011458333333333333 0.05859375
1 0.18854166666666666 0.26171875 0.0125 0.0625
1 0.19479166666666667 0.185546875 0.008333333333333333 0.04296875
2 0.19895833333333332 0.453125 0.03125 0.140625
2 0.19322916666666667 0.5390625 0.034375 0.1640625
1 0.2265625 0.17578125 0.007291666666666667 0.0390625
1 0.27291666666666664 0.17578125 0.008333333333333333 0.0390625
2 0.3140625 0.443359375 0.023958333333333335 0.12109375
2 0.32395833333333335 0.232421875 0.0125 0.05859375
1 0.7442708333333333 0.708984375 0.042708333333333334 0.20703125
2 0.8567708333333334 0.359375 0.019791666666666666 0.0625
1 0.9515625 0.494140625 0.030208333333333334 0.12109375
