1 0.26510416666666664 0.724609375 0.040625 0.20703125
1 0.3854166666666667 0.46875 0.01875 0.1015625
1 0.4322916666666667 0.376953125 0.0125 0.06640625
1 0.5359375 0.33984375 0.007291666666666667 0.046875
1 0.6671875 0.3359375 0.007291666666666667 0.046875
1 0.759375 0.349609375 0.008333333333333333 0.05078125
2 0.7119791666666667 0.40625 0.013541666666666667 0.0703125
2 0.76875 0.4921875 0.022916666666666665 0.1015625
2 0.8 0.421875 0.014583333333333334 0.078125
1 0.8848958333333333 0.37109375 0.011458333333333333 0.0546875
