1 0.3848958333333333 0.220703125 0.009375 0.05078125
1 0.38385416666666666 0.25 0.011458333333333333 0.0625
1 0.3932291666666667 0.296875 0.017708333333333333 0.0859375
1 0.4015625 0.38671875 0.021875 0.1171875
1 0.4505208333333333 0.525390625 0.03229166666666667 0.17578125
1 0.40989583333333335 0.759765625 0.04895833333333333 0.25390625
1 0.4354166666666667 0.197265625 0.008333333333333333 0.04296875
1 0.4734375 0.189453125 0.007291666666666667 0.03515625
1 0.5088541666666667 0.1796875 0.005208333333333333 0.03125
1 0.5505208333333333 0.18359375 0.005208333333333333 0.03125
1 0.5786458333333333 0.181640625 0.005208333333333333 0.02734375
1 0.6098958333333333 0.173828125 0.005208333333333333 0.02734375
2 0.8421875 0.44921875 0.030208333333333334 0.1328125
2 0.6604166666666667 0.33984375 0.01875 0.09375
2 0.55625 0.27734375 0.0125 0.0703125
2 0.5229166666666667 0.2421875 0.010416666666666666 0.0546875
2 0.5291666666666667 0.2109375 0.00625 0.0390625
2 0.5432291666666667 0.201171875 0.007291666666666667 0.03515625
2 0.5588541666666667 0.197265625 0.007291666666666667 0.03515625
2 0.5916666666666667 0.19921875 0.00625 0.03125
2 0.6364583333333333 0.197265625 0.00625 0.03515625
2 0.6645833333333333 0.193359375 0.00625 0.03515625
2 0.6822916666666666 0.18359375 0.00625 0.03125
