1 0.035416666666666666 0.333984375 0.014583333333333334 0.07421875
2 0.1484375 0.30078125 0.013541666666666667 0.0546875
1 0.16145833333333334 0.349609375 0.014583333333333334 0.07421875
1 0.20677083333333332 0.859375 0.059375 0.28125
1 0.259375 0.392578125 0.01875 0.08984375
2 0.28489583333333335 0.31640625 0.013541666666666667 0.0625
1 0.30833333333333335 0.5 0.025 0.1328125
3 0.30052083333333335 0.537109375 0.040625 0.26953125
2 0.4197916666666667 0.359375 0.014583333333333334 0.0703125
2 0.43645833333333334 0.373046875 0.014583333333333334 0.07421875
0 0.45 0.33203125 0.010416666666666666 0.0625
0 0.4666666666666667 0.27734375 0.00625 0.0390625
0 0.4583333333333333 0.30859375 0.008333333333333333 0.046875
0 0.46197916666666666 0.291015625 0.007291666666666667 0.04296875
0 0.4953125 0.279296875 0.007291666666666667 0.04296875
0 0.521875 0.28125 0.008333333333333333 0.0390625
0 0.546875 0.28125 0.00625 0.0390625
0 0.55625 0.29296875 0.008333333333333333 0.046875
0 0.5604166666666667 0.310546875 0.008333333333333333 0.05078125
0 0.5723958333333333 0.3359375 0.011458333333333333 0.0625
1 0.5833333333333334 0.375 0.0125 0.0703125
1 0.6046875 0.359375 0.015625 0.0703125
1 0.753125 0.3359375 0.0125 0.0625
2 0.7364583333333333 0.52734375 0.027083333333333334 0.1328125
3 0.7479166666666667 0.591796875 0.04375 0.28515625
2 0.7807291666666667 0.416015625 0.021875 0.08984375
2 0.8854166666666666 0.384765625 0.01875 0.07421875
2 0.8703125 0.8671875 0.05520833333333333 0.265625
1 0.9072916666666667 0.3359375 0.0125 0.0625
