0 0.0375 0.431640625 0.025 0.12109375
0 0.0859375 0.61328125 0.040625 0.1953125
0 0.19166666666666668 0.431640625 0.025 0.12109375
2 0.21458333333333332 0.30078125 0.0125 0.0625
2 0.21979166666666666 0.3515625 0.016666666666666666 0.078125
2 0.2671875 0.275390625 0.011458333333333333 0.05078125
2 0.3703125 0.421875 0.026041666666666668 0.109375
1 0.35260416666666666 0.30078125 0.011458333333333333 0.0546875
1 0.3875 0.32421875 0.014583333333333334 0.0703125
1 0.4088541666666667 0.587890625 0.036458333333333336 0.16015625
1 0.49270833333333336 0.353515625 0.016666666666666666 0.07421875
1 0.6588541666666666 0.37109375 0.017708333333333333 0.078125
3 0.753125 0.345703125 0.020833333333333332 0.12109375
1 0.6604166666666667 0.25 0.008333333333333333 0.0390625
2 0.6729166666666667 0.2421875 0.008333333333333333 0.0390625
1 0.7333333333333333 0.255859375 0.008333333333333333 0.04296875
2 0.7739583333333333 0.248046875 0.008333333333333333 0.04296875
1 0.8067708333333333 0.267578125 0.007291666666666667 0.04296875
1 0.8244791666666667 0.359375 0.017708333333333333 0.078125
1 0.8755208333333333 0.287109375 0.009375 0.04296875
3 0.8822916666666667 0.330078125 0.020833333333333332 0.11328125
1 0.9161458333333333 0.310546875 0.011458333333333333 0.05078125
1 0.9114583333333334 0.33984375 0.0125 0.0625
2 0.9364583333333333 0.533203125 0.029166666666666667 0.15234375
