2 0.1140625 0.29296875 0.015625 0.0703125
1 0.115625 0.37109375 0.01875 0.0859375
3 0.18072916666666666 0.67578125 0.059375 0.3671875
1 0.20364583333333333 0.421875 0.023958333333333335 0.109375
1 0.22916666666666666 0.576171875 0.03333333333333333 0.17578125
2 0.28854166666666664 0.3203125 0.016666666666666666 0.0703125
2 0.42864583333333334 0.37109375 0.017708333333333333 0.0859375
0 0.44947916666666665 0.3203125 0.013541666666666667 0.0625
0 0.471875 0.2890625 0.010416666666666666 0.0546875
0 0.48072916666666665 0.271484375 0.009375 0.05078125
0 0.49375 0.255859375 0.008333333333333333 0.04296875
0 0.50625 0.240234375 0.008333333333333333 0.04296875
0 0.5109375 0.234375 0.007291666666666667 0.0390625
0 0.5140625 0.23046875 0.007291666666666667 0.0390625
0 0.590625 0.251953125 0.008333333333333333 0.03515625
0 0.5947916666666667 0.283203125 0.008333333333333333 0.05078125
0 0.603125 0.306640625 0.008333333333333333 0.05078125
0 0.6026041666666667 0.337890625 0.013541666666666667 0.05859375
1 0.6182291666666667 0.375 0.015625 0.078125
1 0.7604166666666666 0.3359375 0.014583333333333334 0.0703125
2 0.8026041666666667 0.6015625 0.036458333333333336 0.171875
2 0.8359375 0.45703125 0.023958333333333335 0.109375
3 0.9135416666666667 0.779296875 0.058333333333333334 0.41796875
2 0.9348958333333334 0.412109375 0.015625 0.08984375
1 0.9286458333333333 0.326171875 0.011458333333333333 0.05859375
0 0.5411458333333333 0.23046875 0.007291666666666667 0.0390625
0 0.5661458333333333 0.23046875 0.007291666666666667 0.0390625
