1 0.246875 0.701171875 0.0375 0.19921875
1 0.3828125 0.470703125 0.015625 0.10546875
1 0.421875 0.3828125 0.010416666666666666 0.0625
1 0.4479166666666667 0.337890625 0.008333333333333333 0.04296875
1 0.5265625 0.3125 0.007291666666666667 0.0390625
1 0.6333333333333333 0.3125 0.00625 0.0390625
1 0.7046875 0.3203125 0.007291666666666667 0.0390625
1 0.7958333333333333 0.333984375 0.008333333333333333 0.04296875
1 0.9453125 0.349609375 0.009375 0.05078125
2 0.8244791666666667 0.3828125 0.013541666666666667 0.0625
2 0.7151041666666667 0.359375 0.011458333333333333 0.0546875
2 0.6552083333333333 0.35546875 0.010416666666666666 0.0546875
2 0.6755208333333333 0.39453125 0.013541666666666667 0.0703125
2 0.75 0.48046875 0.020833333333333332 0.1015625
