1 0.06302083333333333 0.2578125 0.011458333333333333 0.0546875
2 0.12552083333333333 0.234375 0.009375 0.046875
1 0.17864583333333334 0.267578125 0.009375 0.05078125
1 0.21510416666666668 0.470703125 0.026041666666666668 0.12109375
2 0.2625 0.24609375 0.008333333333333333 0.046875
1 0.2552083333333333 0.28125 0.010416666666666666 0.0546875
3 0.2890625 0.37109375 0.026041666666666668 0.15625
1 0.30885416666666665 0.310546875 0.013541666666666667 0.05859375
1 0.3177083333333333 0.359375 0.016666666666666666 0.078125
3 0.3229166666666667 0.310546875 0.016666666666666666 0.11328125
2 0.3619791666666667 0.265625 0.009375 0.0546875
0 0.36875 0.25 0.00625 0.0390625
0 0.3734375 0.234375 0.005208333333333333 0.0390625
0 0.37604166666666666 0.228515625 0.00625 0.04296875
0 0.3796875 0.21875 0.007291666666666667 0.0390625
0 0.38385416666666666 0.212890625 0.005208333333333333 0.03515625
0 0.3875 0.208984375 0.00625 0.03515625
0 0.41354166666666664 0.208984375 0.00625 0.03515625
0 0.43802083333333336 0.208984375 0.007291666666666667 0.03515625
0 0.4666666666666667 0.234375 0.00625 0.0390625
1 0.4671875 0.271484375 0.007291666666666667 0.04296875
3 0.515625 0.3125 0.014583333333333334 0.1015625
2 0.521875 0.361328125 0.014583333333333334 0.07421875
2 0.5572916666666666 0.287109375 0.008333333333333333 0.05078125
1 0.5515625 0.25 0.007291666666666667 0.0390625
3 0.5588541666666667 0.376953125 0.021875 0.14453125
2 0.6177083333333333 0.275390625 0.010416666666666666 0.05078125
2 0.6276041666666666 0.453125 0.021875 0.109375
1 0.6453125 0.248046875 0.007291666666666667 0.03515625
2 0.6901041666666666 0.271484375 0.007291666666666667 0.04296875
1 0.7489583333333333 0.25390625 0.00625 0.0390625
2 0.7760416666666666 0.27734375 0.008333333333333333 0.046875
1 0.8708333333333333 0.26953125 0.008333333333333333 0.03125
2 0.8786458333333333 0.287109375 0.007291666666666667 0.04296875
2 0.9442708333333333 0.595703125 0.03229166666666667 0.14453125
