1 0.05364583333333333 0.734375 0.059375 0.265625
1 0.10572916666666667 0.5078125 0.040625 0.140625
1 0.1453125 0.435546875 0.026041666666666668 0.09765625
1 0.19479166666666667 0.39453125 0.01875 0.078125
1 0.25625 0.359375 0.0125 0.046875
1 0.37135416666666665 0.333984375 0.011458333333333333 0.04296875
2 0.6630208333333333 0.56640625 0.03854166666666667 0.15625
2 0.459375 0.380859375 0.014583333333333334 0.06640625
2 0.4671875 0.40234375 0.015625 0.0703125
2 0.5203125 0.4453125 0.019791666666666666 0.1015625
