2 0.029166666666666667 0.2421875 0.00625 0.03125
2 0.06979166666666667 0.2734375 0.008333333333333333 0.0390625
2 0.07708333333333334 0.248046875 0.00625 0.03515625
2 0.09375 0.259765625 0.008333333333333333 0.04296875
1 0.06510416666666667 0.42578125 0.023958333333333335 0.109375
1 0.10104166666666667 0.23828125 0.00625 0.03125
1 0.1046875 0.296875 0.009375 0.0546875
2 0.11458333333333333 0.326171875 0.014583333333333334 0.06640625
1 0.14635416666666667 0.5234375 0.03229166666666667 0.1484375
1 0.16666666666666666 0.24609375 0.00625 0.03125
1 0.190625 0.2734375 0.008333333333333333 0.046875
1 0.19947916666666668 0.255859375 0.007291666666666667 0.03515625
0 0.20885416666666667 0.294921875 0.011458333333333333 0.05078125
0 0.2296875 0.314453125 0.011458333333333333 0.06640625
0 0.28020833333333334 0.2890625 0.008333333333333333 0.046875
2 0.28854166666666664 0.357421875 0.016666666666666666 0.07421875
0 0.30885416666666665 0.3125 0.013541666666666667 0.0546875
2 0.4546875 0.435546875 0.021875 0.10546875
0 0.5713541666666667 0.337890625 0.011458333333333333 0.05859375
2 0.7364583333333333 0.7578125 0.05 0.234375
