1 0.21510416666666668 0.62890625 0.053125 0.2109375
1 0.38333333333333336 0.37109375 0.020833333333333332 0.09375
1 0.42916666666666664 0.306640625 0.0125 0.05859375
1 0.45208333333333334 0.275390625 0.010416666666666666 0.04296875
2 0.7963541666666667 0.67578125 0.057291666666666664 0.21875
2 0.6244791666666667 0.376953125 0.019791666666666666 0.08984375
2 0.5838541666666667 0.30859375 0.011458333333333333 0.0625
2 0.5630208333333333 0.27734375 0.009375 0.0390625
3 0.5546875 0.2578125 0.009375 0.046875
3 0.5489583333333333 0.248046875 0.010416666666666666 0.05078125
0 0.5432291666666667 0.24609375 0.007291666666666667 0.0390625
0 0.5380208333333333 0.23828125 0.007291666666666667 0.03125
0 0.5348958333333333 0.232421875 0.005208333333333333 0.02734375
1 0.4515625 0.2734375 0.009375 0.0390625
3 0.46197916666666666 0.24609375 0.009375 0.0625
3 0.46458333333333335 0.240234375 0.008333333333333333 0.05859375
0 0.4713541666666667 0.2421875 0.005208333333333333 0.03125
0 0.47708333333333336 0.232421875 0.00625 0.02734375
