1 0.11979166666666667 0.458984375 0.029166666666666667 0.12109375
2 0.15520833333333334 0.37109375 0.016666666666666666 0.078125
0 0.26197916666666665 0.51953125 0.028125 0.1484375
2 0.3255208333333333 0.34765625 0.013541666666666667 0.0703125
2 0.4203125 0.3203125 0.009375 0.0546875
1 0.44166666666666665 0.388671875 0.014583333333333334 0.08203125
0 0.44427083333333334 0.564453125 0.030208333333333334 0.15234375
2 0.43645833333333334 0.275390625 0.010416666666666666 0.04296875
2 0.4484375 0.296875 0.009375 0.046875
1 0.5197916666666667 0.275390625 0.008333333333333333 0.04296875
1 0.5583333333333333 0.30078125 0.010416666666666666 0.046875
1 0.5526041666666667 0.333984375 0.011458333333333333 0.05859375
