1 0.16979166666666667 0.66796875 0.041666666666666664 0.203125
1 0.1640625 0.4609375 0.023958333333333335 0.1015625
1 0.07395833333333333 0.390625 0.014583333333333334 0.078125
2 0.084375 0.302734375 0.014583333333333334 0.06640625
2 0.2703125 0.330078125 0.013541666666666667 0.05078125
2 0.41822916666666665 0.392578125 0.017708333333333333 0.08984375
1 0.6255208333333333 0.392578125 0.009375 0.08203125
1 0.775 0.34765625 0.0125 0.0703125
2 0.8578125 0.69140625 0.046875 0.203125
2 0.871875 0.494140625 0.027083333333333334 0.12109375
