1 0.39739583333333334 0.525390625 0.023958333333333335 0.12890625
1 0.4703125 0.400390625 0.015625 0.07421875
1 0.496875 0.345703125 0.010416666666666666 0.05078125
1 0.509375 0.318359375 0.008333333333333333 0.04296875
1 0.5203125 0.3046875 0.007291666666666667 0.0390625
2 0.625 0.28515625 0.00625 0.03125
2 0.6354166666666666 0.294921875 0.00625 0.03515625
0 0.6484375 0.30859375 0.007291666666666667 0.0390625
2 0.6479166666666667 0.30859375 0.008333333333333333 0.0390625
2 0.6692708333333334 0.328125 0.009375 0.046875
2 0.6947916666666667 0.359375 0.0125 0.0625
2 0.7364583333333333 0.423828125 0.01875 0.08984375
2 0.8411458333333334 0.595703125 0.034375 0.15234375
