1 0.28489583333333335 0.4765625 0.021875 0.109375
1 0.3645833333333333 0.421875 0.016666666666666666 0.0859375
1 0.4505208333333333 0.390625 0.013541666666666667 0.0703125
1 0.5213541666666667 0.384765625 0.011458333333333333 0.05859375
1 0.6057291666666667 0.37890625 0.011458333333333333 0.0546875
1 0.6041666666666666 0.34765625 0.008333333333333333 0.0390625
1 0.6572916666666667 0.375 0.008333333333333333 0.046875
1 0.7651041666666667 0.3671875 0.009375 0.046875
2 0.6640625 0.51953125 0.026041666666666668 0.125
2 0.7234375 0.81640625 0.046875 0.25
2 0.7020833333333333 0.44921875 0.01875 0.0859375
2 0.740625 0.41796875 0.014583333333333334 0.0703125
2 0.7609375 0.4140625 0.011458333333333333 0.0546875
2 0.8390625 0.4140625 0.013541666666666667 0.0625
