1 0.09166666666666666 0.26171875 0.010416666666666666 0.046875
2 0.1578125 0.236328125 0.009375 0.05078125
1 0.19739583333333333 0.537109375 0.03229166666666667 0.15234375
1 0.20520833333333333 0.2734375 0.010416666666666666 0.0546875
1 0.28072916666666664 0.294921875 0.011458333333333333 0.05859375
2 0.29375 0.25 0.008333333333333333 0.0546875
3 0.296875 0.408203125 0.025 0.17578125
1 0.3328125 0.32421875 0.011458333333333333 0.0703125
1 0.33541666666666664 0.388671875 0.016666666666666666 0.08984375
3 0.3453125 0.328125 0.019791666666666666 0.125
2 0.39479166666666665 0.271484375 0.008333333333333333 0.05078125
0 0.403125 0.255859375 0.00625 0.04296875
0 0.4083333333333333 0.240234375 0.00625 0.04296875
0 0.4114583333333333 0.232421875 0.00625 0.04296875
0 0.41510416666666666 0.22265625 0.005208333333333333 0.0390625
0 0.4203125 0.21484375 0.005208333333333333 0.0390625
0 0.4244791666666667 0.2109375 0.005208333333333333 0.03125
0 0.4510416666666667 0.2109375 0.00625 0.03125
0 0.47604166666666664 0.2109375 0.00625 0.03125
0 0.5052083333333334 0.25 0.00625 0.0390625
1 0.5067708333333333 0.279296875 0.007291666666666667 0.04296875
3 0.5614583333333333 0.333984375 0.01875 0.11328125
2 0.56875 0.388671875 0.016666666666666666 0.08203125
1 0.5963541666666666 0.259765625 0.007291666666666667 0.04296875
2 0.6046875 0.298828125 0.011458333333333333 0.05078125
3 0.6161458333333333 0.4140625 0.026041666666666668 0.171875
2 0.6713541666666667 0.28515625 0.009375 0.046875
2 0.7072916666666667 0.5234375 0.029166666666666667 0.1328125
2 0.7510416666666667 0.283203125 0.010416666666666666 0.05078125
1 0.8161458333333333 0.263671875 0.007291666666666667 0.04296875
2 0.8494791666666667 0.291015625 0.009375 0.05078125
1 0.9588541666666667 0.283203125 0.009375 0.04296875
2 0.9734375 0.3046875 0.009375 0.046875
1 0.6994791666666667 0.255859375 0.007291666666666667 0.04296875
