1 0.2171875 0.736328125 0.04479166666666667 0.20703125
1 0.43645833333333334 0.4765625 0.020833333333333332 0.1015625
1 0.5526041666666667 0.39453125 0.015625 0.078125
1 0.671875 0.36328125 0.010416666666666666 0.0546875
1 0.775 0.365234375 0.010416666666666666 0.05078125
1 0.8296875 0.333984375 0.007291666666666667 0.03515625
1 0.8921875 0.375 0.009375 0.046875
2 0.915625 0.474609375 0.020833333333333332 0.08984375
2 0.8661458333333333 0.51171875 0.026041666666666668 0.109375
2 0.8333333333333334 0.560546875 0.027083333333333334 0.12890625
2 0.8828125 0.740234375 0.04479166666666667 0.20703125
1 0.9484375 0.34765625 0.009375 0.046875
