2 0.0859375 0.283203125 0.011458333333333333 0.06640625
2 0.18802083333333333 0.259765625 0.011458333333333333 0.05078125
1 0.18645833333333334 0.310546875 0.014583333333333334 0.06640625
1 0.21510416666666668 0.28515625 0.011458333333333333 0.0625
1 0.215625 0.34765625 0.016666666666666666 0.078125
2 0.21770833333333334 0.494140625 0.022916666666666665 0.12890625
1 0.2703125 0.26953125 0.009375 0.046875
1 0.2911458333333333 0.251953125 0.009375 0.05078125
2 0.2911458333333333 0.50390625 0.026041666666666668 0.1484375
1 0.2838541666666667 0.806640625 0.053125 0.25390625
1 0.3625 0.70703125 0.04375 0.2109375
1 0.4036458333333333 0.396484375 0.017708333333333333 0.09765625
1 0.6098958333333333 0.400390625 0.017708333333333333 0.09765625
3 0.6807291666666667 0.376953125 0.021875 0.13671875
1 0.734375 0.388671875 0.016666666666666666 0.07421875
3 0.7859375 0.3515625 0.019791666666666666 0.1171875
1 0.8010416666666667 0.328125 0.010416666666666666 0.046875
1 0.803125 0.365234375 0.0125 0.05859375
2 0.8817708333333333 0.587890625 0.034375 0.16015625
3 0.9192708333333334 0.490234375 0.036458333333333336 0.20703125
2 0.9411458333333333 0.3515625 0.011458333333333333 0.0546875
2 0.9307291666666667 0.345703125 0.011458333333333333 0.05859375
2 0.8416666666666667 0.3046875 0.010416666666666666 0.046875
1 0.7536458333333333 0.302734375 0.009375 0.04296875
1 0.6958333333333333 0.287109375 0.008333333333333333 0.03515625
1 0.33697916666666666 0.26171875 0.007291666666666667 0.0390625
2 0.38385416666666666 0.248046875 0.007291666666666667 0.03515625
1 0.403125 0.2578125 0.008333333333333333 0.0390625
2 0.4510416666666667 0.24609375 0.008333333333333333 0.0390625
1 0.4625 0.2578125 0.008333333333333333 0.0390625
1 0.5328125 0.259765625 0.007291666666666667 0.03515625
2 0.5473958333333333 0.255859375 0.007291666666666667 0.03515625
1 0.6208333333333333 0.271484375 0.008333333333333333 0.04296875
2 0.653125 0.265625 0.008333333333333333 0.0390625
