2 0.10677083333333333 0.271484375 0.017708333333333333 0.07421875
2 0.22552083333333334 0.3203125 0.017708333333333333 0.078125
2 0.35572916666666665 0.3984375 0.019791666666666666 0.109375
2 0.5010416666666667 0.4921875 0.03125 0.1328125
2 0.6197916666666666 0.31640625 0.010416666666666666 0.0546875
2 0.6713541666666667 0.333984375 0.013541666666666667 0.05859375
1 0.6817708333333333 0.3046875 0.009375 0.046875
2 0.7260416666666667 0.3515625 0.016666666666666666 0.0703125
1 0.7630208333333334 0.322265625 0.011458333333333333 0.05078125
2 0.8197916666666667 0.390625 0.01875 0.0859375
1 0.8541666666666666 0.353515625 0.0125 0.05859375
2 0.83125 0.77734375 0.06875 0.2890625
