1 0.034895833333333334 0.314453125 0.013541666666666667 0.07421875
2 0.14322916666666666 0.27734375 0.013541666666666667 0.0625
1 0.16927083333333334 0.333984375 0.015625 0.07421875
1 0.2375 0.66015625 0.04375 0.2109375
1 0.25364583333333335 0.369140625 0.017708333333333333 0.08203125
2 0.30104166666666665 0.296875 0.0125 0.0703125
3 0.2994791666666667 0.478515625 0.036458333333333336 0.23046875
2 0.42291666666666666 0.333984375 0.0125 0.06640625
0 0.43854166666666666 0.306640625 0.010416666666666666 0.05078125
0 0.4473958333333333 0.279296875 0.009375 0.05078125
0 0.45364583333333336 0.2734375 0.007291666666666667 0.046875
0 0.4588541666666667 0.259765625 0.009375 0.04296875
0 0.465625 0.248046875 0.008333333333333333 0.04296875
0 0.4713541666666667 0.2421875 0.007291666666666667 0.0390625
0 0.5026041666666666 0.244140625 0.007291666666666667 0.03515625
0 0.5328125 0.244140625 0.007291666666666667 0.03515625
0 0.5682291666666667 0.267578125 0.009375 0.04296875
0 0.5708333333333333 0.291015625 0.008333333333333333 0.04296875
0 0.5729166666666666 0.318359375 0.010416666666666666 0.05078125
1 0.5755208333333334 0.34375 0.011458333333333333 0.0625
2 0.6791666666666667 0.451171875 0.022916666666666665 0.11328125
1 0.6953125 0.310546875 0.011458333333333333 0.05859375
3 0.6989583333333333 0.5 0.0375 0.2265625
2 0.7489583333333333 0.677734375 0.041666666666666664 0.19921875
2 0.7291666666666666 0.38671875 0.01875 0.078125
2 0.815625 0.357421875 0.016666666666666666 0.07421875
1 0.8333333333333334 0.3046875 0.010416666666666666 0.046875
2 0.9317708333333333 0.353515625 0.013541666666666667 0.06640625
