2 0.07552083333333333 0.30078125 0.013541666666666667 0.078125
1 0.0796875 0.37890625 0.015625 0.09375
3 0.14375 0.69921875 0.0625 0.3984375
1 0.16979166666666667 0.431640625 0.022916666666666665 0.12109375
1 0.20208333333333334 0.576171875 0.0375 0.16796875
2 0.259375 0.32421875 0.014583333333333334 0.078125
2 0.4005208333333333 0.373046875 0.017708333333333333 0.08984375
0 0.42291666666666666 0.3359375 0.0125 0.0625
0 0.4348958333333333 0.302734375 0.009375 0.05859375
0 0.4421875 0.291015625 0.009375 0.05078125
0 0.45 0.27734375 0.010416666666666666 0.046875
0 0.4578125 0.259765625 0.007291666666666667 0.04296875
0 0.4640625 0.251953125 0.009375 0.04296875
0 0.49947916666666664 0.2578125 0.009375 0.046875
0 0.5338541666666666 0.255859375 0.009375 0.04296875
0 0.5708333333333333 0.2734375 0.008333333333333333 0.0390625
0 0.5739583333333333 0.28515625 0.008333333333333333 0.046875
0 0.5776041666666667 0.31640625 0.009375 0.0546875
0 0.5833333333333334 0.345703125 0.0125 0.06640625
1 0.5885416666666666 0.3828125 0.014583333333333334 0.078125
1 0.7260416666666667 0.33984375 0.0125 0.0703125
2 0.7557291666666667 0.583984375 0.03229166666666667 0.16015625
3 0.834375 0.73828125 0.06041666666666667 0.3984375
2 0.7916666666666666 0.455078125 0.022916666666666665 0.11328125
1 0.8833333333333333 0.328125 0.010416666666666666 0.0546875
2 0.8880208333333334 0.40625 0.019791666666666666 0.0859375
