1 0.2671875 0.689453125 0.03854166666666667 0.18359375
1 0.3776041666666667 0.462890625 0.019791666666666666 0.10546875
1 0.3463541666666667 0.375 0.015625 0.078125
1 0.2921875 0.326171875 0.015625 0.07421875
1 0.23489583333333333 0.3046875 0.013541666666666667 0.0703125
1 0.12708333333333333 0.291015625 0.014583333333333334 0.06640625
2 0.8567708333333334 0.67578125 0.03854166666666667 0.171875
2 0.7197916666666667 0.466796875 0.020833333333333332 0.09765625
2 0.6083333333333333 0.369140625 0.0125 0.06640625
2 0.49322916666666666 0.296875 0.009375 0.046875
2 0.39375 0.267578125 0.008333333333333333 0.04296875
2 0.2916666666666667 0.248046875 0.008333333333333333 0.04296875
2 0.18072916666666666 0.2421875 0.009375 0.0390625
2 0.03958333333333333 0.23828125 0.008333333333333333 0.046875
2 0.6692708333333334 0.267578125 0.007291666666666667 0.03515625
1 0.6802083333333333 0.251953125 0.00625 0.03515625
1 0.7458333333333333 0.259765625 0.00625 0.03515625
2 0.7510416666666667 0.287109375 0.008333333333333333 0.03515625
2 0.8552083333333333 0.3046875 0.008333333333333333 0.0390625
2 0.9322916666666666 0.310546875 0.008333333333333333 0.04296875
1 0.7921875 0.265625 0.007291666666666667 0.0390625
1 0.8359375 0.271484375 0.007291666666666667 0.03515625
