1 0.3333333333333333 0.720703125 0.04583333333333333 0.22265625
0 0.4609375 0.3359375 0.015625 0.0703125
0 0.5010416666666667 0.3125 0.0125 0.0703125
1 0.5552083333333333 0.466796875 0.025 0.11328125
0 0.6125 0.35546875 0.014583333333333334 0.078125
0 0.6291666666666667 0.33203125 0.0125 0.0625
2 0.6338541666666667 0.27734375 0.009375 0.0390625
2 0.6473958333333333 0.30078125 0.011458333333333333 0.046875
2 0.6614583333333334 0.26953125 0.008333333333333333 0.0390625
2 0.7130208333333333 0.263671875 0.007291666666666667 0.04296875
1 0.7416666666666667 0.306640625 0.008333333333333333 0.04296875
2 0.7520833333333333 0.341796875 0.014583333333333334 0.06640625
1 0.7703125 0.2734375 0.007291666666666667 0.03125
2 0.7854166666666667 0.349609375 0.014583333333333334 0.06640625
1 0.7817708333333333 0.390625 0.015625 0.0703125
1 0.8098958333333334 0.388671875 0.015625 0.07421875
2 0.884375 0.595703125 0.03333333333333333 0.16796875
1 0.8567708333333334 0.33984375 0.011458333333333333 0.0546875
1 0.8255208333333334 0.27734375 0.007291666666666667 0.0390625
1 0.8916666666666667 0.279296875 0.008333333333333333 0.03515625
2 0.9546875 0.27734375 0.007291666666666667 0.0390625
1 0.9625 0.28515625 0.008333333333333333 0.0390625
2 0.7859375 0.265625 0.009375 0.0390625
2 0.8739583333333333 0.271484375 0.008333333333333333 0.04296875
