1 0.40208333333333335 0.552734375 0.041666666666666664 0.15234375
1 0.5473958333333333 0.421875 0.023958333333333335 0.09375
1 0.6067708333333334 0.37890625 0.017708333333333333 0.0703125
1 0.6458333333333334 0.341796875 0.016666666666666666 0.06640625
1 0.6692708333333334 0.31640625 0.011458333333333333 0.046875
1 0.6838541666666667 0.302734375 0.009375 0.04296875
2 0.9119791666666667 0.501953125 0.03229166666666667 0.13671875
2 0.8723958333333334 0.412109375 0.019791666666666666 0.08984375
2 0.8510416666666667 0.3671875 0.016666666666666666 0.0703125
2 0.8333333333333334 0.3359375 0.0125 0.0546875
