2 0.0046875 0.3203125 0.009375 0.0703125
1 0.11354166666666667 0.47265625 0.029166666666666667 0.140625
1 0.1234375 0.6875 0.04895833333333333 0.234375
2 0.20104166666666667 0.328125 0.014583333333333334 0.0859375
2 0.384375 0.388671875 0.020833333333333332 0.09765625
2 0.5786458333333333 0.54296875 0.03229166666666667 0.15625
0 0.6151041666666667 0.42578125 0.019791666666666666 0.1015625
0 0.6322916666666667 0.3671875 0.014583333333333334 0.078125
0 0.6401041666666667 0.33984375 0.013541666666666667 0.0703125
0 0.6484375 0.3125 0.013541666666666667 0.0703125
0 0.6583333333333333 0.29296875 0.0125 0.0625
0 0.6645833333333333 0.28125 0.0125 0.0625
0 0.7151041666666667 0.283203125 0.011458333333333333 0.05859375
0 0.7661458333333333 0.287109375 0.011458333333333333 0.05859375
0 0.8270833333333333 0.294921875 0.0125 0.05859375
0 0.8364583333333333 0.314453125 0.014583333333333334 0.06640625
0 0.8510416666666667 0.341796875 0.016666666666666666 0.07421875
0 0.8703125 0.37109375 0.017708333333333333 0.09375
0 0.8833333333333333 0.408203125 0.020833333333333332 0.09765625
0 0.9302083333333333 0.501953125 0.029166666666666667 0.13671875
