1 0.059895833333333336 0.4296875 0.023958333333333335 0.109375
1 0.1421875 0.568359375 0.034375 0.16015625
2 0.11666666666666667 0.326171875 0.016666666666666666 0.06640625
2 0.29583333333333334 0.35546875 0.01875 0.09375
2 0.4901041666666667 0.455078125 0.023958333333333335 0.12109375
2 0.828125 0.869140625 0.06041666666666667 0.25390625
0 0.8510416666666667 0.314453125 0.014583333333333334 0.07421875
0 0.8463541666666666 0.341796875 0.015625 0.07421875
0 0.8416666666666667 0.373046875 0.01875 0.08203125
0 0.8369791666666667 0.412109375 0.021875 0.09765625
0 0.8322916666666667 0.44921875 0.027083333333333334 0.109375
0 0.8338541666666667 0.57421875 0.034375 0.1640625
0 0.9270833333333334 0.328125 0.01875 0.0703125
