2 0.16041666666666668 0.37890625 0.01875 0.09375
2 0.35520833333333335 0.47265625 0.025 0.125
0 0.3932291666666667 0.38671875 0.017708333333333333 0.0859375
0 0.4109375 0.3359375 0.013541666666666667 0.0703125
0 0.4197916666666667 0.314453125 0.0125 0.06640625
0 0.4296875 0.294921875 0.011458333333333333 0.05859375
0 0.4395833333333333 0.275390625 0.008333333333333333 0.05859375
0 0.44583333333333336 0.265625 0.010416666666666666 0.046875
0 0.4890625 0.263671875 0.009375 0.05078125
0 0.5286458333333334 0.267578125 0.009375 0.05078125
0 0.5723958333333333 0.267578125 0.009375 0.04296875
0 0.5776041666666667 0.283203125 0.009375 0.05078125
0 0.5833333333333334 0.3046875 0.0125 0.0625
0 0.5927083333333333 0.32421875 0.0125 0.0625
0 0.5963541666666666 0.349609375 0.013541666666666667 0.07421875
0 0.6151041666666667 0.408203125 0.017708333333333333 0.09765625
1 0.6348958333333333 0.466796875 0.019791666666666666 0.11328125
1 0.7973958333333333 0.3828125 0.017708333333333333 0.0859375
