1 0.2203125 0.787109375 0.051041666666666666 0.23828125
1 0.4552083333333333 0.439453125 0.016666666666666666 0.08984375
1 0.5338541666666666 0.36328125 0.009375 0.0546875
1 0.5619791666666667 0.3359375 0.007291666666666667 0.046875
1 0.5838541666666667 0.3203125 0.005208333333333333 0.0390625
1 0.5979166666666667 0.314453125 0.00625 0.03515625
2 0.6802083333333333 0.30859375 0.00625 0.03125
2 0.6833333333333333 0.322265625 0.008333333333333333 0.03515625
2 0.6875 0.337890625 0.008333333333333333 0.04296875
2 0.7015625 0.37109375 0.011458333333333333 0.0625
2 0.7484375 0.462890625 0.019791666666666666 0.09765625
