0 0.11822916666666666 0.41015625 0.021875 0.109375
0 0.17552083333333332 0.55078125 0.034375 0.171875
0 0.25104166666666666 0.41015625 0.020833333333333332 0.1015625
2 0.26145833333333335 0.294921875 0.010416666666666666 0.05859375
2 0.2708333333333333 0.3359375 0.0125 0.0703125
2 0.3078125 0.267578125 0.009375 0.04296875
1 0.38958333333333334 0.29296875 0.010416666666666666 0.046875
2 0.4114583333333333 0.404296875 0.016666666666666666 0.09765625
1 0.4515625 0.54296875 0.030208333333333334 0.1484375
1 0.40260416666666665 0.27734375 0.009375 0.046875
1 0.4234375 0.314453125 0.013541666666666667 0.05859375
1 0.5234375 0.345703125 0.013541666666666667 0.06640625
1 0.6859375 0.36328125 0.017708333333333333 0.078125
3 0.778125 0.33984375 0.020833333333333332 0.1171875
2 0.80625 0.248046875 0.008333333333333333 0.04296875
1 0.8401041666666667 0.267578125 0.009375 0.04296875
1 0.8515625 0.35546875 0.017708333333333333 0.078125
2 0.915625 0.2578125 0.010416666666666666 0.046875
3 0.9104166666666667 0.32421875 0.020833333333333332 0.1171875
1 0.9494791666666667 0.310546875 0.011458333333333333 0.05859375
1 0.9432291666666667 0.33203125 0.013541666666666667 0.0703125
2 0.9484375 0.515625 0.030208333333333334 0.1328125
1 0.6911458333333333 0.25 0.007291666666666667 0.03125
2 0.703125 0.240234375 0.008333333333333333 0.03515625
