1 0.184375 0.85546875 0.05416666666666667 0.2421875
1 0.3723958333333333 0.5078125 0.021875 0.1015625
1 0.4744791666666667 0.40625 0.011458333333333333 0.0703125
1 0.5588541666666667 0.357421875 0.009375 0.05859375
1 0.6572916666666667 0.330078125 0.008333333333333333 0.05078125
1 0.7473958333333334 0.32421875 0.009375 0.046875
1 0.85 0.326171875 0.008333333333333333 0.04296875
1 0.9567708333333333 0.328125 0.009375 0.046875
2 0.9234375 0.37890625 0.013541666666666667 0.0625
2 0.8255208333333334 0.38671875 0.013541666666666667 0.0625
2 0.7734375 0.404296875 0.015625 0.07421875
2 0.7359375 0.42578125 0.015625 0.0859375
2 0.7270833333333333 0.48828125 0.020833333333333332 0.1015625
1 0.8078125 0.302734375 0.007291666666666667 0.03515625
