1 0.027083333333333334 0.38671875 0.022916666666666665 0.1015625
2 0.021875 0.228515625 0.010416666666666666 0.04296875
1 0.04479166666666667 0.224609375 0.008333333333333333 0.03515625
2 0.121875 0.287109375 0.010416666666666666 0.05078125
1 0.14114583333333333 0.451171875 0.026041666666666668 0.11328125
1 0.1859375 0.61328125 0.040625 0.1796875
1 0.15 0.228515625 0.00625 0.03515625
2 0.16927083333333334 0.240234375 0.007291666666666667 0.03515625
2 0.1953125 0.2734375 0.009375 0.046875
2 0.20729166666666668 0.25 0.00625 0.0390625
2 0.21927083333333333 0.26171875 0.009375 0.0390625
1 0.21770833333333334 0.298828125 0.008333333333333333 0.05078125
2 0.21875 0.3359375 0.014583333333333334 0.0703125
1 0.23020833333333332 0.234375 0.00625 0.03125
1 0.3015625 0.27734375 0.007291666666666667 0.046875
1 0.3125 0.2578125 0.00625 0.0390625
0 0.31354166666666666 0.302734375 0.010416666666666666 0.05078125
0 0.3296875 0.330078125 0.011458333333333333 0.05859375
0 0.38333333333333336 0.298828125 0.010416666666666666 0.05078125
2 0.3828125 0.3828125 0.017708333333333333 0.0859375
0 0.40989583333333335 0.326171875 0.009375 0.05859375
2 0.5692708333333333 0.513671875 0.021875 0.13671875
0 0.7067708333333333 0.373046875 0.013541666666666667 0.08203125
1 0.28541666666666665 0.244140625 0.00625 0.03515625
