2 0.10208333333333333 0.33984375 0.014583333333333334 0.078125
1 0.0859375 0.443359375 0.026041666666666668 0.11328125
1 0.17447916666666666 0.541015625 0.03229166666666667 0.14453125
2 0.2994791666666667 0.365234375 0.017708333333333333 0.08984375
2 0.4552083333333333 0.431640625 0.022916666666666665 0.10546875
2 0.7359375 0.79296875 0.046875 0.25
0 0.7916666666666666 0.35546875 0.016666666666666666 0.0703125
0 0.7916666666666666 0.396484375 0.01875 0.08203125
0 0.7979166666666667 0.451171875 0.022916666666666665 0.10546875
0 0.8052083333333333 0.5703125 0.03333333333333333 0.15625
0 0.8510416666666667 0.36328125 0.016666666666666666 0.0703125
0 0.9078125 0.37109375 0.017708333333333333 0.078125
0 0.9703125 0.37890625 0.017708333333333333 0.078125
