1 0.09739583333333333 0.474609375 0.026041666666666668 0.12890625
1 0.1 0.236328125 0.00625 0.03515625
2 0.1265625 0.22265625 0.007291666666666667 0.0390625
2 0.2375 0.705078125 0.04583333333333333 0.22265625
1 0.20572916666666666 0.23828125 0.007291666666666667 0.0390625
2 0.2484375 0.220703125 0.005208333333333333 0.03515625
1 0.2911458333333333 0.248046875 0.005208333333333333 0.03515625
1 0.33177083333333335 0.37890625 0.013541666666666667 0.0859375
2 0.35625 0.234375 0.00625 0.03125
1 0.353125 0.2578125 0.00625 0.046875
1 0.39427083333333335 0.283203125 0.007291666666666667 0.05078125
1 0.4005208333333333 0.318359375 0.007291666666666667 0.05859375
3 0.403125 0.279296875 0.0125 0.08984375
3 0.3796875 0.322265625 0.017708333333333333 0.11328125
2 0.43854166666666666 0.251953125 0.00625 0.04296875
0 0.44479166666666664 0.234375 0.004166666666666667 0.03125
0 0.4583333333333333 0.21484375 0.004166666666666667 0.0234375
0 0.45416666666666666 0.220703125 0.004166666666666667 0.02734375
0 0.4661458333333333 0.20703125 0.005208333333333333 0.03125
0 0.5270833333333333 0.236328125 0.004166666666666667 0.03515625
1 0.5307291666666667 0.255859375 0.005208333333333333 0.03515625
3 0.5833333333333334 0.330078125 0.016666666666666666 0.10546875
2 0.5630208333333333 0.326171875 0.011458333333333333 0.05859375
2 0.5692708333333333 0.29296875 0.007291666666666667 0.046875
3 0.5651041666666666 0.2890625 0.011458333333333333 0.078125
2 0.6083333333333333 0.2734375 0.008333333333333333 0.0390625
2 0.634375 0.388671875 0.016666666666666666 0.08984375
2 0.66875 0.26171875 0.00625 0.0390625
1 0.7020833333333333 0.236328125 0.00625 0.03515625
2 0.740625 0.263671875 0.00625 0.03515625
1 0.8083333333333333 0.244140625 0.00625 0.03515625
2 0.8276041666666667 0.26953125 0.007291666666666667 0.0390625
2 0.8505208333333333 0.486328125 0.026041666666666668 0.12109375
2 0.9354166666666667 0.283203125 0.00625 0.03515625
1 0.734375 0.693359375 0.041666666666666664 0.19921875
