1 0.3385416666666667 0.5546875 0.027083333333333334 0.1484375
1 0.4119791666666667 0.41796875 0.013541666666666667 0.0859375
1 0.5171875 0.357421875 0.009375 0.05859375
1 0.5786458333333333 0.3359375 0.007291666666666667 0.046875
1 0.63125 0.318359375 0.00625 0.04296875
2 0.6541666666666667 0.451171875 0.014583333333333334 0.08984375
2 0.6645833333333333 0.5390625 0.020833333333333332 0.1328125
2 0.6666666666666666 0.39453125 0.010416666666666666 0.0703125
2 0.6875 0.369140625 0.010416666666666666 0.05859375
2 0.7119791666666667 0.361328125 0.009375 0.05078125
2 0.7708333333333334 0.3671875 0.008333333333333333 0.0546875
2 0.85625 0.3671875 0.010416666666666666 0.0625
2 0.9125 0.36328125 0.010416666666666666 0.0625
2 0.925 0.318359375 0.008333333333333333 0.05078125
2 0.9380208333333333 0.341796875 0.009375 0.05859375
2 0.8994791666666667 0.296875 0.007291666666666667 0.046875
2 0.8994791666666667 0.296875 0.007291666666666667 0.046875
2 0.9520833333333333 0.28125 0.008333333333333333 0.046875
1 0.7838541666666666 0.310546875 0.007291666666666667 0.04296875
1 0.7348958333333333 0.318359375 0.007291666666666667 0.04296875
1 0.6921875 0.3203125 0.007291666666666667 0.046875
