1 0.17291666666666666 0.73046875 0.06875 0.265625
1 0.275 0.439453125 0.03125 0.14453125
1 0.24166666666666667 0.337890625 0.022916666666666665 0.10546875
1 0.1484375 0.296875 0.019791666666666666 0.09375
1 0.057291666666666664 0.255859375 0.016666666666666666 0.07421875
2 0.21666666666666667 0.22265625 0.0125 0.046875
2 0.23020833333333332 0.232421875 0.008333333333333333 0.04296875
2 0.2833333333333333 0.24609375 0.0125 0.0546875
2 0.36614583333333334 0.259765625 0.013541666666666667 0.06640625
2 0.49114583333333334 0.306640625 0.015625 0.08203125
2 0.6166666666666667 0.4140625 0.025 0.125
2 0.8958333333333334 0.736328125 0.06041666666666667 0.27734375
