1 0.021354166666666667 0.34375 0.015625 0.09375
1 0.12135416666666667 0.287109375 0.013541666666666667 0.06640625
1 0.16979166666666667 0.263671875 0.010416666666666666 0.04296875
1 0.196875 0.251953125 0.008333333333333333 0.05078125
1 0.3489583333333333 0.40234375 0.020833333333333332 0.109375
1 0.3203125 0.24609375 0.007291666666666667 0.0390625
1 0.525 0.30859375 0.0125 0.078125
1 0.6171875 0.294921875 0.009375 0.05859375
1 0.6817708333333333 0.28515625 0.009375 0.0546875
1 0.7104166666666667 0.27734375 0.008333333333333333 0.046875
1 0.6958333333333333 0.259765625 0.008333333333333333 0.04296875
1 0.66875 0.248046875 0.00625 0.03515625
1 0.6401041666666667 0.240234375 0.007291666666666667 0.03515625
1 0.5916666666666667 0.232421875 0.00625 0.02734375
2 0.8328125 0.517578125 0.034375 0.15234375
2 0.803125 0.376953125 0.01875 0.08984375
2 0.8328125 0.328125 0.015625 0.0703125
2 0.8645833333333334 0.310546875 0.0125 0.05078125
2 0.8755208333333333 0.296875 0.009375 0.046875
2 0.84375 0.2734375 0.008333333333333333 0.046875
1 0.38958333333333334 0.240234375 0.00625 0.03515625
1 0.4244791666666667 0.232421875 0.007291666666666667 0.03515625
1 0.46770833333333334 0.23046875 0.004166666666666667 0.03125
1 0.5260416666666666 0.23046875 0.00625 0.0390625
1 0.25364583333333335 0.24609375 0.007291666666666667 0.0546875
