3 0.30416666666666664 0.5166666666666667 0.016666666666666666 0.06296296296296296
3 0.3770833333333333 0.513425925925926 0.015625 0.05092592592592592
0 0.23489583333333333 0.5916666666666667 0.021875 0.06296296296296296
3 0.22317708333333333 0.5638888888888889 0.027604166666666666 0.10740740740740741
3 0.21796875 0.6226851851851852 0.043229166666666666 0.1361111111111111
0 0.27317708333333335 0.5532407407407407 0.019270833333333334 0.04722222222222222
2 0.29010416666666666 0.5407407407407407 0.015625 0.04259259259259259
2 0.5216145833333333 0.5291666666666667 0.011979166666666667 0.032407407407407406
3 0.56953125 0.5398148148148149 0.019270833333333334 0.06481481481481481
0 0.60078125 0.6162037037037037 0.03802083333333333 0.04722222222222222
3 0.9471354166666667 0.8444444444444444 0.08385416666666666 0.2611111111111111
