1 0.021354166666666667 0.416015625 0.023958333333333335 0.11328125
1 0.078125 0.85546875 0.06666666666666667 0.28125
2 0.05677083333333333 0.322265625 0.015625 0.08203125
1 0.12760416666666666 0.515625 0.03229166666666667 0.140625
2 0.2453125 0.34375 0.017708333333333333 0.078125
2 0.4322916666666667 0.416015625 0.022916666666666665 0.10546875
2 0.671875 0.66015625 0.03958333333333333 0.203125
0 0.7041666666666667 0.482421875 0.025 0.12109375
0 0.7161458333333334 0.396484375 0.019791666666666666 0.09765625
0 0.7234375 0.3671875 0.017708333333333333 0.0859375
0 0.7307291666666667 0.337890625 0.015625 0.07421875
0 0.7395833333333334 0.310546875 0.014583333333333334 0.06640625
0 0.7447916666666666 0.29296875 0.0125 0.0625
0 0.80625 0.3046875 0.014583333333333334 0.0625
0 0.86875 0.306640625 0.014583333333333334 0.06640625
0 0.9447916666666667 0.31640625 0.016666666666666666 0.0703125
0 0.9630208333333333 0.341796875 0.017708333333333333 0.08203125
