1 0.5151041666666667 0.5078125 0.028125 0.1328125
0 0.5880208333333333 0.31640625 0.013541666666666667 0.0625
0 0.6239583333333333 0.302734375 0.010416666666666666 0.05078125
1 0.665625 0.41015625 0.020833333333333332 0.09375
0 0.7276041666666667 0.33984375 0.013541666666666667 0.0625
0 0.7458333333333333 0.32421875 0.0125 0.0546875
2 0.7588541666666667 0.27734375 0.009375 0.046875
2 0.7697916666666667 0.298828125 0.010416666666666666 0.05078125
2 0.7911458333333333 0.271484375 0.009375 0.04296875
1 0.8526041666666667 0.291015625 0.009375 0.04296875
2 0.8734375 0.33984375 0.011458333333333333 0.0546875
1 0.8916666666666667 0.375 0.016666666666666666 0.0703125
2 0.9067708333333333 0.349609375 0.013541666666666667 0.05859375
1 0.9223958333333333 0.37890625 0.015625 0.0703125
2 0.9302083333333333 0.517578125 0.027083333333333334 0.12890625
2 0.890625 0.6796875 0.03958333333333333 0.203125
1 0.9166666666666666 0.283203125 0.008333333333333333 0.03515625
2 0.9401041666666666 0.275390625 0.007291666666666667 0.03515625
1 0.9859375 0.287109375 0.009375 0.04296875
