1 0.1046875 0.849609375 0.071875 0.28515625
1 0.06875 0.5859375 0.04791666666666667 0.1875
1 0.05 0.466796875 0.029166666666666667 0.12890625
1 0.057291666666666664 0.41796875 0.01875 0.09375
1 0.09322916666666667 0.380859375 0.017708333333333333 0.07421875
1 0.15 0.34765625 0.0125 0.0546875
1 0.2677083333333333 0.328125 0.010416666666666666 0.046875
2 0.8166666666666667 0.66015625 0.05625 0.21875
2 0.5234375 0.46484375 0.028125 0.109375
2 0.41770833333333335 0.404296875 0.016666666666666666 0.08203125
2 0.36770833333333336 0.37890625 0.014583333333333334 0.0625
2 0.38229166666666664 0.35546875 0.0125 0.0546875
2 0.36041666666666666 0.361328125 0.0125 0.05859375
