1 0.26927083333333335 0.6171875 0.03229166666666667 0.1640625
1 0.38645833333333335 0.439453125 0.01875 0.08203125
2 0.7796875 0.56640625 0.030208333333333334 0.140625
2 0.6739583333333333 0.431640625 0.01875 0.08984375
2 0.6197916666666666 0.361328125 0.0125 0.05859375
1 0.4244791666666667 0.373046875 0.013541666666666667 0.05859375
1 0.47708333333333336 0.33984375 0.010416666666666666 0.046875
2 0.6390625 0.341796875 0.011458333333333333 0.05078125
2 0.66875 0.337890625 0.010416666666666666 0.05078125
2 0.7098958333333333 0.328125 0.009375 0.046875
1 0.534375 0.31640625 0.008333333333333333 0.046875
