0 0.24114583333333334 0.732421875 0.04895833333333333 0.23046875
2 0.3 0.51953125 0.029166666666666667 0.1484375
1 0.15572916666666667 0.412109375 0.021875 0.09765625
1 0.3302083333333333 0.349609375 0.014583333333333334 0.07421875
3 0.36666666666666664 0.3046875 0.016666666666666666 0.1015625
3 0.5385416666666667 0.30859375 0.016666666666666666 0.1015625
0 0.740625 0.7265625 0.04583333333333333 0.21875
1 0.625 0.51171875 0.027083333333333334 0.1328125
2 0.73125 0.412109375 0.020833333333333332 0.08984375
2 0.578125 0.3515625 0.014583333333333334 0.0703125
