3 0.4473958333333333 0.349609375 0.021875 0.13671875
3 0.46770833333333334 0.3359375 0.01875 0.1171875
1 0.528125 0.306640625 0.010416666666666666 0.05078125
1 0.559375 0.275390625 0.008333333333333333 0.04296875
1 0.5776041666666667 0.2578125 0.007291666666666667 0.03125
1 0.5901041666666667 0.25 0.005208333333333333 0.03125
1 0.5989583333333334 0.23828125 0.004166666666666667 0.0234375
2 0.66875 0.248046875 0.00625 0.02734375
2 0.6729166666666667 0.26171875 0.00625 0.03125
2 0.6848958333333334 0.28125 0.009375 0.046875
2 0.6932291666666667 0.318359375 0.011458333333333333 0.05859375
3 0.7192708333333333 0.361328125 0.021875 0.12890625
3 0.7255208333333333 0.384765625 0.023958333333333335 0.15234375
