1 0.19583333333333333 0.732421875 0.04791666666666667 0.23046875
2 0.8473958333333333 0.650390625 0.03854166666666667 0.17578125
2 0.696875 0.46484375 0.020833333333333332 0.1015625
1 0.36822916666666666 0.46875 0.019791666666666666 0.1015625
2 0.6307291666666667 0.375 0.013541666666666667 0.0625
1 0.415625 0.392578125 0.014583333333333334 0.06640625
2 0.6494791666666667 0.3515625 0.011458333333333333 0.0625
1 0.4739583333333333 0.349609375 0.010416666666666666 0.05078125
2 0.6802083333333333 0.34375 0.010416666666666666 0.046875
2 0.7229166666666667 0.3359375 0.010416666666666666 0.046875
