1 0.17552083333333332 0.869140625 0.059375 0.25390625
2 0.09635416666666667 0.30078125 0.013541666666666667 0.0625
2 0.18229166666666666 0.51953125 0.03125 0.1484375
1 0.203125 0.330078125 0.0125 0.05859375
1 0.228125 0.30078125 0.0125 0.0546875
1 0.240625 0.361328125 0.016666666666666666 0.07421875
1 0.3697916666666667 0.392578125 0.01875 0.09765625
1 0.5682291666666667 0.400390625 0.019791666666666666 0.09765625
1 0.5609375 0.2578125 0.009375 0.0390625
2 0.5723958333333333 0.24609375 0.009375 0.0390625
1 0.6328125 0.259765625 0.009375 0.04296875
2 0.6697916666666667 0.25390625 0.008333333333333333 0.046875
3 0.66875 0.3671875 0.022916666666666665 0.140625
1 0.7036458333333333 0.275390625 0.009375 0.04296875
1 0.7411458333333333 0.375 0.017708333333333333 0.0859375
2 0.7671875 0.259765625 0.009375 0.04296875
1 0.7708333333333334 0.29296875 0.010416666666666666 0.046875
3 0.7916666666666666 0.33984375 0.020833333333333332 0.125
1 0.8114583333333333 0.3125 0.0125 0.0625
1 0.8166666666666667 0.34375 0.014583333333333334 0.0703125
2 0.8786458333333333 0.28125 0.011458333333333333 0.0546875
2 0.9135416666666667 0.619140625 0.041666666666666664 0.19140625
3 0.9369791666666667 0.486328125 0.034375 0.24609375
2 0.9755208333333333 0.318359375 0.015625 0.06640625
