1 0.3072916666666667 0.546875 0.025 0.1484375
1 0.46145833333333336 0.388671875 0.0125 0.07421875
1 0.5208333333333334 0.3515625 0.008333333333333333 0.0546875
1 0.5890625 0.330078125 0.007291666666666667 0.05078125
1 0.6848958333333334 0.3203125 0.007291666666666667 0.046875
1 0.7625 0.30859375 0.00625 0.046875
2 0.865625 0.712890625 0.04375 0.19921875
2 0.7333333333333333 0.392578125 0.010416666666666666 0.07421875
2 0.7265625 0.453125 0.015625 0.09375
2 0.7567708333333333 0.36328125 0.011458333333333333 0.0546875
2 0.8046875 0.34765625 0.009375 0.046875
2 0.8729166666666667 0.33203125 0.008333333333333333 0.046875
