2 0.008854166666666666 0.291015625 0.015625 0.06640625
1 0.0484375 0.34375 0.019791666666666666 0.0859375
1 0.17708333333333334 0.373046875 0.020833333333333332 0.08984375
2 0.19427083333333334 0.296875 0.013541666666666667 0.0625
1 0.24479166666666666 0.458984375 0.027083333333333334 0.12890625
1 0.23333333333333334 0.67578125 0.04375 0.2109375
2 0.3567708333333333 0.330078125 0.015625 0.07421875
2 0.4973958333333333 0.40234375 0.019791666666666666 0.109375
0 0.5260416666666666 0.3515625 0.014583333333333334 0.0703125
0 0.5401041666666667 0.314453125 0.011458333333333333 0.05078125
0 0.5479166666666667 0.30078125 0.010416666666666666 0.0546875
0 0.5572916666666666 0.283203125 0.010416666666666666 0.05078125
0 0.5666666666666667 0.267578125 0.008333333333333333 0.05078125
0 0.5734375 0.259765625 0.009375 0.05078125
0 0.6109375 0.259765625 0.009375 0.05078125
0 0.65 0.265625 0.010416666666666666 0.046875
0 0.6947916666666667 0.28125 0.010416666666666666 0.046875
0 0.6994791666666667 0.30078125 0.009375 0.0546875
0 0.7057291666666666 0.3359375 0.013541666666666667 0.0625
0 0.7151041666666667 0.3828125 0.015625 0.078125
1 0.7234375 0.423828125 0.017708333333333333 0.09765625
1 0.9036458333333334 0.380859375 0.017708333333333333 0.08203125
