2 0.09479166666666666 0.423828125 0.03333333333333333 0.16015625
2 0.09583333333333334 0.416015625 0.03958333333333333 0.15234375
1 0.6369791666666667 0.486328125 0.028125 0.12890625
1 0.7161458333333334 0.591796875 0.03854166666666667 0.18359375
2 0.8119791666666667 0.359375 0.013541666666666667 0.0625
2 0.8234375 0.37109375 0.013541666666666667 0.0625
2 0.8822916666666667 0.390625 0.01875 0.078125
2 0.4166666666666667 0.705078125 0.04791666666666667 0.26953125
1 0.5895833333333333 0.419921875 0.022916666666666665 0.09765625
1 0.6161458333333333 0.353515625 0.013541666666666667 0.06640625
