1 0.0359375 0.296875 0.013541666666666667 0.0546875
2 0.0765625 0.271484375 0.011458333333333333 0.05078125
1 0.175 0.30078125 0.0125 0.0625
2 0.24322916666666666 0.275390625 0.011458333333333333 0.05078125
1 0.2859375 0.310546875 0.011458333333333333 0.05859375
1 0.32760416666666664 0.705078125 0.042708333333333334 0.23046875
2 0.3697916666666667 0.283203125 0.010416666666666666 0.05078125
1 0.3770833333333333 0.333984375 0.0125 0.06640625
1 0.4359375 0.375 0.013541666666666667 0.0703125
3 0.43385416666666665 0.505859375 0.036458333333333336 0.24609375
1 0.46041666666666664 0.4609375 0.022916666666666665 0.1171875
2 0.4953125 0.30859375 0.011458333333333333 0.0625
2 0.6083333333333333 0.359375 0.014583333333333334 0.078125
0 0.63125 0.328125 0.010416666666666666 0.0546875
0 0.6442708333333333 0.302734375 0.009375 0.05078125
0 0.6526041666666667 0.291015625 0.009375 0.05078125
0 0.6614583333333334 0.27734375 0.008333333333333333 0.046875
0 0.6713541666666667 0.267578125 0.007291666666666667 0.04296875
0 0.6776041666666667 0.26171875 0.007291666666666667 0.046875
0 0.7151041666666667 0.26171875 0.009375 0.0390625
0 0.7515625 0.263671875 0.011458333333333333 0.04296875
0 0.7979166666666667 0.30859375 0.010416666666666666 0.0546875
0 0.7947916666666667 0.291015625 0.010416666666666666 0.04296875
0 0.7947916666666667 0.32421875 0.0125 0.0546875
0 0.7947916666666667 0.35546875 0.014583333333333334 0.0625
1 0.7932291666666667 0.388671875 0.015625 0.06640625
2 0.9291666666666667 0.572265625 0.035416666666666666 0.15234375
