1 0.08645833333333333 0.484375 0.025 0.1328125
2 0.225 0.736328125 0.04791666666666667 0.24609375
1 0.33125 0.37890625 0.0125 0.0859375
3 0.3802083333333333 0.322265625 0.014583333333333334 0.11328125
1 0.3953125 0.283203125 0.007291666666666667 0.05078125
3 0.4041666666666667 0.27734375 0.0125 0.0859375
1 0.4015625 0.3203125 0.009375 0.0625
1 0.1 0.236328125 0.00625 0.03515625
2 0.12760416666666666 0.21875 0.007291666666666667 0.0390625
1 0.20625 0.236328125 0.00625 0.03515625
2 0.25 0.21875 0.00625 0.0390625
1 0.29270833333333335 0.24609375 0.00625 0.0390625
2 0.35833333333333334 0.234375 0.00625 0.0390625
1 0.3541666666666667 0.259765625 0.00625 0.04296875
2 0.440625 0.25 0.00625 0.0390625
0 0.4473958333333333 0.232421875 0.005208333333333333 0.03515625
0 0.45677083333333335 0.21875 0.005208333333333333 0.03125
0 0.4609375 0.2109375 0.005208333333333333 0.0234375
0 0.46875 0.205078125 0.004166666666666667 0.02734375
0 0.5302083333333333 0.23828125 0.004166666666666667 0.03125
1 0.5333333333333333 0.251953125 0.00625 0.03515625
2 0.5671875 0.328125 0.011458333333333333 0.0625
3 0.5880208333333333 0.333984375 0.017708333333333333 0.11328125
2 0.6401041666666667 0.390625 0.015625 0.0859375
2 0.5723958333333333 0.28515625 0.007291666666666667 0.0546875
3 0.5692708333333333 0.294921875 0.013541666666666667 0.08984375
2 0.6130208333333333 0.271484375 0.007291666666666667 0.04296875
2 0.6734375 0.26171875 0.007291666666666667 0.0390625
1 0.7067708333333333 0.236328125 0.005208333333333333 0.02734375
2 0.746875 0.263671875 0.00625 0.03515625
1 0.8145833333333333 0.2421875 0.00625 0.0390625
2 0.834375 0.267578125 0.008333333333333333 0.04296875
2 0.8671875 0.498046875 0.026041666666666668 0.12109375
2 0.9447916666666667 0.279296875 0.008333333333333333 0.04296875
1 0.7515625 0.728515625 0.040625 0.22265625
