1 0.2869791666666667 0.53515625 0.03854166666666667 0.15625
1 0.3927083333333333 0.427734375 0.020833333333333332 0.08984375
1 0.4791666666666667 0.357421875 0.014583333333333334 0.07421875
1 0.6192708333333333 0.3359375 0.013541666666666667 0.0546875
1 0.7359375 0.328125 0.013541666666666667 0.0546875
1 0.890625 0.34375 0.016666666666666666 0.0546875
2 0.8088541666666667 0.427734375 0.026041666666666668 0.08984375
2 0.7723958333333333 0.44921875 0.023958333333333335 0.09375
2 0.803125 0.5078125 0.027083333333333334 0.1171875
2 0.9135416666666667 0.42578125 0.022916666666666665 0.09375
