1 0.20625 0.783203125 0.05 0.23828125
1 0.37447916666666664 0.484375 0.023958333333333335 0.109375
1 0.41822916666666665 0.400390625 0.013541666666666667 0.07421875
1 0.47552083333333334 0.35546875 0.011458333333333333 0.0546875
1 0.5411458333333333 0.32421875 0.009375 0.046875
1 0.6135416666666667 0.310546875 0.008333333333333333 0.04296875
2 0.6359375 0.380859375 0.011458333333333333 0.07421875
2 0.6520833333333333 0.359375 0.0125 0.0625
2 0.6828125 0.349609375 0.011458333333333333 0.05859375
2 0.7114583333333333 0.474609375 0.022916666666666665 0.10546875
2 0.725 0.337890625 0.010416666666666666 0.05859375
2 0.8005208333333333 0.33203125 0.011458333333333333 0.046875
2 0.8807291666666667 0.66796875 0.042708333333333334 0.1875
2 0.8953125 0.333984375 0.011458333333333333 0.05078125
1 0.6854166666666667 0.30859375 0.008333333333333333 0.0390625
1 0.7677083333333333 0.30859375 0.008333333333333333 0.0390625
