1 0.08645833333333333 0.42578125 0.025 0.109375
1 0.1859375 0.546875 0.036458333333333336 0.171875
2 0.12552083333333333 0.328125 0.015625 0.0703125
2 0.3072916666666667 0.353515625 0.01875 0.08984375
2 0.5052083333333334 0.443359375 0.022916666666666665 0.11328125
0 0.8390625 0.310546875 0.011458333333333333 0.06640625
0 0.8369791666666667 0.333984375 0.011458333333333333 0.06640625
0 0.8333333333333334 0.361328125 0.014583333333333334 0.08203125
0 0.8302083333333333 0.400390625 0.016666666666666666 0.08984375
0 0.8270833333333333 0.435546875 0.022916666666666665 0.11328125
0 0.8322916666666667 0.5390625 0.03125 0.1484375
2 0.8369791666666667 0.806640625 0.053125 0.26171875
0 0.9119791666666667 0.31640625 0.015625 0.078125
