0 0.16927083333333334 0.53515625 0.034375 0.1640625
0 0.23229166666666667 0.41796875 0.022916666666666665 0.109375
2 0.265625 0.287109375 0.010416666666666666 0.05859375
2 0.28020833333333334 0.328125 0.014583333333333334 0.078125
2 0.30833333333333335 0.265625 0.008333333333333333 0.046875
2 0.3723958333333333 0.251953125 0.007291666666666667 0.03515625
1 0.38229166666666664 0.287109375 0.010416666666666666 0.05078125
1 0.39739583333333334 0.2734375 0.009375 0.046875
1 0.4114583333333333 0.3125 0.0125 0.0625
1 0.4359375 0.263671875 0.007291666666666667 0.03515625
2 0.4479166666666667 0.248046875 0.00625 0.03515625
2 0.43697916666666664 0.39453125 0.017708333333333333 0.09375
2 0.484375 0.40234375 0.01875 0.1015625
1 0.48802083333333335 0.255859375 0.007291666666666667 0.03515625
1 0.5067708333333333 0.51953125 0.028125 0.140625
1 0.5432291666666667 0.490234375 0.023958333333333335 0.12109375
2 0.5260416666666666 0.244140625 0.00625 0.03515625
1 0.5432291666666667 0.255859375 0.007291666666666667 0.03515625
1 0.5526041666666667 0.353515625 0.013541666666666667 0.07421875
2 0.5869791666666667 0.24609375 0.005208333333333333 0.03125
1 0.5963541666666666 0.255859375 0.007291666666666667 0.03515625
1 0.6635416666666667 0.263671875 0.00625 0.03515625
2 0.6786458333333333 0.2578125 0.007291666666666667 0.0390625
1 0.721875 0.369140625 0.016666666666666666 0.07421875
1 0.7536458333333333 0.271484375 0.007291666666666667 0.03515625
2 0.7890625 0.267578125 0.007291666666666667 0.03515625
3 0.7875 0.3515625 0.022916666666666665 0.1171875
1 0.8317708333333333 0.287109375 0.009375 0.04296875
1 0.84375 0.369140625 0.016666666666666666 0.07421875
2 0.9 0.291015625 0.00625 0.03515625
1 0.8911458333333333 0.306640625 0.009375 0.04296875
3 0.9026041666666667 0.34375 0.017708333333333333 0.109375
1 0.9244791666666666 0.3515625 0.011458333333333333 0.0625
1 0.9359375 0.330078125 0.009375 0.05078125
2 0.9244791666666666 0.49609375 0.028125 0.125
2 0.8994791666666667 0.7578125 0.046875 0.2265625
