2 0.022395833333333334 0.310546875 0.013541666666666667 0.05859375
1 0.04010416666666667 0.41015625 0.021875 0.109375
1 0.14010416666666667 0.5 0.030208333333333334 0.1328125
1 0.134375 0.767578125 0.05416666666666667 0.24609375
2 0.16770833333333332 0.296875 0.0125 0.0546875
2 0.2421875 0.287109375 0.009375 0.04296875
1 0.25833333333333336 0.31640625 0.0125 0.0625
2 0.253125 0.35546875 0.014583333333333334 0.0703125
2 0.25885416666666666 0.259765625 0.007291666666666667 0.03515625
2 0.26875 0.26953125 0.008333333333333333 0.0390625
1 0.34739583333333335 0.291015625 0.009375 0.04296875
1 0.36041666666666666 0.271484375 0.008333333333333333 0.04296875
0 0.35625 0.318359375 0.010416666666666666 0.05078125
0 0.3692708333333333 0.345703125 0.013541666666666667 0.06640625
2 0.4203125 0.4140625 0.017708333333333333 0.09375
0 0.42864583333333334 0.31640625 0.009375 0.046875
0 0.4552083333333333 0.34765625 0.0125 0.0625
2 0.6479166666666667 0.623046875 0.035416666666666666 0.16796875
0 0.8015625 0.41796875 0.017708333333333333 0.09375
