0 0.027083333333333334 0.515625 0.027083333333333334 0.1484375
0 0.17447916666666666 0.384765625 0.019791666666666666 0.08984375
0 0.24479166666666666 0.494140625 0.027083333333333334 0.13671875
2 0.28541666666666665 0.291015625 0.008333333333333333 0.05078125
2 0.2989583333333333 0.326171875 0.0125 0.06640625
0 0.290625 0.388671875 0.016666666666666666 0.07421875
2 0.3260416666666667 0.271484375 0.008333333333333333 0.04296875
1 0.4046875 0.29296875 0.007291666666666667 0.0390625
1 0.41510416666666666 0.275390625 0.007291666666666667 0.03515625
2 0.4322916666666667 0.384765625 0.016666666666666666 0.08203125
1 0.43645833333333334 0.31640625 0.0125 0.0546875
1 0.4734375 0.494140625 0.023958333333333335 0.11328125
1 0.53125 0.337890625 0.0125 0.05859375
1 0.68125 0.357421875 0.0125 0.06640625
1 0.6921875 0.251953125 0.007291666666666667 0.03515625
2 0.7052083333333333 0.244140625 0.00625 0.03515625
3 0.7666666666666667 0.333984375 0.01875 0.10546875
1 0.7630208333333334 0.2578125 0.007291666666666667 0.0390625
2 0.8052083333333333 0.25 0.008333333333333333 0.0390625
1 0.8348958333333333 0.2734375 0.007291666666666667 0.0390625
1 0.8354166666666667 0.349609375 0.0125 0.06640625
3 0.8911458333333333 0.322265625 0.017708333333333333 0.10546875
2 0.85625 0.642578125 0.03958333333333333 0.18359375
2 0.9026041666666667 0.4765625 0.026041666666666668 0.1171875
3 0.9520833333333333 0.416015625 0.029166666666666667 0.16796875
1 0.9234375 0.333984375 0.011458333333333333 0.05859375
1 0.9338541666666667 0.306640625 0.009375 0.05859375
1 0.9010416666666666 0.287109375 0.008333333333333333 0.04296875
2 0.9088541666666666 0.259765625 0.009375 0.04296875
1 0.5609375 0.251953125 0.007291666666666667 0.03515625
