1 0.1421875 0.806640625 0.051041666666666666 0.24609375
1 0.4114583333333333 0.53515625 0.020833333333333332 0.1171875
1 0.46510416666666665 0.4296875 0.015625 0.078125
1 0.43645833333333334 0.37109375 0.0125 0.0625
1 0.3890625 0.3359375 0.011458333333333333 0.0546875
1 0.3421875 0.318359375 0.009375 0.05078125
1 0.25833333333333336 0.3046875 0.010416666666666666 0.0546875
1 0.125 0.306640625 0.008333333333333333 0.05859375
2 0.18072916666666666 0.263671875 0.007291666666666667 0.04296875
2 0.2890625 0.267578125 0.007291666666666667 0.04296875
2 0.3796875 0.275390625 0.007291666666666667 0.04296875
2 0.4666666666666667 0.283203125 0.008333333333333333 0.04296875
2 0.5536458333333333 0.310546875 0.009375 0.04296875
2 0.6526041666666667 0.37109375 0.011458333333333333 0.0625
2 0.7390625 0.44140625 0.015625 0.078125
2 0.8114583333333333 0.556640625 0.027083333333333334 0.12109375
