1 0.06822916666666666 0.498046875 0.028125 0.13671875
1 0.1 0.232421875 0.008333333333333333 0.04296875
2 0.12760416666666666 0.21875 0.007291666666666667 0.0390625
2 0.2 0.794921875 0.05 0.26953125
1 0.20729166666666668 0.234375 0.00625 0.0390625
2 0.25104166666666666 0.22265625 0.00625 0.0390625
1 0.29375 0.244140625 0.00625 0.03515625
1 0.32916666666666666 0.38671875 0.016666666666666666 0.0859375
1 0.35572916666666665 0.259765625 0.007291666666666667 0.04296875
2 0.36041666666666666 0.228515625 0.00625 0.03515625
3 0.40572916666666664 0.28125 0.013541666666666667 0.09375
1 0.39739583333333334 0.283203125 0.007291666666666667 0.05078125
1 0.403125 0.322265625 0.010416666666666666 0.05859375
3 0.38125 0.326171875 0.016666666666666666 0.11328125
2 0.44479166666666664 0.25 0.00625 0.0390625
0 0.4510416666666667 0.232421875 0.00625 0.03515625
0 0.45989583333333334 0.220703125 0.005208333333333333 0.02734375
0 0.534375 0.236328125 0.00625 0.03515625
1 0.5385416666666667 0.251953125 0.00625 0.03515625
3 0.5744791666666667 0.29296875 0.013541666666666667 0.09375
3 0.5947916666666667 0.3359375 0.016666666666666666 0.1171875
2 0.65 0.400390625 0.016666666666666666 0.09765625
1 0.7807291666666667 0.78125 0.04895833333333333 0.234375
2 0.89375 0.515625 0.029166666666666667 0.1328125
2 0.959375 0.28125 0.008333333333333333 0.046875
2 0.6192708333333333 0.271484375 0.007291666666666667 0.04296875
2 0.6807291666666667 0.26171875 0.007291666666666667 0.0390625
1 0.7151041666666667 0.23828125 0.005208333333333333 0.03125
2 0.7557291666666667 0.263671875 0.007291666666666667 0.04296875
1 0.8244791666666667 0.2421875 0.007291666666666667 0.0390625
2 0.8453125 0.267578125 0.007291666666666667 0.04296875
