1 0.016145833333333335 0.3984375 0.017708333333333333 0.1015625
2 0.03177083333333333 0.322265625 0.017708333333333333 0.07421875
3 0.07864583333333333 0.787109375 0.07395833333333333 0.41796875
1 0.1328125 0.4609375 0.028125 0.125
1 0.14583333333333334 0.6796875 0.04791666666666667 0.2109375
2 0.19895833333333332 0.337890625 0.01875 0.07421875
2 0.35520833333333335 0.39453125 0.01875 0.09375
2 0.3765625 0.412109375 0.019791666666666666 0.08984375
0 0.39947916666666666 0.35546875 0.013541666666666667 0.078125
0 0.4114583333333333 0.322265625 0.010416666666666666 0.05859375
0 0.41822916666666665 0.302734375 0.009375 0.05078125
0 0.4244791666666667 0.28515625 0.009375 0.046875
0 0.45625 0.28515625 0.010416666666666666 0.046875
0 0.4859375 0.287109375 0.009375 0.05078125
0 0.5119791666666667 0.2890625 0.007291666666666667 0.0390625
0 0.5229166666666667 0.306640625 0.008333333333333333 0.05078125
0 0.5291666666666667 0.322265625 0.010416666666666666 0.05859375
0 0.5416666666666666 0.353515625 0.0125 0.06640625
1 0.5583333333333333 0.4140625 0.016666666666666666 0.0859375
1 0.5822916666666667 0.392578125 0.014583333333333334 0.08203125
1 0.7458333333333333 0.353515625 0.0125 0.06640625
3 0.871875 0.814453125 0.06875 0.36328125
2 0.7947916666666667 0.6796875 0.04375 0.1953125
2 0.803125 0.466796875 0.027083333333333334 0.11328125
1 0.9078125 0.34375 0.013541666666666667 0.0625
2 0.9078125 0.412109375 0.019791666666666666 0.08984375
