1 0.2546875 0.7578125 0.059375 0.25
1 0.3807291666666667 0.4921875 0.028125 0.1484375
1 0.4296875 0.3828125 0.017708333333333333 0.078125
1 0.2911458333333333 0.3359375 0.015625 0.0625
1 0.26145833333333335 0.291015625 0.0125 0.06640625
2 0.8619791666666666 0.8515625 0.05520833333333333 0.2890625
2 0.6614583333333334 0.515625 0.025 0.15625
2 0.6052083333333333 0.408203125 0.016666666666666666 0.10546875
2 0.5984375 0.369140625 0.017708333333333333 0.08984375
2 0.5307291666666667 0.330078125 0.015625 0.06640625
2 0.46979166666666666 0.3203125 0.010416666666666666 0.0546875
2 0.41875 0.3125 0.014583333333333334 0.0625
