0 0.4921875 0.240234375 0.007291666666666667 0.03515625
1 0.49270833333333336 0.275390625 0.008333333333333333 0.04296875
1 0.08177083333333333 0.26171875 0.009375 0.046875
2 0.14739583333333334 0.234375 0.007291666666666667 0.046875
1 0.19583333333333333 0.26953125 0.010416666666666666 0.046875
1 0.20572916666666666 0.509765625 0.03229166666666667 0.14453125
1 0.271875 0.2890625 0.010416666666666666 0.0546875
2 0.2833333333333333 0.24609375 0.008333333333333333 0.046875
3 0.29583333333333334 0.392578125 0.027083333333333334 0.16796875
1 0.325 0.31640625 0.0125 0.0703125
1 0.32916666666666666 0.376953125 0.016666666666666666 0.08984375
3 0.3375 0.3203125 0.01875 0.1171875
2 0.38385416666666666 0.267578125 0.009375 0.05078125
0 0.39166666666666666 0.251953125 0.00625 0.03515625
0 0.3958333333333333 0.23828125 0.00625 0.0390625
0 0.4 0.232421875 0.00625 0.03515625
0 0.4041666666666667 0.22265625 0.004166666666666667 0.03125
0 0.4078125 0.21484375 0.005208333333333333 0.03125
0 0.4119791666666667 0.208984375 0.005208333333333333 0.03515625
0 0.43854166666666666 0.208984375 0.00625 0.03515625
0 0.4635416666666667 0.2109375 0.00625 0.03125
3 0.5447916666666667 0.326171875 0.016666666666666666 0.10546875
2 0.5520833333333334 0.37890625 0.016666666666666666 0.0859375
3 0.5958333333333333 0.400390625 0.027083333333333334 0.16796875
2 0.5875 0.29296875 0.010416666666666666 0.0546875
1 0.5817708333333333 0.25390625 0.007291666666666667 0.0390625
2 0.6526041666666667 0.28125 0.009375 0.0546875
2 0.6770833333333334 0.494140625 0.025 0.12890625
1 0.6807291666666667 0.251953125 0.007291666666666667 0.03515625
2 0.7302083333333333 0.279296875 0.010416666666666666 0.04296875
1 0.79375 0.25390625 0.008333333333333333 0.0390625
2 0.8239583333333333 0.28515625 0.008333333333333333 0.046875
1 0.928125 0.27734375 0.008333333333333333 0.0390625
2 0.9395833333333333 0.296875 0.010416666666666666 0.046875
