1 0.020833333333333332 0.41015625 0.022916666666666665 0.109375
1 0.03854166666666667 0.318359375 0.016666666666666666 0.06640625
1 0.20052083333333334 0.455078125 0.028125 0.12109375
2 0.27708333333333335 0.25390625 0.008333333333333333 0.0390625
1 0.30364583333333334 0.265625 0.007291666666666667 0.0390625
1 0.4666666666666667 0.453125 0.020833333333333332 0.109375
1 0.4635416666666667 0.26171875 0.008333333333333333 0.0390625
2 0.47552083333333334 0.248046875 0.007291666666666667 0.04296875
3 0.5864583333333333 0.400390625 0.027083333333333334 0.16015625
2 0.5744791666666667 0.255859375 0.007291666666666667 0.03515625
1 0.6104166666666667 0.279296875 0.008333333333333333 0.04296875
2 0.6703125 0.265625 0.009375 0.046875
1 0.6635416666666667 0.40625 0.01875 0.09375
1 0.678125 0.296875 0.008333333333333333 0.046875
1 0.721875 0.322265625 0.0125 0.05859375
3 0.7145833333333333 0.359375 0.020833333333333332 0.1328125
1 0.7338541666666667 0.359375 0.015625 0.0703125
2 0.7776041666666667 0.2890625 0.009375 0.046875
2 0.8744791666666667 0.328125 0.013541666666666667 0.0703125
3 0.921875 0.568359375 0.04791666666666667 0.28515625
0 0.9130208333333333 0.3125 0.013541666666666667 0.0546875
0 0.9385416666666667 0.296875 0.0125 0.0546875
0 0.953125 0.283203125 0.0125 0.05078125
0 0.9692708333333333 0.275390625 0.011458333333333333 0.05078125
0 0.9890625 0.265625 0.011458333333333333 0.046875
1 0.5375 0.267578125 0.008333333333333333 0.04296875
