1 0.23072916666666668 0.537109375 0.023958333333333335 0.15234375
1 0.4453125 0.38671875 0.013541666666666667 0.0859375
1 0.5921875 0.31640625 0.011458333333333333 0.0625
2 0.6802083333333333 0.3046875 0.008333333333333333 0.0546875
1 0.7453125 0.298828125 0.007291666666666667 0.04296875
1 0.7770833333333333 0.29296875 0.008333333333333333 0.046875
2 0.85 0.482421875 0.01875 0.12109375
2 0.8473958333333333 0.37109375 0.013541666666666667 0.0859375
2 0.8895833333333333 0.337890625 0.014583333333333334 0.06640625
2 0.9322916666666666 0.3203125 0.0125 0.0625
1 0.1875 0.326171875 0.0125 0.07421875
1 0.25104166666666666 0.287109375 0.008333333333333333 0.05859375
