1 0.26927083333333335 0.412109375 0.028125 0.14453125
1 0.37916666666666665 0.318359375 0.020833333333333332 0.09765625
1 0.4578125 0.279296875 0.017708333333333333 0.07421875
1 0.5088541666666667 0.2734375 0.011458333333333333 0.0625
1 0.5484375 0.26171875 0.011458333333333333 0.0625
2 0.7375 0.68359375 0.0375 0.234375
2 0.6510416666666666 0.4375 0.020833333333333332 0.125
2 0.6453125 0.31640625 0.013541666666666667 0.078125
2 0.6416666666666667 0.369140625 0.01875 0.08203125
2 0.6609375 0.29296875 0.011458333333333333 0.0703125
