1 0.2864583333333333 0.599609375 0.03125 0.16015625
1 0.4234375 0.4765625 0.019791666666666666 0.109375
1 0.4953125 0.41796875 0.017708333333333333 0.078125
1 0.553125 0.3828125 0.010416666666666666 0.0703125
1 0.5947916666666667 0.36328125 0.0125 0.0625
1 0.6401041666666667 0.3515625 0.009375 0.0546875
1 0.6854166666666667 0.33984375 0.0125 0.0546875
2 0.7984375 0.69140625 0.046875 0.203125
2 0.7364583333333333 0.50390625 0.025 0.1171875
2 0.7166666666666667 0.4296875 0.016666666666666666 0.09375
2 0.7286458333333333 0.390625 0.013541666666666667 0.0703125
