1 0.1625 0.765625 0.05 0.234375
1 0.3338541666666667 0.498046875 0.023958333333333335 0.12109375
1 0.4036458333333333 0.3984375 0.015625 0.078125
1 0.43072916666666666 0.3515625 0.009375 0.0546875
1 0.475 0.328125 0.008333333333333333 0.046875
1 0.5265625 0.306640625 0.007291666666666667 0.03515625
1 0.5958333333333333 0.29296875 0.00625 0.03125
2 0.6848958333333334 0.31640625 0.007291666666666667 0.0390625
2 0.6463541666666667 0.322265625 0.009375 0.04296875
2 0.6005208333333333 0.34375 0.011458333333333333 0.0546875
2 0.6192708333333333 0.328125 0.009375 0.046875
2 0.6390625 0.39453125 0.015625 0.0703125
2 0.7041666666666667 0.470703125 0.020833333333333332 0.09765625
2 0.9140625 0.720703125 0.040625 0.19921875
