2 0.06666666666666667 0.248046875 0.00625 0.03515625
1 0.07552083333333333 0.25390625 0.007291666666666667 0.0390625
1 0.19895833333333332 0.248046875 0.00625 0.03515625
2 0.2109375 0.244140625 0.005208333333333333 0.02734375
1 0.28854166666666664 0.25 0.00625 0.0390625
1 0.31354166666666666 0.3671875 0.014583333333333334 0.078125
2 0.3177083333333333 0.244140625 0.00625 0.02734375
2 0.35208333333333336 0.2578125 0.00625 0.03125
1 0.35208333333333336 0.255859375 0.00625 0.03515625
2 0.39375 0.25 0.00625 0.03125
1 0.4088541666666667 0.265625 0.005208333333333333 0.0390625
1 0.4270833333333333 0.326171875 0.010416666666666666 0.06640625
2 0.44583333333333336 0.28125 0.00625 0.0390625
1 0.45625 0.3046875 0.008333333333333333 0.046875
3 0.4546875 0.28515625 0.011458333333333333 0.0859375
1 0.4453125 0.283203125 0.007291666666666667 0.04296875
3 0.4484375 0.298828125 0.011458333333333333 0.08984375
0 0.35572916666666665 0.62109375 0.036458333333333336 0.171875
2 0.3848958333333333 0.439453125 0.021875 0.10546875
2 0.43020833333333336 0.419921875 0.020833333333333332 0.09765625
2 0.46875 0.26171875 0.00625 0.03125
2 0.47760416666666666 0.265625 0.005208333333333333 0.03125
0 0.48020833333333335 0.255859375 0.004166666666666667 0.02734375
0 0.5026041666666666 0.240234375 0.005208333333333333 0.02734375
0 0.51875 0.23828125 0.004166666666666667 0.0234375
0 0.5338541666666666 0.2421875 0.005208333333333333 0.0234375
0 0.5380208333333333 0.248046875 0.005208333333333333 0.02734375
1 0.5432291666666667 0.265625 0.005208333333333333 0.03125
1 0.5546875 0.263671875 0.007291666666666667 0.03515625
3 0.5697916666666667 0.28515625 0.010416666666666666 0.0703125
2 0.5755208333333334 0.3125 0.007291666666666667 0.0390625
2 0.5802083333333333 0.291015625 0.00625 0.04296875
3 0.5921875 0.306640625 0.013541666666666667 0.08984375
2 0.6140625 0.345703125 0.011458333333333333 0.05859375
1 0.6072916666666667 0.42578125 0.01875 0.09375
1 0.6416666666666667 0.4453125 0.022916666666666665 0.1015625
0 0.6875 0.640625 0.0375 0.1796875
2 0.7890625 0.404296875 0.019791666666666666 0.08984375
2 0.6197916666666666 0.27734375 0.00625 0.03125
1 0.6364583333333333 0.259765625 0.00625 0.02734375
2 0.68125 0.2734375 0.00625 0.03125
1 0.7229166666666667 0.26171875 0.00625 0.03125
2 0.7541666666666667 0.2734375 0.00625 0.03125
1 0.8114583333333333 0.267578125 0.00625 0.02734375
2 0.8213541666666667 0.279296875 0.005208333333333333 0.02734375
2 0.9234375 0.291015625 0.007291666666666667 0.03515625
1 0.9427083333333334 0.28125 0.00625 0.03125
