1 0.22239583333333332 0.298828125 0.005208333333333333 0.04296875
1 0.23958333333333334 0.314453125 0.008333333333333333 0.05078125
1 0.271875 0.341796875 0.010416666666666666 0.05859375
1 0.31302083333333336 0.37890625 0.011458333333333333 0.0703125
1 0.37552083333333336 0.423828125 0.013541666666666667 0.08203125
1 0.3958333333333333 0.470703125 0.016666666666666666 0.10546875
1 0.3848958333333333 0.544921875 0.021875 0.13671875
1 0.26666666666666666 0.814453125 0.04583333333333333 0.26171875
2 0.346875 0.326171875 0.00625 0.03515625
2 0.38333333333333336 0.34765625 0.008333333333333333 0.046875
2 0.4635416666666667 0.3828125 0.008333333333333333 0.0625
2 0.5635416666666667 0.431640625 0.0125 0.07421875
2 0.6583333333333333 0.49609375 0.016666666666666666 0.1015625
2 0.7432291666666667 0.60546875 0.023958333333333335 0.1328125
