0 0.09088541666666666 0.7555555555555555 0.04635416666666667 0.10925925925925926
2 0.20052083333333334 0.6638888888888889 0.03125 0.07777777777777778
3 0.31875 0.5689814814814815 0.022916666666666665 0.0787037037037037
2 0.34010416666666665 0.5768518518518518 0.017708333333333333 0.046296296296296294
1 0.3815104166666667 0.5509259259259259 0.0140625 0.037037037037037035
0 0.396875 0.5634259259259259 0.017708333333333333 0.04351851851851852
0 0.41302083333333334 0.6092592592592593 0.021875 0.05740740740740741
3 0.5481770833333334 0.5398148148148149 0.018229166666666668 0.05925925925925926
3 0.6216145833333333 0.5930555555555556 0.030729166666666665 0.09166666666666666
3 0.68984375 0.7101851851851851 0.049479166666666664 0.1648148148148148
