1 0.0890625 0.2421875 0.011458333333333333 0.0546875
2 0.12552083333333333 0.22265625 0.009375 0.0390625
1 0.20364583333333333 0.240234375 0.009375 0.04296875
2 0.2546875 0.224609375 0.009375 0.04296875
1 0.2953125 0.25 0.009375 0.046875
1 0.30572916666666666 0.439453125 0.023958333333333335 0.12109375
1 0.36041666666666666 0.26953125 0.010416666666666666 0.0546875
2 0.3697916666666667 0.236328125 0.008333333333333333 0.04296875
3 0.375 0.357421875 0.022916666666666665 0.15234375
1 0.4041666666666667 0.298828125 0.0125 0.06640625
1 0.40677083333333336 0.349609375 0.015625 0.07421875
3 0.4125 0.294921875 0.016666666666666666 0.10546875
2 0.4588541666666667 0.255859375 0.009375 0.05078125
2 0.465625 0.240234375 0.008333333333333333 0.04296875
0 0.4661458333333333 0.23828125 0.009375 0.0390625
0 0.4765625 0.22265625 0.007291666666666667 0.0390625
0 0.4822916666666667 0.212890625 0.00625 0.03515625
0 0.4895833333333333 0.203125 0.00625 0.03125
0 0.55625 0.244140625 0.008333333333333333 0.04296875
1 0.5614583333333333 0.26171875 0.008333333333333333 0.046875
3 0.6067708333333334 0.3125 0.019791666666666666 0.109375
2 0.6078125 0.357421875 0.015625 0.08203125
3 0.6359375 0.373046875 0.026041666666666668 0.15234375
1 0.65 0.244140625 0.008333333333333333 0.04296875
2 0.653125 0.28515625 0.010416666666666666 0.0546875
2 0.7125 0.462890625 0.025 0.12109375
2 0.721875 0.2734375 0.010416666666666666 0.046875
1 0.7546875 0.2421875 0.007291666666666667 0.0390625
2 0.8052083333333333 0.271484375 0.010416666666666666 0.05078125
1 0.8786458333333333 0.248046875 0.007291666666666667 0.04296875
2 0.909375 0.283203125 0.010416666666666666 0.05078125
