1 0.23697916666666666 0.556640625 0.03229166666666667 0.15234375
1 0.3828125 0.359375 0.015625 0.078125
1 0.42864583333333334 0.298828125 0.009375 0.05078125
1 0.4510416666666667 0.271484375 0.008333333333333333 0.04296875
1 0.4640625 0.25390625 0.007291666666666667 0.0390625
1 0.4713541666666667 0.2421875 0.005208333333333333 0.03125
2 0.5432291666666667 0.240234375 0.005208333333333333 0.02734375
2 0.5494791666666666 0.248046875 0.007291666666666667 0.03515625
2 0.5583333333333333 0.26953125 0.008333333333333333 0.046875
2 0.5760416666666667 0.30078125 0.010416666666666666 0.0546875
2 0.6083333333333333 0.361328125 0.014583333333333334 0.08203125
2 0.7453125 0.5703125 0.036458333333333336 0.1640625
1 0.4765625 0.232421875 0.005208333333333333 0.02734375
