1 0.1453125 0.806640625 0.051041666666666666 0.24609375
1 0.390625 0.46875 0.020833333333333332 0.1171875
1 0.4671875 0.392578125 0.015625 0.09765625
1 0.5333333333333333 0.345703125 0.0125 0.06640625
1 0.5854166666666667 0.322265625 0.008333333333333333 0.05859375
1 0.6291666666666667 0.306640625 0.010416666666666666 0.05078125
2 0.8552083333333333 0.8125 0.06041666666666667 0.296875
2 0.7244791666666667 0.490234375 0.026041666666666668 0.12109375
2 0.6958333333333333 0.408203125 0.014583333333333334 0.09765625
2 0.6895833333333333 0.365234375 0.016666666666666666 0.06640625
2 0.715625 0.33984375 0.010416666666666666 0.0625
2 0.7421875 0.326171875 0.009375 0.05078125
2 0.8885416666666667 0.36328125 0.014583333333333334 0.0625
2 0.9026041666666667 0.337890625 0.011458333333333333 0.05078125
