2 0.058854166666666666 0.83203125 0.06770833333333333 0.2734375
1 0.0828125 0.61328125 0.040625 0.171875
1 0.014583333333333334 0.4453125 0.027083333333333334 0.109375
2 0.11666666666666667 0.275390625 0.0125 0.06640625
2 0.2328125 0.3203125 0.015625 0.0703125
2 0.3567708333333333 0.388671875 0.015625 0.07421875
2 0.4317708333333333 0.259765625 0.007291666666666667 0.03515625
2 0.46041666666666664 0.283203125 0.008333333333333333 0.04296875
2 0.49114583333333334 0.462890625 0.019791666666666666 0.09765625
1 0.5119791666666667 0.271484375 0.005208333333333333 0.02734375
2 0.5072916666666667 0.298828125 0.008333333333333333 0.03515625
2 0.55 0.30078125 0.008333333333333333 0.0390625
2 0.6041666666666666 0.3125 0.008333333333333333 0.046875
1 0.5880208333333333 0.2890625 0.007291666666666667 0.03125
2 0.6520833333333333 0.328125 0.010416666666666666 0.046875
1 0.6651041666666667 0.3046875 0.007291666666666667 0.0390625
2 0.7026041666666667 0.34375 0.011458333333333333 0.0546875
1 0.7401041666666667 0.322265625 0.009375 0.04296875
2 0.7505208333333333 0.65625 0.03854166666666667 0.1796875
2 0.7848958333333333 0.3828125 0.015625 0.0625
1 0.8229166666666666 0.34765625 0.010416666666666666 0.0546875
1 0.921875 0.388671875 0.014583333333333334 0.05859375
2 0.9229166666666667 0.447265625 0.01875 0.08984375
