0 0.04791666666666667 0.8009259259259259 0.030208333333333334 0.09259259259259259
3 0.15911458333333334 0.7356481481481482 0.0328125 0.125
0 0.3078125 0.7199074074074074 0.021875 0.062037037037037036
3 0.24479166666666666 0.6777777777777778 0.027083333333333334 0.09444444444444444
1 0.5716145833333334 0.8875 0.049479166666666664 0.13425925925925927
0 0.6088541666666667 0.7717592592592593 0.03333333333333333 0.0824074074074074
3 0.5770833333333333 0.7074074074074074 0.03333333333333333 0.11666666666666667
2 0.5348958333333333 0.6944444444444444 0.019791666666666666 0.05740740740740741
3 0.37473958333333335 0.6546296296296297 0.021354166666666667 0.07962962962962963
3 0.55625 0.6527777777777778 0.021875 0.07777777777777778
