1 0.005729166666666666 0.40625 0.011458333333333333 0.1015625
1 0.009375 0.2890625 0.010416666666666666 0.0546875
2 0.028645833333333332 0.31640625 0.015625 0.078125
1 0.06666666666666667 0.232421875 0.00625 0.03515625
1 0.10885416666666667 0.2421875 0.007291666666666667 0.0390625
1 0.10208333333333333 0.263671875 0.008333333333333333 0.04296875
1 0.0921875 0.787109375 0.057291666666666664 0.25390625
1 0.10625 0.48828125 0.03125 0.1328125
0 0.11822916666666666 0.28125 0.011458333333333333 0.046875
0 0.13958333333333334 0.302734375 0.014583333333333334 0.05859375
0 0.2109375 0.2734375 0.009375 0.046875
2 0.221875 0.33984375 0.016666666666666666 0.078125
0 0.23854166666666668 0.29296875 0.010416666666666666 0.0546875
2 0.39166666666666666 0.400390625 0.016666666666666666 0.08984375
3 0.53125 0.2734375 0.010416666666666666 0.078125
2 0.625 0.59765625 0.029166666666666667 0.1796875
