1 0.15 0.6796875 0.04583333333333333 0.203125
1 0.3671875 0.3828125 0.019791666666666666 0.0859375
1 0.42239583333333336 0.310546875 0.013541666666666667 0.05859375
1 0.4479166666666667 0.275390625 0.008333333333333333 0.04296875
1 0.46197916666666666 0.255859375 0.007291666666666667 0.03515625
1 0.4708333333333333 0.2421875 0.00625 0.03125
1 0.4765625 0.232421875 0.005208333333333333 0.02734375
2 0.5401041666666667 0.23046875 0.005208333333333333 0.03125
2 0.5447916666666667 0.23828125 0.00625 0.03125
2 0.5520833333333334 0.251953125 0.008333333333333333 0.04296875
2 0.5619791666666667 0.2734375 0.009375 0.046875
2 0.5822916666666667 0.310546875 0.010416666666666666 0.05859375
2 0.621875 0.3828125 0.01875 0.0859375
2 0.8260416666666667 0.703125 0.04791666666666667 0.21875
