1 0.0953125 0.349609375 0.011458333333333333 0.06640625
2 0.16614583333333333 0.2890625 0.007291666666666667 0.0390625
2 0.19739583333333333 0.298828125 0.007291666666666667 0.04296875
2 0.25104166666666666 0.3046875 0.008333333333333333 0.046875
2 0.2911458333333333 0.3046875 0.007291666666666667 0.046875
2 0.3390625 0.294921875 0.007291666666666667 0.04296875
1 0.21770833333333334 0.62109375 0.0375 0.1640625
1 0.3182291666666667 0.35546875 0.013541666666666667 0.0703125
2 0.4109375 0.2734375 0.007291666666666667 0.0390625
1 0.45416666666666666 0.443359375 0.01875 0.09765625
1 0.4609375 0.322265625 0.009375 0.05078125
1 0.5265625 0.294921875 0.007291666666666667 0.05078125
1 0.5807291666666666 0.3828125 0.013541666666666667 0.078125
1 0.5567708333333333 0.271484375 0.007291666666666667 0.04296875
1 0.6973958333333333 0.333984375 0.011458333333333333 0.05859375
1 0.5744791666666667 0.26171875 0.005208333333333333 0.03125
1 0.5859375 0.2578125 0.005208333333333333 0.03125
1 0.8276041666666667 0.302734375 0.009375 0.05078125
1 0.9307291666666667 0.3046875 0.009375 0.046875
