1 0.3697916666666667 0.521484375 0.025 0.12890625
1 0.48125 0.38671875 0.0125 0.0703125
1 0.5151041666666667 0.3515625 0.009375 0.0546875
1 0.5385416666666667 0.328125 0.00625 0.0390625
1 0.5526041666666667 0.318359375 0.005208333333333333 0.03515625
1 0.5020833333333333 0.3046875 0.00625 0.03125
2 0.640625 0.31640625 0.00625 0.03125
2 0.6463541666666667 0.330078125 0.007291666666666667 0.04296875
2 0.6552083333333333 0.34765625 0.010416666666666666 0.0546875
2 0.678125 0.39453125 0.014583333333333334 0.0703125
2 0.759375 0.53515625 0.025 0.125
