1 0.058333333333333334 0.671875 0.0625 0.2109375
1 0.08333333333333333 0.486328125 0.029166666666666667 0.13671875
1 0.11145833333333334 0.431640625 0.022916666666666665 0.09765625
1 0.1546875 0.392578125 0.017708333333333333 0.07421875
1 0.21510416666666668 0.35546875 0.013541666666666667 0.046875
1 0.3296875 0.333984375 0.011458333333333333 0.04296875
2 0.47760416666666666 0.427734375 0.021875 0.08984375
2 0.6 0.515625 0.035416666666666666 0.1484375
2 0.42083333333333334 0.37890625 0.010416666666666666 0.0625
2 0.4270833333333333 0.396484375 0.014583333333333334 0.05859375
