2 0.8385416666666666 0.6953125 0.04375 0.2109375
2 0.5817708333333333 0.447265625 0.023958333333333335 0.08984375
2 0.4552083333333333 0.42578125 0.016666666666666666 0.09375
2 0.35 0.40234375 0.01875 0.09375
2 0.3145833333333333 0.33203125 0.014583333333333334 0.078125
2 0.4546875 0.421875 0.019791666666666666 0.09375
2 0.30885416666666665 0.287109375 0.009375 0.05859375
2 0.3265625 0.248046875 0.009375 0.05078125
1 0.01875 0.341796875 0.020833333333333332 0.10546875
1 0.078125 0.271484375 0.014583333333333334 0.08203125
1 0.14479166666666668 0.244140625 0.0125 0.06640625
1 0.1890625 0.236328125 0.011458333333333333 0.06640625
1 0.225 0.228515625 0.010416666666666666 0.05859375
1 0.26666666666666666 0.228515625 0.008333333333333333 0.04296875
2 0.8671875 0.35546875 0.013541666666666667 0.0546875
2 0.715625 0.33203125 0.0125 0.0546875
1 0.6697916666666667 0.302734375 0.010416666666666666 0.04296875
1 0.7411458333333333 0.3125 0.011458333333333333 0.046875
1 0.8223958333333333 0.3203125 0.007291666666666667 0.046875
1 0.8848958333333333 0.326171875 0.007291666666666667 0.04296875
