1 0.29739583333333336 0.693359375 0.040625 0.19140625
1 0.4869791666666667 0.427734375 0.017708333333333333 0.08984375
1 0.5598958333333334 0.35546875 0.009375 0.0546875
1 0.5880208333333333 0.333984375 0.007291666666666667 0.04296875
1 0.609375 0.318359375 0.00625 0.03515625
1 0.6229166666666667 0.3125 0.00625 0.03125
2 0.7088541666666667 0.31640625 0.007291666666666667 0.0390625
2 0.7125 0.333984375 0.008333333333333333 0.04296875
2 0.7244791666666667 0.3671875 0.011458333333333333 0.0625
2 0.765625 0.4453125 0.01875 0.09375
