1 0.27447916666666666 0.56640625 0.026041666666666668 0.1484375
1 0.36302083333333335 0.423828125 0.013541666666666667 0.08984375
1 0.4010416666666667 0.359375 0.010416666666666666 0.0625
1 0.43125 0.3203125 0.008333333333333333 0.046875
1 0.45 0.298828125 0.00625 0.04296875
2 0.5697916666666667 0.291015625 0.00625 0.03515625
2 0.5796875 0.310546875 0.007291666666666667 0.04296875
2 0.59375 0.33203125 0.008333333333333333 0.046875
2 0.6203125 0.365234375 0.011458333333333333 0.06640625
2 0.6713541666666667 0.431640625 0.017708333333333333 0.08984375
2 0.7890625 0.57421875 0.030208333333333334 0.140625
2 0.8041666666666667 0.294921875 0.00625 0.03515625
2 0.9427083333333334 0.30859375 0.008333333333333333 0.046875
1 0.9895833333333334 0.291015625 0.008333333333333333 0.04296875
1 0.846875 0.27734375 0.00625 0.03125
2 0.7036458333333333 0.287109375 0.005208333333333333 0.03515625
