1 0.18125 0.658203125 0.03958333333333333 0.19140625
1 0.36614583333333334 0.46875 0.019791666666666666 0.1015625
1 0.4859375 0.38671875 0.013541666666666667 0.078125
1 0.6130208333333333 0.353515625 0.009375 0.05859375
1 0.6984375 0.328125 0.009375 0.046875
2 0.7484375 0.439453125 0.015625 0.08984375
2 0.7567708333333333 0.5390625 0.026041666666666668 0.1328125
2 0.8947916666666667 0.857421875 0.035416666666666666 0.20703125
2 0.784375 0.390625 0.0125 0.0703125
2 0.8364583333333333 0.357421875 0.010416666666666666 0.05078125
