1 0.16770833333333332 0.888671875 0.04375 0.21484375
1 0.225 0.478515625 0.029166666666666667 0.13671875
1 0.36666666666666664 0.580078125 0.035416666666666666 0.16796875
1 0.3229166666666667 0.30859375 0.0125 0.0703125
1 0.36302083333333335 0.283203125 0.011458333333333333 0.05859375
1 0.4161458333333333 0.26953125 0.009375 0.046875
1 0.5286458333333334 0.2578125 0.007291666666666667 0.0390625
2 0.790625 0.501953125 0.03125 0.14453125
2 0.5583333333333333 0.3125 0.014583333333333334 0.078125
2 0.56875 0.384765625 0.01875 0.09765625
2 0.5885416666666666 0.28515625 0.010416666666666666 0.0625
1 0.5682291666666667 0.255859375 0.007291666666666667 0.03515625
2 0.6213541666666667 0.275390625 0.009375 0.04296875
1 0.6260416666666667 0.248046875 0.00625 0.03515625
2 0.6385416666666667 0.2734375 0.008333333333333333 0.046875
1 0.6510416666666666 0.24609375 0.00625 0.03125
2 0.6953125 0.26953125 0.009375 0.046875
1 0.7828125 0.25390625 0.007291666666666667 0.0390625
2 0.8151041666666666 0.279296875 0.009375 0.05078125
1 0.8921875 0.2578125 0.007291666666666667 0.0390625
2 0.9598958333333333 0.2890625 0.009375 0.046875
1 0.4661458333333333 0.26171875 0.007291666666666667 0.046875
