1 0.050520833333333334 0.404296875 0.021875 0.10546875
2 0.0671875 0.318359375 0.013541666666666667 0.06640625
1 0.16822916666666668 0.4921875 0.030208333333333334 0.1328125
1 0.17552083333333332 0.767578125 0.053125 0.25390625
2 0.25625 0.3359375 0.016666666666666666 0.078125
2 0.44375 0.404296875 0.020833333333333332 0.09765625
2 0.6770833333333334 0.607421875 0.03958333333333333 0.17578125
0 0.7338541666666667 0.2890625 0.011458333333333333 0.0625
0 0.7286458333333333 0.3046875 0.011458333333333333 0.0625
0 0.7223958333333333 0.333984375 0.013541666666666667 0.06640625
0 0.715625 0.359375 0.014583333333333334 0.078125
0 0.7088541666666667 0.390625 0.017708333333333333 0.0859375
0 0.7005208333333334 0.458984375 0.021875 0.11328125
0 0.790625 0.294921875 0.014583333333333334 0.05859375
0 0.8489583333333334 0.30078125 0.014583333333333334 0.0625
0 0.9197916666666667 0.310546875 0.014583333333333334 0.06640625
0 0.9369791666666667 0.3359375 0.017708333333333333 0.0703125
0 0.9598958333333333 0.369140625 0.015625 0.08203125
