1 0.01875 0.34765625 0.0125 0.0546875
1 0.10729166666666666 0.3359375 0.010416666666666666 0.0546875
1 0.1140625 0.6484375 0.042708333333333334 0.1875
1 0.20104166666666667 0.33203125 0.008333333333333333 0.046875
1 0.28958333333333336 0.322265625 0.008333333333333333 0.04296875
1 0.3328125 0.314453125 0.007291666666666667 0.03515625
1 0.38385416666666666 0.314453125 0.007291666666666667 0.03515625
1 0.4359375 0.43359375 0.019791666666666666 0.1015625
1 0.5541666666666667 0.40234375 0.0125 0.078125
1 0.625 0.390625 0.0125 0.0625
1 0.653125 0.375 0.010416666666666666 0.0546875
1 0.6354166666666666 0.35546875 0.008333333333333333 0.046875
1 0.6057291666666667 0.3359375 0.009375 0.046875
2 0.8072916666666666 0.541015625 0.027083333333333334 0.13671875
2 0.8130208333333333 0.453125 0.019791666666666666 0.078125
2 0.828125 0.419921875 0.014583333333333334 0.06640625
2 0.7890625 0.369140625 0.011458333333333333 0.05078125
