0 0.2947916666666667 0.609375 0.0375 0.1875
0 0.6838541666666667 0.607421875 0.034375 0.16796875
2 0.3255208333333333 0.46875 0.028125 0.1328125
1 0.18697916666666667 0.38671875 0.019791666666666666 0.0859375
1 0.3375 0.333984375 0.0125 0.07421875
3 0.3692708333333333 0.302734375 0.017708333333333333 0.08984375
3 0.5302083333333333 0.30078125 0.01875 0.09375
1 0.6020833333333333 0.46484375 0.020833333333333332 0.109375
2 0.5666666666666667 0.337890625 0.016666666666666666 0.06640625
2 0.7015625 0.392578125 0.019791666666666666 0.08984375
2 0.9208333333333333 0.435546875 0.027083333333333334 0.10546875
