2 0.013541666666666667 0.2734375 0.0125 0.0546875
2 0.059375 0.22265625 0.008333333333333333 0.0390625
2 0.09479166666666666 0.259765625 0.008333333333333333 0.04296875
1 0.06614583333333333 0.427734375 0.026041666666666668 0.10546875
2 0.10416666666666667 0.232421875 0.008333333333333333 0.03515625
2 0.11979166666666667 0.244140625 0.008333333333333333 0.03515625
1 0.125 0.287109375 0.010416666666666666 0.05078125
2 0.13177083333333334 0.314453125 0.015625 0.06640625
1 0.1375 0.55859375 0.0375 0.1640625
1 0.19166666666666668 0.2265625 0.00625 0.03125
1 0.21354166666666666 0.259765625 0.008333333333333333 0.04296875
1 0.22395833333333334 0.236328125 0.00625 0.03515625
0 0.2234375 0.28125 0.009375 0.046875
0 0.23645833333333333 0.30078125 0.010416666666666666 0.0625
2 0.3067708333333333 0.34765625 0.015625 0.078125
0 0.3109375 0.26953125 0.009375 0.046875
0 0.3338541666666667 0.29296875 0.011458333333333333 0.0546875
2 0.48541666666666666 0.44921875 0.022916666666666665 0.1171875
3 0.6494791666666667 0.29296875 0.013541666666666667 0.09375
2 0.8802083333333334 0.884765625 0.05625 0.22265625
