2 0.008854166666666666 0.314453125 0.015625 0.08203125
1 0.034895833333333334 0.5234375 0.034375 0.15625
2 0.215625 0.34375 0.016666666666666666 0.078125
2 0.375 0.419921875 0.022916666666666665 0.10546875
0 0.4119791666666667 0.357421875 0.015625 0.07421875
0 0.43020833333333336 0.31640625 0.0125 0.0625
0 0.4390625 0.298828125 0.011458333333333333 0.05859375
0 0.45 0.28125 0.010416666666666666 0.0546875
0 0.4609375 0.26171875 0.009375 0.046875
0 0.46770833333333334 0.255859375 0.008333333333333333 0.04296875
0 0.5072916666666667 0.2578125 0.008333333333333333 0.046875
0 0.5447916666666667 0.2578125 0.008333333333333333 0.046875
0 0.5890625 0.271484375 0.009375 0.05078125
0 0.5916666666666667 0.291015625 0.010416666666666666 0.05078125
0 0.5984375 0.330078125 0.011458333333333333 0.05859375
0 0.6067708333333334 0.380859375 0.015625 0.08203125
1 0.6145833333333334 0.423828125 0.016666666666666666 0.09765625
1 0.7791666666666667 0.3671875 0.014583333333333334 0.078125
2 0.9114583333333334 0.552734375 0.03125 0.15234375
1 0.9682291666666667 0.34765625 0.013541666666666667 0.0625
