0 0.19427083333333334 0.916015625 0.030208333333333334 0.16796875
0 0.3046875 0.58984375 0.036458333333333336 0.171875
0 0.6734375 0.5859375 0.034375 0.1640625
2 0.3307291666666667 0.45703125 0.023958333333333335 0.1171875
1 0.19427083333333334 0.380859375 0.021875 0.08984375
1 0.33958333333333335 0.333984375 0.014583333333333334 0.06640625
3 0.3703125 0.296875 0.019791666666666666 0.09375
3 0.5276041666666667 0.30078125 0.015625 0.09375
1 0.5973958333333333 0.45703125 0.021875 0.1015625
2 0.5635416666666667 0.337890625 0.014583333333333334 0.07421875
2 0.6953125 0.384765625 0.017708333333333333 0.08203125
2 0.90625 0.423828125 0.022916666666666665 0.09765625
