1 0.021875 0.28125 0.0125 0.0625
2 0.115625 0.25390625 0.010416666666666666 0.046875
1 0.140625 0.26953125 0.0125 0.0546875
2 0.21927083333333333 0.248046875 0.009375 0.04296875
1 0.23020833333333332 0.259765625 0.010416666666666666 0.05078125
1 0.325 0.2578125 0.010416666666666666 0.046875
2 0.34479166666666666 0.248046875 0.008333333333333333 0.04296875
1 0.4088541666666667 0.515625 0.028125 0.140625
1 0.43125 0.267578125 0.008333333333333333 0.04296875
2 0.46510416666666665 0.25390625 0.009375 0.046875
3 0.515625 0.44921875 0.03333333333333333 0.203125
1 0.5135416666666667 0.27734375 0.010416666666666666 0.0546875
2 0.5708333333333333 0.271484375 0.010416666666666666 0.04296875
1 0.5755208333333334 0.296875 0.009375 0.0546875
1 0.5802083333333333 0.443359375 0.022916666666666665 0.11328125
1 0.628125 0.322265625 0.0125 0.06640625
3 0.6307291666666667 0.37109375 0.023958333333333335 0.140625
1 0.64375 0.373046875 0.014583333333333334 0.08203125
2 0.65625 0.2890625 0.010416666666666666 0.046875
2 0.7494791666666667 0.330078125 0.013541666666666667 0.06640625
2 0.7609375 0.33984375 0.013541666666666667 0.0625
0 0.7901041666666667 0.318359375 0.013541666666666667 0.05859375
0 0.809375 0.302734375 0.010416666666666666 0.05078125
0 0.821875 0.294921875 0.010416666666666666 0.05078125
0 0.834375 0.287109375 0.008333333333333333 0.04296875
2 0.8916666666666667 0.556640625 0.029166666666666667 0.14453125
3 0.9020833333333333 0.650390625 0.052083333333333336 0.33203125
3 0.9057291666666667 0.46484375 0.034375 0.1875
0 0.86875 0.2890625 0.010416666666666666 0.046875
1 0.9046875 0.369140625 0.017708333333333333 0.06640625
0 0.9015625 0.29296875 0.009375 0.046875
0 0.921875 0.33984375 0.0125 0.0625
1 0.9432291666666667 0.36328125 0.015625 0.078125
0 0.9286458333333333 0.3203125 0.011458333333333333 0.0546875
0 0.9348958333333334 0.306640625 0.011458333333333333 0.05859375
