1 0.290625 0.62890625 0.03958333333333333 0.1953125
1 0.3807291666666667 0.404296875 0.019791666666666666 0.08984375
1 0.41041666666666665 0.33203125 0.0125 0.0625
1 0.42083333333333334 0.302734375 0.010416666666666666 0.05859375
1 0.428125 0.287109375 0.010416666666666666 0.04296875
1 0.43697916666666664 0.275390625 0.007291666666666667 0.03515625
2 0.5322916666666667 0.259765625 0.008333333333333333 0.03515625
2 0.5364583333333334 0.271484375 0.00625 0.03515625
2 0.5447916666666667 0.255859375 0.00625 0.02734375
2 0.5625 0.25390625 0.00625 0.03125
2 0.5494791666666666 0.28515625 0.009375 0.046875
2 0.5713541666666667 0.306640625 0.011458333333333333 0.05859375
2 0.5989583333333334 0.34375 0.014583333333333334 0.0625
2 0.659375 0.421875 0.020833333333333332 0.1015625
2 0.8171875 0.65625 0.042708333333333334 0.203125
2 0.5875 0.251953125 0.00625 0.03515625
2 0.6296875 0.251953125 0.007291666666666667 0.03515625
