1 0.24947916666666667 0.720703125 0.040625 0.19921875
1 0.384375 0.482421875 0.01875 0.08984375
1 0.475 0.39453125 0.0125 0.0703125
1 0.5526041666666667 0.3515625 0.009375 0.0546875
1 0.6473958333333333 0.326171875 0.007291666666666667 0.04296875
1 0.7338541666666667 0.32421875 0.007291666666666667 0.0390625
1 0.8317708333333333 0.322265625 0.007291666666666667 0.04296875
1 0.9322916666666666 0.32421875 0.008333333333333333 0.0390625
2 0.89375 0.365234375 0.010416666666666666 0.05859375
2 0.8005208333333333 0.373046875 0.013541666666666667 0.06640625
2 0.7505208333333333 0.390625 0.013541666666666667 0.0703125
2 0.7140625 0.408203125 0.015625 0.08203125
2 0.7005208333333334 0.4609375 0.019791666666666666 0.1015625
2 0.8932291666666666 0.716796875 0.042708333333333334 0.19921875
