0 0.37864583333333335 0.384765625 0.019791666666666666 0.09765625
0 0.43333333333333335 0.333984375 0.014583333333333334 0.06640625
1 0.4421875 0.5546875 0.028125 0.15625
2 0.49114583333333334 0.279296875 0.009375 0.05078125
0 0.4953125 0.390625 0.015625 0.0859375
2 0.5078125 0.30078125 0.011458333333333333 0.0546875
0 0.5104166666666666 0.33984375 0.0125 0.0625
1 0.5869791666666667 0.287109375 0.009375 0.05078125
1 0.615625 0.302734375 0.010416666666666666 0.04296875
2 0.6135416666666667 0.3515625 0.014583333333333334 0.0703125
1 0.6442708333333333 0.416015625 0.017708333333333333 0.08203125
1 0.6979166666666666 0.328125 0.0125 0.0546875
1 0.8427083333333333 0.349609375 0.014583333333333334 0.06640625
2 0.91875 0.759765625 0.03958333333333333 0.21484375
2 0.9234375 0.525390625 0.028125 0.12890625
3 0.9359375 0.3359375 0.019791666666666666 0.109375
2 0.90625 0.255859375 0.008333333333333333 0.04296875
