2 0.04114583333333333 0.27734375 0.011458333333333333 0.0546875
1 0.09583333333333334 0.419921875 0.020833333333333332 0.11328125
2 0.11927083333333334 0.265625 0.009375 0.046875
2 0.128125 0.2421875 0.008333333333333333 0.0390625
2 0.1421875 0.25 0.007291666666666667 0.0390625
1 0.1484375 0.2890625 0.009375 0.0546875
2 0.1546875 0.3203125 0.013541666666666667 0.0625
1 0.15104166666666666 0.228515625 0.00625 0.03515625
1 0.16510416666666666 0.537109375 0.034375 0.15234375
1 0.21197916666666666 0.236328125 0.007291666666666667 0.03515625
1 0.23333333333333334 0.265625 0.008333333333333333 0.046875
1 0.2421875 0.25 0.007291666666666667 0.0390625
0 0.24791666666666667 0.2890625 0.010416666666666666 0.046875
0 0.2671875 0.31640625 0.011458333333333333 0.0625
0 0.31875 0.287109375 0.010416666666666666 0.05078125
2 0.3229166666666667 0.357421875 0.014583333333333334 0.08203125
0 0.3453125 0.310546875 0.011458333333333333 0.05859375
2 0.49322916666666666 0.453125 0.021875 0.1171875
0 0.6161458333333333 0.34375 0.013541666666666667 0.0703125
2 0.8354166666666667 0.875 0.05416666666666667 0.25
