2 0.07291666666666667 0.353515625 0.020833333333333332 0.08203125
2 0.06145833333333333 0.275390625 0.010416666666666666 0.04296875
1 0.1 0.263671875 0.010416666666666666 0.03515625
2 0.12708333333333333 0.279296875 0.010416666666666666 0.04296875
2 0.17447916666666666 0.283203125 0.009375 0.04296875
2 0.17447916666666666 0.283203125 0.009375 0.04296875
1 0.18333333333333332 0.265625 0.008333333333333333 0.03125
2 0.2171875 0.2890625 0.011458333333333333 0.046875
2 0.23958333333333334 0.3671875 0.01875 0.078125
1 0.246875 0.271484375 0.008333333333333333 0.02734375
2 0.271875 0.296875 0.0125 0.046875
1 0.3026041666666667 0.27734375 0.009375 0.03125
2 0.33697916666666666 0.3125 0.011458333333333333 0.046875
1 0.35260416666666666 0.291015625 0.007291666666666667 0.03515625
2 0.390625 0.412109375 0.022916666666666665 0.08984375
1 0.4119791666666667 0.30859375 0.007291666666666667 0.0390625
2 0.4234375 0.337890625 0.011458333333333333 0.05859375
2 0.5104166666666666 0.37109375 0.014583333333333334 0.0625
2 0.5791666666666667 0.513671875 0.03125 0.12890625
2 0.6494791666666667 0.423828125 0.019791666666666666 0.07421875
1 0.7885416666666667 0.4296875 0.014583333333333334 0.0625
2 0.8036458333333333 0.501953125 0.026041666666666668 0.09765625
