0 0.11145833333333334 0.4140625 0.029166666666666667 0.109375
1 0.22083333333333333 0.873046875 0.0625 0.25390625
0 0.2078125 0.353515625 0.019791666666666666 0.08984375
0 0.3802083333333333 0.4140625 0.022916666666666665 0.1015625
0 0.4036458333333333 0.35546875 0.017708333333333333 0.0859375
2 0.40729166666666666 0.267578125 0.010416666666666666 0.05078125
2 0.425 0.298828125 0.0125 0.06640625
2 0.4375 0.25390625 0.010416666666666666 0.046875
2 0.490625 0.24609375 0.008333333333333333 0.0390625
1 0.5026041666666666 0.275390625 0.009375 0.05078125
1 0.5145833333333333 0.263671875 0.010416666666666666 0.03515625
1 0.5291666666666667 0.294921875 0.0125 0.05859375
1 0.5473958333333333 0.25390625 0.009375 0.046875
2 0.5541666666666667 0.353515625 0.016666666666666666 0.08203125
2 0.5583333333333333 0.2421875 0.008333333333333333 0.046875
2 0.5927083333333333 0.359375 0.01875 0.0859375
1 0.5947916666666667 0.25390625 0.008333333333333333 0.0390625
1 0.6088541666666667 0.431640625 0.021875 0.11328125
1 0.6375 0.419921875 0.020833333333333332 0.09765625
1 0.653125 0.330078125 0.014583333333333334 0.06640625
2 0.8848958333333333 0.580078125 0.036458333333333336 0.16796875
1 0.8125 0.353515625 0.016666666666666666 0.07421875
3 0.88125 0.34375 0.020833333333333332 0.109375
1 0.9401041666666666 0.359375 0.017708333333333333 0.0703125
1 0.9583333333333334 0.29296875 0.010416666666666666 0.046875
2 0.915625 0.2734375 0.008333333333333333 0.046875
2 0.5583333333333333 0.2421875 0.008333333333333333 0.0390625
1 0.5958333333333333 0.251953125 0.008333333333333333 0.04296875
