1 0.04895833333333333 0.29296875 0.0125 0.0625
2 0.090625 0.26171875 0.010416666666666666 0.046875
1 0.15208333333333332 0.2734375 0.0125 0.0546875
1 0.19166666666666668 0.48046875 0.027083333333333334 0.125
2 0.2203125 0.251953125 0.009375 0.04296875
1 0.2421875 0.263671875 0.007291666666666667 0.04296875
2 0.30625 0.25 0.008333333333333333 0.046875
1 0.3177083333333333 0.263671875 0.008333333333333333 0.04296875
1 0.4 0.259765625 0.008333333333333333 0.04296875
2 0.4171875 0.251953125 0.009375 0.04296875
1 0.4859375 0.455078125 0.021875 0.11328125
1 0.49635416666666665 0.271484375 0.007291666666666667 0.04296875
2 0.5291666666666667 0.259765625 0.008333333333333333 0.04296875
1 0.5734375 0.28125 0.007291666666666667 0.046875
3 0.5734375 0.41015625 0.028125 0.1640625
2 0.6291666666666667 0.275390625 0.008333333333333333 0.04296875
1 0.6322916666666667 0.296875 0.008333333333333333 0.046875
1 0.6296875 0.416015625 0.017708333333333333 0.09765625
3 0.678125 0.361328125 0.01875 0.12890625
1 0.6932291666666667 0.365234375 0.013541666666666667 0.07421875
2 0.7135416666666666 0.294921875 0.010416666666666666 0.05078125
2 0.803125 0.333984375 0.010416666666666666 0.05078125
2 0.8135416666666667 0.341796875 0.0125 0.05859375
3 0.878125 0.568359375 0.04583333333333333 0.26953125
2 0.9015625 0.517578125 0.026041666666666668 0.12890625
2 0.8760416666666667 0.76171875 0.05 0.234375
3 0.9265625 0.443359375 0.034375 0.17578125
0 0.8463541666666666 0.322265625 0.009375 0.05078125
0 0.8703125 0.310546875 0.009375 0.04296875
0 0.8859375 0.302734375 0.009375 0.04296875
0 0.9010416666666666 0.29296875 0.008333333333333333 0.0390625
0 0.9385416666666667 0.298828125 0.008333333333333333 0.04296875
1 0.9572916666666667 0.369140625 0.014583333333333334 0.06640625
0 0.975 0.302734375 0.010416666666666666 0.04296875
1 0.984375 0.345703125 0.0125 0.05859375
