1 0.07239583333333334 0.84375 0.057291666666666664 0.2578125
1 0.011458333333333333 0.44140625 0.022916666666666665 0.1171875
2 0.03333333333333333 0.349609375 0.014583333333333334 0.06640625
0 0.03177083333333333 0.2734375 0.009375 0.0390625
0 0.0359375 0.287109375 0.007291666666666667 0.04296875
0 0.04375 0.298828125 0.008333333333333333 0.05078125
0 0.052083333333333336 0.318359375 0.0125 0.05859375
2 0.06302083333333333 0.3515625 0.013541666666666667 0.0703125
3 0.05625 0.427734375 0.0375 0.21484375
1 0.1 0.548828125 0.03333333333333333 0.15234375
3 0.11979166666666667 0.591796875 0.052083333333333336 0.30859375
0 0.07395833333333333 0.267578125 0.008333333333333333 0.04296875
0 0.10885416666666667 0.267578125 0.009375 0.04296875
0 0.13958333333333334 0.267578125 0.008333333333333333 0.04296875
0 0.15677083333333333 0.275390625 0.009375 0.04296875
0 0.16979166666666667 0.2890625 0.008333333333333333 0.046875
0 0.190625 0.302734375 0.010416666666666666 0.05859375
1 0.21666666666666667 0.326171875 0.014583333333333334 0.06640625
1 0.23125 0.314453125 0.0125 0.05859375
1 0.34322916666666664 0.283203125 0.011458333333333333 0.05078125
2 0.3484375 0.373046875 0.015625 0.08203125
3 0.3609375 0.380859375 0.026041666666666668 0.15234375
2 0.3671875 0.3203125 0.011458333333333333 0.0625
2 0.4114583333333333 0.439453125 0.022916666666666665 0.10546875
2 0.42552083333333335 0.298828125 0.011458333333333333 0.05078125
1 0.4390625 0.271484375 0.009375 0.03515625
2 0.4947916666666667 0.28515625 0.010416666666666666 0.046875
3 0.5135416666666667 0.458984375 0.035416666666666666 0.19921875
1 0.5234375 0.265625 0.009375 0.0390625
2 0.5552083333333333 0.283203125 0.010416666666666666 0.04296875
2 0.6359375 0.546875 0.030208333333333334 0.1484375
1 0.6307291666666667 0.267578125 0.009375 0.04296875
2 0.640625 0.283203125 0.010416666666666666 0.04296875
1 0.7515625 0.27734375 0.007291666666666667 0.0390625
2 0.7447916666666666 0.29296875 0.010416666666666666 0.0390625
2 0.8520833333333333 0.3046875 0.0125 0.046875
1 0.8838541666666667 0.29296875 0.009375 0.046875
2 0.95 0.318359375 0.0125 0.05859375
