2 0.16979166666666667 0.634765625 0.035416666666666666 0.17578125
2 0.078125 0.34375 0.01875 0.0859375
2 0.1015625 0.431640625 0.023958333333333335 0.12109375
2 0.09375 0.294921875 0.0125 0.05859375
2 0.10416666666666667 0.2734375 0.010416666666666666 0.046875
2 0.12239583333333333 0.2578125 0.007291666666666667 0.0390625
2 0.29583333333333334 0.26953125 0.008333333333333333 0.046875
1 0.6692708333333334 0.619140625 0.03229166666666667 0.16796875
1 0.8322916666666667 0.49609375 0.022916666666666665 0.109375
1 0.93125 0.4375 0.014583333333333334 0.078125
