1 0.21510416666666668 0.6953125 0.03854166666666667 0.1875
1 0.41510416666666666 0.462890625 0.017708333333333333 0.08984375
1 0.5364583333333334 0.37890625 0.0125 0.0703125
1 0.6432291666666666 0.34765625 0.009375 0.0546875
1 0.7421875 0.349609375 0.009375 0.05078125
2 0.8067708333333333 0.662109375 0.03854166666666667 0.17578125
2 0.7786458333333334 0.517578125 0.021875 0.11328125
2 0.8140625 0.47265625 0.021875 0.09375
2 0.8630208333333333 0.439453125 0.017708333333333333 0.08203125
1 0.853125 0.353515625 0.010416666666666666 0.05078125
1 0.7963541666666667 0.31640625 0.007291666666666667 0.0390625
2 0.8255208333333334 0.302734375 0.007291666666666667 0.04296875
2 0.7890625 0.296875 0.005208333333333333 0.03125
2 0.7640625 0.29296875 0.005208333333333333 0.03125
