1 0.08802083333333334 0.490234375 0.028125 0.12890625
1 0.13072916666666667 0.701171875 0.051041666666666666 0.22265625
2 0.19791666666666666 0.341796875 0.014583333333333334 0.07421875
2 0.36614583333333334 0.396484375 0.017708333333333333 0.08984375
0 0.3859375 0.345703125 0.011458333333333333 0.06640625
0 0.396875 0.310546875 0.008333333333333333 0.05078125
0 0.403125 0.29296875 0.010416666666666666 0.0546875
0 0.40989583333333335 0.279296875 0.007291666666666667 0.05078125
0 0.41770833333333335 0.26171875 0.008333333333333333 0.046875
0 0.42291666666666666 0.255859375 0.008333333333333333 0.04296875
0 0.459375 0.255859375 0.008333333333333333 0.04296875
0 0.4942708333333333 0.255859375 0.009375 0.04296875
0 0.5328125 0.2578125 0.007291666666666667 0.0390625
0 0.5369791666666667 0.271484375 0.007291666666666667 0.04296875
0 0.540625 0.28515625 0.008333333333333333 0.0546875
0 0.5510416666666667 0.314453125 0.010416666666666666 0.05859375
0 0.5604166666666667 0.357421875 0.0125 0.06640625
1 0.571875 0.39453125 0.016666666666666666 0.078125
1 0.703125 0.341796875 0.0125 0.06640625
2 0.8083333333333333 0.642578125 0.03958333333333333 0.18359375
2 0.8 0.46875 0.022916666666666665 0.1171875
2 0.8770833333333333 0.41015625 0.01875 0.0859375
1 0.8515625 0.326171875 0.011458333333333333 0.05859375
