1 0.05416666666666667 0.26171875 0.008333333333333333 0.0390625
1 0.18489583333333334 0.255859375 0.007291666666666667 0.03515625
1 0.2796875 0.2578125 0.007291666666666667 0.0390625
1 0.290625 0.39453125 0.01875 0.09375
0 0.30104166666666665 0.7890625 0.04583333333333333 0.25
2 0.31197916666666664 0.248046875 0.007291666666666667 0.03515625
1 0.3458333333333333 0.263671875 0.00625 0.03515625
2 0.390625 0.2578125 0.00625 0.03125
2 0.3651041666666667 0.494140625 0.026041666666666668 0.13671875
2 0.4192708333333333 0.462890625 0.023958333333333335 0.11328125
1 0.40520833333333334 0.2734375 0.008333333333333333 0.0390625
2 0.42239583333333336 0.341796875 0.013541666666666667 0.06640625
3 0.44635416666666666 0.310546875 0.013541666666666667 0.09765625
1 0.42239583333333336 0.341796875 0.013541666666666667 0.07421875
1 0.45364583333333336 0.310546875 0.009375 0.05859375
3 0.453125 0.294921875 0.010416666666666666 0.08984375
3 0.44583333333333336 0.3125 0.0125 0.09375
2 0.46927083333333336 0.267578125 0.005208333333333333 0.03515625
2 0.478125 0.271484375 0.00625 0.03515625
0 0.48125 0.259765625 0.00625 0.03515625
0 0.5046875 0.244140625 0.005208333333333333 0.02734375
0 0.5213541666666667 0.244140625 0.005208333333333333 0.02734375
0 0.5375 0.244140625 0.004166666666666667 0.02734375
0 0.5421875 0.25390625 0.005208333333333333 0.03125
1 0.546875 0.271484375 0.00625 0.03515625
1 0.559375 0.267578125 0.00625 0.03515625
3 0.5765625 0.29296875 0.011458333333333333 0.078125
2 0.5880208333333333 0.298828125 0.007291666666666667 0.04296875
2 0.5838541666666667 0.3203125 0.009375 0.0546875
3 0.6026041666666667 0.3203125 0.015625 0.09375
2 0.628125 0.359375 0.0125 0.0703125
1 0.6276041666666666 0.47265625 0.023958333333333335 0.109375
1 0.6697916666666667 0.498046875 0.025 0.12109375
0 0.7619791666666667 0.828125 0.053125 0.265625
2 0.834375 0.435546875 0.020833333333333332 0.10546875
2 0.6291666666666667 0.283203125 0.00625 0.03515625
1 0.6453125 0.265625 0.007291666666666667 0.03125
2 0.6932291666666667 0.279296875 0.007291666666666667 0.03515625
1 0.7354166666666667 0.265625 0.00625 0.03125
2 0.7697916666666667 0.28125 0.00625 0.03125
1 0.8296875 0.2734375 0.005208333333333333 0.03125
2 0.8411458333333334 0.287109375 0.007291666666666667 0.03515625
