2 0.10885416666666667 0.28515625 0.011458333333333333 0.0625
1 0.15104166666666666 0.373046875 0.016666666666666666 0.08984375
1 0.27395833333333336 0.31640625 0.0125 0.0625
1 0.32083333333333336 0.478515625 0.022916666666666665 0.12890625
1 0.3255208333333333 0.279296875 0.009375 0.05078125
1 0.353125 0.263671875 0.008333333333333333 0.04296875
1 0.3692708333333333 0.2578125 0.007291666666666667 0.0390625
1 0.41041666666666665 0.25390625 0.00625 0.0390625
1 0.4984375 0.365234375 0.017708333333333333 0.08203125
1 0.6364583333333333 0.30859375 0.0125 0.0703125
1 0.7265625 0.30078125 0.011458333333333333 0.0546875
1 0.7958333333333333 0.298828125 0.010416666666666666 0.05078125
1 0.8317708333333333 0.29296875 0.009375 0.046875
1 0.8203125 0.279296875 0.007291666666666667 0.04296875
2 0.8630208333333333 0.458984375 0.026041666666666668 0.12109375
2 0.8796875 0.365234375 0.019791666666666666 0.08984375
2 0.9369791666666667 0.337890625 0.015625 0.07421875
