1 0.07135416666666666 0.30078125 0.013541666666666667 0.0703125
3 0.1828125 0.650390625 0.06145833333333333 0.37109375
2 0.1640625 0.271484375 0.013541666666666667 0.05859375
1 0.196875 0.314453125 0.0125 0.06640625
1 0.278125 0.345703125 0.014583333333333334 0.08203125
1 0.29583333333333334 0.55078125 0.03125 0.171875
2 0.31302083333333336 0.287109375 0.011458333333333333 0.05078125
3 0.3338541666666667 0.41796875 0.028125 0.1875
2 0.4276041666666667 0.314453125 0.011458333333333333 0.06640625
0 0.440625 0.294921875 0.010416666666666666 0.05078125
0 0.4484375 0.2734375 0.009375 0.046875
0 0.45364583333333336 0.263671875 0.007291666666666667 0.04296875
0 0.4588541666666667 0.251953125 0.007291666666666667 0.04296875
0 0.46510416666666665 0.240234375 0.007291666666666667 0.04296875
0 0.4703125 0.236328125 0.007291666666666667 0.04296875
0 0.5 0.236328125 0.00625 0.03515625
0 0.5286458333333334 0.236328125 0.007291666666666667 0.03515625
0 0.5619791666666667 0.259765625 0.007291666666666667 0.03515625
0 0.5635416666666667 0.27734375 0.008333333333333333 0.0390625
0 0.5651041666666666 0.306640625 0.009375 0.05078125
1 0.5671875 0.326171875 0.011458333333333333 0.05859375
2 0.6515625 0.412109375 0.015625 0.08984375
3 0.6635416666666667 0.443359375 0.029166666666666667 0.18359375
2 0.6916666666666667 0.5625 0.03125 0.1640625
3 0.8348958333333333 0.716796875 0.06145833333333333 0.37890625
1 0.6786458333333333 0.30078125 0.009375 0.046875
2 0.703125 0.365234375 0.014583333333333334 0.07421875
2 0.7848958333333333 0.341796875 0.013541666666666667 0.06640625
1 0.8083333333333333 0.294921875 0.010416666666666666 0.04296875
2 0.8916666666666667 0.33984375 0.014583333333333334 0.0625
1 0.9661458333333334 0.3046875 0.011458333333333333 0.0546875
