2 0.01015625 0.6125 0.0203125 0.06759259259259259
0 0.07838541666666667 0.5634259259259259 0.019270833333333334 0.05648148148148148
0 0.2682291666666667 0.5277777777777778 0.014583333333333334 0.044444444444444446
0 0.4942708333333333 0.48518518518518516 0.013541666666666667 0.037037037037037035
1 0.5901041666666667 0.4699074074074074 0.011458333333333333 0.030555555555555555
3 0.5651041666666666 0.4935185185185185 0.017708333333333333 0.06851851851851852
3 0.6416666666666667 0.45 0.014583333333333334 0.046296296296296294
3 0.63046875 0.513425925925926 0.024479166666666666 0.08425925925925926
3 0.66484375 0.4773148148148148 0.0171875 0.06574074074074074
3 0.7752604166666667 0.5458333333333333 0.0296875 0.09907407407407408
3 0.8671875 0.5972222222222222 0.041666666666666664 0.1425925925925926
0 0.7197916666666667 0.8972222222222223 0.08854166666666667 0.2037037037037037
3 0.8046875 0.43703703703703706 0.014583333333333334 0.040740740740740744
