0 0.0859375 0.39453125 0.023958333333333335 0.109375
0 0.11979166666666667 0.353515625 0.020833333333333332 0.08984375
0 0.15208333333333332 0.3203125 0.016666666666666666 0.078125
0 0.18333333333333332 0.28515625 0.014583333333333334 0.078125
0 0.20052083333333334 0.26953125 0.013541666666666667 0.0625
0 0.26145833333333335 0.271484375 0.0125 0.05859375
0 0.315625 0.26953125 0.0125 0.0625
0 0.37395833333333334 0.31640625 0.014583333333333334 0.078125
0 0.3802083333333333 0.34765625 0.016666666666666666 0.0859375
0 0.3770833333333333 0.388671875 0.01875 0.08203125
0 0.37916666666666665 0.486328125 0.025 0.11328125
1 0.38697916666666665 0.615234375 0.03229166666666667 0.16796875
1 0.6171875 0.412109375 0.019791666666666666 0.10546875
1 0.7942708333333334 0.357421875 0.013541666666666667 0.07421875
2 0.9286458333333333 0.564453125 0.03229166666666667 0.14453125
