1 0.30416666666666664 0.609375 0.03125 0.15625
1 0.3963541666666667 0.4453125 0.017708333333333333 0.078125
1 0.4744791666666667 0.380859375 0.011458333333333333 0.05859375
2 0.8052083333333333 0.599609375 0.035416666666666666 0.15234375
2 0.6734375 0.427734375 0.019791666666666666 0.08203125
1 0.5463541666666667 0.345703125 0.009375 0.05078125
2 0.690625 0.388671875 0.014583333333333334 0.06640625
1 0.6364583333333333 0.3203125 0.008333333333333333 0.046875
2 0.7244791666666667 0.375 0.013541666666666667 0.0703125
2 0.7729166666666667 0.361328125 0.0125 0.06640625
1 0.7171875 0.314453125 0.009375 0.04296875
