1 0.052083333333333336 0.462890625 0.029166666666666667 0.11328125
2 0.0953125 0.349609375 0.013541666666666667 0.05859375
3 0.09270833333333334 0.466796875 0.03958333333333333 0.21484375
3 0.13125 0.6953125 0.06458333333333334 0.3828125
0 0.10520833333333333 0.2734375 0.008333333333333333 0.0390625
0 0.10729166666666666 0.287109375 0.008333333333333333 0.04296875
0 0.1125 0.302734375 0.010416666666666666 0.04296875
0 0.11614583333333334 0.322265625 0.011458333333333333 0.05859375
2 0.12239583333333333 0.35546875 0.013541666666666667 0.0625
0 0.14375 0.271484375 0.008333333333333333 0.04296875
0 0.17552083333333332 0.271484375 0.007291666666666667 0.04296875
0 0.2046875 0.267578125 0.007291666666666667 0.03515625
0 0.2203125 0.27734375 0.007291666666666667 0.046875
0 0.23177083333333334 0.29296875 0.009375 0.046875
0 0.2515625 0.306640625 0.011458333333333333 0.05078125
1 0.27447916666666666 0.3359375 0.011458333333333333 0.0625
1 0.2890625 0.322265625 0.011458333333333333 0.05859375
1 0.4010416666666667 0.2890625 0.008333333333333333 0.046875
2 0.42604166666666665 0.333984375 0.0125 0.06640625
2 0.40677083333333336 0.392578125 0.015625 0.08984375
3 0.4192708333333333 0.404296875 0.023958333333333335 0.15234375
2 0.4859375 0.306640625 0.009375 0.05078125
2 0.4786458333333333 0.478515625 0.026041666666666668 0.12109375
1 0.4979166666666667 0.27734375 0.00625 0.0390625
2 0.5578125 0.29296875 0.009375 0.046875
1 0.5864583333333333 0.2734375 0.00625 0.0390625
3 0.6020833333333333 0.515625 0.041666666666666664 0.234375
2 0.621875 0.291015625 0.008333333333333333 0.04296875
1 0.7020833333333333 0.279296875 0.00625 0.03515625
2 0.715625 0.291015625 0.008333333333333333 0.04296875
2 0.7666666666666667 0.65234375 0.03958333333333333 0.1875
1 0.840625 0.287109375 0.00625 0.03515625
2 0.8354166666666667 0.3046875 0.00625 0.0390625
2 0.9671875 0.3203125 0.011458333333333333 0.0546875
