1 0.071875 0.859375 0.05416666666666667 0.21875
1 0.3026041666666667 0.5078125 0.021875 0.1171875
1 0.371875 0.392578125 0.0125 0.06640625
1 0.4125 0.33984375 0.008333333333333333 0.046875
1 0.43697916666666664 0.310546875 0.007291666666666667 0.04296875
2 0.571875 0.30078125 0.00625 0.0390625
2 0.5619791666666667 0.291015625 0.005208333333333333 0.02734375
2 0.5901041666666667 0.28515625 0.005208333333333333 0.03125
2 0.6317708333333333 0.2890625 0.005208333333333333 0.03125
2 0.71875 0.294921875 0.00625 0.03515625
1 0.7630208333333334 0.283203125 0.005208333333333333 0.02734375
2 0.8354166666666667 0.3046875 0.008333333333333333 0.0390625
1 0.878125 0.287109375 0.00625 0.03515625
2 0.7239583333333334 0.51171875 0.022916666666666665 0.109375
2 0.6411458333333333 0.400390625 0.013541666666666667 0.07421875
2 0.603125 0.349609375 0.010416666666666666 0.05859375
2 0.5848958333333333 0.322265625 0.007291666666666667 0.04296875
