1 0.07447916666666667 0.697265625 0.04895833333333333 0.23046875
1 0.0875 0.333984375 0.010416666666666666 0.05078125
1 0.1859375 0.3359375 0.007291666666666667 0.046875
1 0.42916666666666664 0.447265625 0.016666666666666666 0.09765625
1 0.5510416666666667 0.41015625 0.014583333333333334 0.078125
1 0.6229166666666667 0.39453125 0.010416666666666666 0.0625
1 0.6494791666666667 0.37890625 0.009375 0.046875
1 0.6307291666666667 0.35546875 0.007291666666666667 0.046875
1 0.5994791666666667 0.337890625 0.007291666666666667 0.04296875
1 0.5677083333333334 0.326171875 0.00625 0.03515625
1 0.5151041666666667 0.3203125 0.005208333333333333 0.0390625
1 0.4421875 0.310546875 0.007291666666666667 0.04296875
2 0.8270833333333333 0.408203125 0.010416666666666666 0.05859375
2 0.8307291666666666 0.42578125 0.011458333333333333 0.0546875
2 0.8197916666666667 0.4609375 0.014583333333333334 0.09375
2 0.8270833333333333 0.560546875 0.029166666666666667 0.13671875
2 0.7859375 0.37109375 0.009375 0.0546875
