2 0.7348958333333333 0.658203125 0.04895833333333333 0.19140625
2 0.6619791666666667 0.453125 0.019791666666666666 0.0859375
2 0.49947916666666664 0.49609375 0.030208333333333334 0.125
2 0.4953125 0.40234375 0.017708333333333333 0.0625
1 0.6125 0.39453125 0.0125 0.0625
1 0.7583333333333333 0.4296875 0.016666666666666666 0.0703125
2 0.39947916666666666 0.376953125 0.015625 0.06640625
2 0.34322916666666664 0.419921875 0.026041666666666668 0.09765625
1 0.36041666666666666 0.341796875 0.010416666666666666 0.04296875
2 0.28072916666666664 0.353515625 0.013541666666666667 0.05859375
1 0.27291666666666664 0.32421875 0.008333333333333333 0.0390625
2 0.17760416666666667 0.3828125 0.021875 0.0859375
2 0.18958333333333333 0.33203125 0.014583333333333334 0.0625
1 0.1671875 0.30859375 0.011458333333333333 0.046875
1 0.09114583333333333 0.294921875 0.011458333333333333 0.04296875
2 0.08229166666666667 0.310546875 0.014583333333333334 0.05859375
1 0.019270833333333334 0.2890625 0.009375 0.0390625
