2 0.8541666666666666 0.775390625 0.05416666666666667 0.24609375
2 0.5630208333333333 0.5234375 0.034375 0.1484375
2 0.4015625 0.423828125 0.017708333333333333 0.09765625
2 0.24114583333333334 0.373046875 0.021875 0.08203125
2 0.078125 0.353515625 0.01875 0.08203125
1 0.042708333333333334 0.26171875 0.008333333333333333 0.0390625
2 0.0140625 0.27734375 0.009375 0.046875
2 0.08697916666666666 0.291015625 0.009375 0.04296875
1 0.11510416666666666 0.271484375 0.007291666666666667 0.04296875
2 0.16510416666666666 0.298828125 0.009375 0.05078125
1 0.1765625 0.283203125 0.007291666666666667 0.04296875
1 0.24322916666666666 0.30078125 0.009375 0.046875
2 0.2604166666666667 0.32421875 0.010416666666666666 0.0546875
1 0.34010416666666665 0.3203125 0.007291666666666667 0.046875
2 0.3463541666666667 0.349609375 0.009375 0.05078125
1 0.4234375 0.337890625 0.007291666666666667 0.04296875
2 0.46041666666666664 0.37890625 0.0125 0.0625
2 0.5598958333333334 0.41015625 0.013541666666666667 0.0625
1 0.5671875 0.376953125 0.009375 0.04296875
1 0.6859375 0.412109375 0.011458333333333333 0.05859375
2 0.7453125 0.484375 0.017708333333333333 0.09375
1 0.8552083333333333 0.462890625 0.016666666666666666 0.07421875
