1 0.3020833333333333 0.556640625 0.027083333333333334 0.13671875
1 0.3765625 0.42578125 0.017708333333333333 0.0859375
1 0.41041666666666665 0.373046875 0.0125 0.06640625
1 0.4348958333333333 0.33984375 0.009375 0.0546875
1 0.4473958333333333 0.318359375 0.007291666666666667 0.04296875
2 0.5729166666666666 0.306640625 0.008333333333333333 0.04296875
2 0.5885416666666666 0.30078125 0.00625 0.0390625
2 0.5932291666666667 0.33203125 0.009375 0.046875
2 0.6213541666666667 0.36328125 0.011458333333333333 0.0625
2 0.6796875 0.421875 0.017708333333333333 0.0859375
2 0.7958333333333333 0.560546875 0.027083333333333334 0.13671875
1 0.4786458333333333 0.3046875 0.005208333333333333 0.03125
1 0.51875 0.2890625 0.00625 0.03125
