1 0.019270833333333334 0.322265625 0.013541666666666667 0.08203125
1 0.1078125 0.888671875 0.046875 0.21484375
2 0.14479166666666668 0.283203125 0.014583333333333334 0.05859375
1 0.1578125 0.349609375 0.013541666666666667 0.07421875
1 0.24427083333333333 0.390625 0.017708333333333333 0.09375
1 0.2828125 0.50390625 0.028125 0.140625
3 0.26197916666666665 0.556640625 0.04479166666666667 0.28515625
2 0.30833333333333335 0.306640625 0.014583333333333334 0.05859375
2 0.4395833333333333 0.349609375 0.016666666666666666 0.08203125
0 0.4578125 0.30859375 0.011458333333333333 0.0546875
0 0.47708333333333336 0.283203125 0.010416666666666666 0.05078125
0 0.48541666666666666 0.26171875 0.008333333333333333 0.0390625
0 0.4973958333333333 0.25 0.007291666666666667 0.0390625
0 0.5088541666666667 0.236328125 0.007291666666666667 0.03515625
0 0.5135416666666667 0.23046875 0.00625 0.0390625
0 0.5427083333333333 0.2265625 0.008333333333333333 0.0390625
0 0.5671875 0.228515625 0.007291666666666667 0.03515625
0 0.5901041666666667 0.244140625 0.007291666666666667 0.03515625
0 0.5927083333333333 0.27734375 0.008333333333333333 0.046875
0 0.6 0.294921875 0.010416666666666666 0.05859375
0 0.5989583333333334 0.322265625 0.0125 0.05859375
1 0.6114583333333333 0.357421875 0.014583333333333334 0.07421875
1 0.7453125 0.3203125 0.011458333333333333 0.0625
2 0.7546875 0.5234375 0.028125 0.140625
3 0.8140625 0.634765625 0.05520833333333333 0.31640625
2 0.8 0.423828125 0.020833333333333332 0.09765625
1 0.903125 0.314453125 0.0125 0.06640625
2 0.8979166666666667 0.38671875 0.016666666666666666 0.078125
