0 0.415625 0.375 0.016666666666666666 0.0859375
0 0.46510416666666665 0.328125 0.011458333333333333 0.0625
1 0.47760416666666666 0.529296875 0.028125 0.14453125
2 0.5203125 0.279296875 0.007291666666666667 0.04296875
2 0.5364583333333334 0.306640625 0.010416666666666666 0.05078125
0 0.5244791666666667 0.38671875 0.015625 0.0859375
0 0.5385416666666667 0.33984375 0.010416666666666666 0.0625
1 0.6140625 0.28515625 0.009375 0.046875
1 0.64375 0.3046875 0.008333333333333333 0.046875
2 0.6401041666666667 0.34765625 0.013541666666666667 0.0703125
1 0.6697916666666667 0.408203125 0.016666666666666666 0.08984375
1 0.7260416666666667 0.326171875 0.014583333333333334 0.05859375
1 0.871875 0.353515625 0.016666666666666666 0.06640625
2 0.9161458333333333 0.712890625 0.040625 0.20703125
2 0.9411458333333333 0.517578125 0.030208333333333334 0.12890625
3 0.9682291666666667 0.33984375 0.021875 0.109375
2 0.94375 0.263671875 0.008333333333333333 0.04296875
