1 0.30885416666666665 0.701171875 0.028125 0.17578125
1 0.4630208333333333 0.583984375 0.021875 0.14453125
1 0.5473958333333333 0.45703125 0.017708333333333333 0.1171875
2 0.446875 0.396484375 0.014583333333333334 0.08984375
2 0.6994791666666667 0.35546875 0.011458333333333333 0.0703125
2 0.8854166666666666 0.443359375 0.01875 0.11328125
2 0.6932291666666667 0.298828125 0.009375 0.05078125
2 0.7265625 0.28125 0.007291666666666667 0.046875
1 0.5244791666666667 0.27734375 0.009375 0.0546875
1 0.4947916666666667 0.298828125 0.008333333333333333 0.05078125
