1 0.14791666666666667 0.6953125 0.052083333333333336 0.2109375
1 0.15208333333333332 0.466796875 0.03125 0.11328125
1 0.06197916666666667 0.392578125 0.021875 0.08984375
2 0.07708333333333334 0.3046875 0.016666666666666666 0.0625
2 0.26510416666666664 0.330078125 0.017708333333333333 0.07421875
2 0.4161458333333333 0.390625 0.015625 0.09375
1 0.6276041666666666 0.396484375 0.015625 0.08203125
2 0.8760416666666667 0.71875 0.04791666666666667 0.234375
2 0.8828125 0.5 0.026041666666666668 0.1171875
1 0.7791666666666667 0.349609375 0.014583333333333334 0.07421875
0 0.6083333333333333 0.34765625 0.010416666666666666 0.0703125
0 0.4427083333333333 0.33203125 0.0125 0.0703125
