1 0.25625 0.591796875 0.035416666666666666 0.16796875
1 0.4354166666666667 0.39453125 0.0125 0.078125
1 0.515625 0.345703125 0.010416666666666666 0.05859375
1 0.5697916666666667 0.318359375 0.008333333333333333 0.05078125
2 0.6984375 0.453125 0.017708333333333333 0.09375
2 0.8036458333333333 0.67578125 0.040625 0.1796875
2 0.7135416666666666 0.39453125 0.010416666666666666 0.0703125
2 0.7244791666666667 0.353515625 0.009375 0.05078125
2 0.7395833333333334 0.326171875 0.008333333333333333 0.04296875
2 0.7703125 0.318359375 0.007291666666666667 0.04296875
2 0.8041666666666667 0.3125 0.00625 0.0390625
2 0.9541666666666667 0.390625 0.0125 0.0703125
2 0.9708333333333333 0.369140625 0.010416666666666666 0.05078125
2 0.8546875 0.306640625 0.007291666666666667 0.04296875
1 0.6229166666666667 0.302734375 0.008333333333333333 0.04296875
1 0.6578125 0.296875 0.007291666666666667 0.0390625
