1 0.065625 0.283203125 0.010416666666666666 0.05859375
2 0.0765625 0.267578125 0.011458333333333333 0.05078125
1 0.1953125 0.28125 0.009375 0.046875
2 0.221875 0.259765625 0.010416666666666666 0.05078125
3 0.28177083333333336 0.634765625 0.051041666666666666 0.33984375
1 0.3020833333333333 0.287109375 0.010416666666666666 0.05078125
2 0.3546875 0.265625 0.009375 0.046875
1 0.39375 0.296875 0.010416666666666666 0.046875
1 0.4453125 0.56640625 0.03229166666666667 0.1484375
2 0.46510416666666665 0.275390625 0.009375 0.05078125
1 0.47239583333333335 0.322265625 0.009375 0.05859375
1 0.525 0.35546875 0.014583333333333334 0.0703125
3 0.5229166666666667 0.447265625 0.029166666666666667 0.19140625
1 0.5453125 0.423828125 0.019791666666666666 0.09765625
2 0.5802083333333333 0.302734375 0.0125 0.05859375
2 0.6859375 0.349609375 0.015625 0.08203125
0 0.7119791666666667 0.32421875 0.013541666666666667 0.0625
0 0.728125 0.302734375 0.010416666666666666 0.05078125
0 0.7369791666666666 0.291015625 0.009375 0.04296875
0 0.7479166666666667 0.27734375 0.010416666666666666 0.046875
0 0.759375 0.265625 0.008333333333333333 0.0390625
0 0.7671875 0.26171875 0.009375 0.0390625
0 0.8067708333333333 0.263671875 0.009375 0.04296875
0 0.846875 0.26953125 0.010416666666666666 0.046875
0 0.8921875 0.314453125 0.011458333333333333 0.05078125
0 0.8864583333333333 0.326171875 0.0125 0.06640625
0 0.8796875 0.357421875 0.013541666666666667 0.06640625
1 0.875 0.380859375 0.016666666666666666 0.06640625
