1 0.20260416666666667 0.55859375 0.028125 0.1484375
1 0.4322916666666667 0.384765625 0.016666666666666666 0.08984375
2 0.846875 0.490234375 0.020833333333333332 0.12109375
2 0.8390625 0.37890625 0.013541666666666667 0.078125
2 0.8807291666666667 0.33984375 0.013541666666666667 0.0703125
2 0.9203125 0.322265625 0.009375 0.05859375
2 0.9380208333333333 0.3125 0.009375 0.046875
1 0.5817708333333333 0.3125 0.011458333333333333 0.0703125
1 0.6703125 0.3046875 0.009375 0.0546875
1 0.7354166666666667 0.30078125 0.00625 0.0390625
1 0.16614583333333333 0.326171875 0.011458333333333333 0.06640625
1 0.23385416666666667 0.287109375 0.009375 0.04296875
1 0.2677083333333333 0.265625 0.008333333333333333 0.0546875
1 0.28802083333333334 0.259765625 0.009375 0.04296875
2 0.1 0.26171875 0.00625 0.0390625
