2 0.0046875 0.28515625 0.009375 0.0546875
2 0.013541666666666667 0.26953125 0.010416666666666666 0.046875
1 0.1234375 0.357421875 0.017708333333333333 0.08203125
1 0.19947916666666668 0.298828125 0.011458333333333333 0.05859375
1 0.16666666666666666 0.5703125 0.03333333333333333 0.15625
1 0.21666666666666667 0.265625 0.008333333333333333 0.0390625
1 0.3619791666666667 0.390625 0.017708333333333333 0.09375
1 0.5567708333333333 0.330078125 0.013541666666666667 0.07421875
1 0.6973958333333333 0.310546875 0.011458333333333333 0.05859375
1 0.8739583333333333 0.3203125 0.0125 0.0625
2 0.8104166666666667 0.52734375 0.027083333333333334 0.140625
2 0.8458333333333333 0.48046875 0.029166666666666667 0.125
2 0.9166666666666666 0.689453125 0.041666666666666664 0.19140625
