2 0.0390625 0.322265625 0.015625 0.07421875
1 0.06458333333333334 0.400390625 0.020833333333333332 0.08984375
1 0.175 0.462890625 0.027083333333333334 0.12109375
2 0.24739583333333334 0.34375 0.019791666666666666 0.0703125
1 0.2359375 0.666015625 0.040625 0.19140625
2 0.3958333333333333 0.3828125 0.016666666666666666 0.0859375
2 0.5911458333333334 0.55078125 0.028125 0.1484375
2 0.6296875 0.607421875 0.03229166666666667 0.16796875
0 0.65 0.451171875 0.01875 0.10546875
0 0.659375 0.390625 0.014583333333333334 0.078125
0 0.6619791666666667 0.353515625 0.011458333333333333 0.05859375
0 0.6666666666666666 0.326171875 0.010416666666666666 0.05859375
0 0.7109375 0.328125 0.011458333333333333 0.0546875
0 0.753125 0.33203125 0.0125 0.0625
0 0.7953125 0.333984375 0.013541666666666667 0.05859375
0 0.8239583333333333 0.369140625 0.014583333333333334 0.07421875
0 0.8479166666666667 0.41015625 0.01875 0.09375
0 0.9067708333333333 0.494140625 0.023958333333333335 0.11328125
