1 0.359375 0.408203125 0.022916666666666665 0.10546875
1 0.4203125 0.31640625 0.013541666666666667 0.0625
1 0.4479166666666667 0.27734375 0.010416666666666666 0.046875
3 0.45989583333333334 0.251953125 0.011458333333333333 0.05859375
3 0.4630208333333333 0.244140625 0.009375 0.05859375
2 0.6489583333333333 0.4140625 0.022916666666666665 0.1015625
2 0.5932291666666667 0.32421875 0.013541666666666667 0.0625
2 0.5677083333333334 0.279296875 0.010416666666666666 0.05078125
3 0.5578125 0.2578125 0.007291666666666667 0.0546875
3 0.5526041666666667 0.251953125 0.007291666666666667 0.05078125
0 0.5458333333333333 0.248046875 0.00625 0.03515625
0 0.5401041666666667 0.236328125 0.005208333333333333 0.02734375
0 0.5364583333333334 0.228515625 0.004166666666666667 0.02734375
