0 0.334375 0.39453125 0.016666666666666666 0.0859375
1 0.396875 0.599609375 0.035416666666666666 0.16796875
0 0.3958333333333333 0.33984375 0.0125 0.0625
2 0.4583333333333333 0.28125 0.010416666666666666 0.046875
0 0.45989583333333334 0.40234375 0.017708333333333333 0.09375
2 0.475 0.302734375 0.010416666666666666 0.05859375
0 0.47708333333333336 0.345703125 0.014583333333333334 0.06640625
1 0.5557291666666667 0.28515625 0.009375 0.046875
1 0.5854166666666667 0.3046875 0.010416666666666666 0.046875
2 0.5838541666666667 0.35546875 0.013541666666666667 0.0703125
2 0.6166666666666667 0.421875 0.01875 0.09375
1 0.66875 0.326171875 0.010416666666666666 0.05859375
1 0.8130208333333333 0.349609375 0.013541666666666667 0.06640625
2 0.9078125 0.5390625 0.03229166666666667 0.140625
3 0.9036458333333334 0.333984375 0.017708333333333333 0.11328125
2 0.865625 0.25390625 0.008333333333333333 0.0390625
1 0.8484375 0.263671875 0.009375 0.04296875
1 0.93125 0.2734375 0.010416666666666666 0.046875
2 0.9880208333333333 0.265625 0.009375 0.0390625
