0 0.09583333333333334 0.40625 0.020833333333333332 0.1015625
0 0.16458333333333333 0.53515625 0.03333333333333333 0.15625
2 0.23333333333333334 0.294921875 0.010416666666666666 0.05859375
0 0.23020833333333332 0.40625 0.01875 0.0859375
2 0.24583333333333332 0.3359375 0.014583333333333334 0.0703125
2 0.28020833333333334 0.271484375 0.008333333333333333 0.04296875
1 0.36354166666666665 0.29296875 0.008333333333333333 0.046875
1 0.37552083333333336 0.275390625 0.007291666666666667 0.04296875
2 0.3885416666666667 0.396484375 0.016666666666666666 0.08984375
1 0.39739583333333334 0.3203125 0.011458333333333333 0.0546875
1 0.42916666666666664 0.525390625 0.027083333333333334 0.12890625
1 0.49635416666666665 0.34375 0.013541666666666667 0.0625
1 0.5270833333333333 0.251953125 0.00625 0.03515625
1 0.6505208333333333 0.359375 0.013541666666666667 0.0703125
1 0.6578125 0.248046875 0.007291666666666667 0.03515625
2 0.6703125 0.2421875 0.007291666666666667 0.03125
1 0.7270833333333333 0.255859375 0.008333333333333333 0.03515625
3 0.7369791666666666 0.333984375 0.019791666666666666 0.11328125
2 0.7671875 0.24609375 0.007291666666666667 0.0390625
1 0.796875 0.265625 0.008333333333333333 0.0390625
1 0.8036458333333333 0.349609375 0.011458333333333333 0.06640625
3 0.8572916666666667 0.322265625 0.016666666666666666 0.10546875
2 0.8520833333333333 0.689453125 0.04375 0.20703125
2 0.8833333333333333 0.48828125 0.027083333333333334 0.125
2 0.8666666666666667 0.2578125 0.008333333333333333 0.046875
1 0.8869791666666667 0.330078125 0.011458333333333333 0.05859375
1 0.8953125 0.3046875 0.009375 0.046875
3 0.9286458333333333 0.416015625 0.030208333333333334 0.17578125
2 0.9791666666666666 0.28125 0.010416666666666666 0.046875
