1 0.18645833333333334 0.63671875 0.03958333333333333 0.1875
1 0.3828125 0.439453125 0.019791666666666666 0.10546875
1 0.4890625 0.37890625 0.013541666666666667 0.0703125
1 0.55 0.35546875 0.010416666666666666 0.0625
1 0.5963541666666666 0.34375 0.009375 0.046875
1 0.64375 0.328125 0.008333333333333333 0.0390625
1 0.68125 0.32421875 0.00625 0.0390625
2 0.7802083333333333 0.3359375 0.008333333333333333 0.046875
2 0.7505208333333333 0.349609375 0.009375 0.05859375
2 0.7364583333333333 0.376953125 0.0125 0.06640625
2 0.7255208333333333 0.421875 0.017708333333333333 0.0859375
2 0.7296875 0.48828125 0.023958333333333335 0.109375
2 0.7697916666666667 0.6328125 0.035416666666666666 0.171875
