1 0.05677083333333333 0.3515625 0.015625 0.0625
1 0.0984375 0.341796875 0.011458333333333333 0.05859375
1 0.17135416666666667 0.3359375 0.009375 0.046875
1 0.23645833333333333 0.560546875 0.03125 0.15234375
1 0.2520833333333333 0.333984375 0.008333333333333333 0.04296875
1 0.3307291666666667 0.322265625 0.005208333333333333 0.03515625
1 0.37083333333333335 0.31640625 0.00625 0.0390625
1 0.47604166666666664 0.41796875 0.016666666666666666 0.0859375
1 0.41875 0.314453125 0.00625 0.03515625
1 0.4817708333333333 0.3125 0.007291666666666667 0.0390625
1 0.55 0.31640625 0.008333333333333333 0.0390625
1 0.58125 0.392578125 0.0125 0.06640625
1 0.6005208333333333 0.326171875 0.007291666666666667 0.03515625
1 0.6302083333333334 0.3359375 0.008333333333333333 0.0390625
1 0.6484375 0.37890625 0.009375 0.0546875
1 0.659375 0.349609375 0.008333333333333333 0.04296875
1 0.6755208333333333 0.369140625 0.009375 0.05078125
2 0.8104166666666667 0.36328125 0.010416666666666666 0.046875
2 0.8479166666666667 0.390625 0.008333333333333333 0.046875
2 0.8427083333333333 0.40625 0.0125 0.0546875
2 0.821875 0.435546875 0.016666666666666666 0.08203125
2 0.8067708333333333 0.498046875 0.023958333333333335 0.11328125
2 0.8963541666666667 0.734375 0.046875 0.21875
