0 0.321875 0.35546875 0.016666666666666666 0.078125
0 0.3776041666666667 0.322265625 0.015625 0.06640625
1 0.4328125 0.576171875 0.034375 0.16796875
0 0.5098958333333333 0.373046875 0.015625 0.08203125
0 0.5265625 0.333984375 0.013541666666666667 0.06640625
2 0.5291666666666667 0.267578125 0.010416666666666666 0.04296875
2 0.5442708333333334 0.29296875 0.011458333333333333 0.0546875
2 0.55625 0.255859375 0.008333333333333333 0.04296875
1 0.6161458333333333 0.27734375 0.009375 0.0390625
1 0.628125 0.265625 0.008333333333333333 0.0390625
1 0.6401041666666667 0.294921875 0.009375 0.04296875
2 0.6578125 0.341796875 0.011458333333333333 0.06640625
1 0.6619791666666667 0.26171875 0.007291666666666667 0.0390625
2 0.6744791666666666 0.25 0.007291666666666667 0.0390625
2 0.6927083333333334 0.349609375 0.014583333333333334 0.07421875
1 0.7 0.40234375 0.016666666666666666 0.0859375
1 0.7276041666666667 0.396484375 0.017708333333333333 0.08203125
1 0.7572916666666667 0.328125 0.0125 0.0546875
2 0.7536458333333333 0.25390625 0.005208333333333333 0.03125
1 0.7703125 0.263671875 0.007291666666666667 0.03515625
1 0.7114583333333333 0.2578125 0.00625 0.03125
2 0.8213541666666667 0.259765625 0.007291666666666667 0.03515625
1 0.8302083333333333 0.263671875 0.00625 0.03515625
1 0.9114583333333334 0.275390625 0.008333333333333333 0.03515625
1 0.9213541666666667 0.359375 0.013541666666666667 0.0703125
2 0.9208333333333333 0.517578125 0.029166666666666667 0.12890625
2 0.9041666666666667 0.765625 0.04583333333333333 0.21875
2 0.9359375 0.2734375 0.007291666666666667 0.0390625
