1 0.08125 0.7734375 0.05 0.2421875
1 0.3328125 0.50390625 0.023958333333333335 0.1171875
1 0.4703125 0.40625 0.013541666666666667 0.078125
1 0.6057291666666667 0.365234375 0.011458333333333333 0.06640625
1 0.6932291666666667 0.333984375 0.009375 0.05078125
2 0.75625 0.462890625 0.01875 0.10546875
2 0.7765625 0.583984375 0.028125 0.14453125
2 0.7875 0.400390625 0.0125 0.07421875
2 0.8380208333333333 0.365234375 0.009375 0.05859375
2 0.8515625 0.353515625 0.007291666666666667 0.05078125
1 0.7192708333333333 0.326171875 0.007291666666666667 0.04296875
2 0.8192708333333333 0.333984375 0.007291666666666667 0.04296875
