1 0.07239583333333334 0.349609375 0.013541666666666667 0.05859375
1 0.11041666666666666 0.33984375 0.010416666666666666 0.0546875
1 0.18229166666666666 0.33203125 0.008333333333333333 0.046875
1 0.2609375 0.33203125 0.007291666666666667 0.0390625
1 0.2526041666666667 0.544921875 0.026041666666666668 0.13671875
1 0.3390625 0.3203125 0.007291666666666667 0.0390625
1 0.4828125 0.408203125 0.013541666666666667 0.08203125
1 0.5859375 0.384765625 0.011458333333333333 0.05859375
1 0.6526041666666667 0.375 0.011458333333333333 0.0546875
1 0.68125 0.365234375 0.008333333333333333 0.04296875
1 0.6640625 0.345703125 0.007291666666666667 0.04296875
1 0.6348958333333333 0.330078125 0.007291666666666667 0.04296875
1 0.6052083333333333 0.3203125 0.00625 0.0390625
1 0.5546875 0.314453125 0.005208333333333333 0.03515625
1 0.3776041666666667 0.3125 0.007291666666666667 0.0390625
1 0.42552083333333335 0.30859375 0.007291666666666667 0.03125
1 0.4864583333333333 0.3125 0.00625 0.0390625
2 0.884375 0.712890625 0.04375 0.19921875
2 0.8052083333333333 0.486328125 0.025 0.11328125
2 0.8229166666666666 0.423828125 0.016666666666666666 0.07421875
2 0.8447916666666667 0.396484375 0.0125 0.05859375
2 0.8505208333333333 0.384765625 0.009375 0.05078125
2 0.8140625 0.357421875 0.009375 0.04296875
