2 0.059375 0.26953125 0.010416666666666666 0.046875
1 0.09114583333333333 0.28125 0.011458333333333333 0.0546875
2 0.21145833333333333 0.25390625 0.008333333333333333 0.0390625
1 0.20885416666666667 0.271484375 0.007291666666666667 0.03515625
1 0.25625 0.607421875 0.0375 0.17578125
1 0.3098958333333333 0.271484375 0.009375 0.04296875
2 0.32708333333333334 0.25390625 0.008333333333333333 0.046875
1 0.3984375 0.27734375 0.009375 0.046875
2 0.44114583333333335 0.26171875 0.009375 0.0390625
3 0.44583333333333336 0.490234375 0.035416666666666666 0.23046875
1 0.4791666666666667 0.2890625 0.008333333333333333 0.046875
2 0.5416666666666666 0.271484375 0.008333333333333333 0.04296875
1 0.5510416666666667 0.310546875 0.010416666666666666 0.05078125
1 0.546875 0.47265625 0.022916666666666665 0.1171875
1 0.6 0.33984375 0.0125 0.0625
1 0.6203125 0.388671875 0.017708333333333333 0.08203125
3 0.6026041666666667 0.3984375 0.023958333333333335 0.15625
2 0.65 0.296875 0.010416666666666666 0.0546875
2 0.7494791666666667 0.341796875 0.013541666666666667 0.06640625
2 0.7770833333333333 0.318359375 0.0125 0.05859375
0 0.7765625 0.318359375 0.013541666666666667 0.05859375
0 0.7947916666666667 0.298828125 0.010416666666666666 0.05859375
0 0.8052083333333333 0.2890625 0.010416666666666666 0.046875
0 0.8171875 0.27734375 0.011458333333333333 0.046875
0 0.8291666666666667 0.265625 0.010416666666666666 0.046875
0 0.8385416666666666 0.263671875 0.008333333333333333 0.04296875
0 0.8807291666666667 0.265625 0.009375 0.046875
0 0.9229166666666667 0.271484375 0.010416666666666666 0.05078125
0 0.9755208333333333 0.275390625 0.009375 0.05078125
0 0.9640625 0.3125 0.011458333333333333 0.0625
0 0.9546875 0.32421875 0.011458333333333333 0.0625
0 0.9427083333333334 0.353515625 0.0125 0.06640625
1 0.9322916666666666 0.373046875 0.0125 0.06640625
2 0.9208333333333333 0.63671875 0.03333333333333333 0.1796875
3 0.953125 0.509765625 0.03125 0.21484375
