1 0.16197916666666667 0.8515625 0.042708333333333334 0.25
1 0.37864583333333335 0.658203125 0.028125 0.16796875
1 0.4822916666666667 0.486328125 0.01875 0.11328125
1 0.3703125 0.419921875 0.013541666666666667 0.08203125
2 0.6427083333333333 0.365234375 0.010416666666666666 0.06640625
2 0.8364583333333333 0.451171875 0.016666666666666666 0.10546875
2 0.6359375 0.296875 0.009375 0.0625
2 0.665625 0.279296875 0.008333333333333333 0.04296875
2 0.7786458333333334 0.265625 0.007291666666666667 0.046875
2 0.9072916666666667 0.26953125 0.00625 0.0390625
1 0.42864583333333334 0.3046875 0.009375 0.0546875
