3 0.1734375 0.443359375 0.021875 0.11328125
1 0.2760416666666667 0.720703125 0.04375 0.22265625
0 0.2734375 0.35546875 0.013541666666666667 0.0703125
0 0.3796875 0.43359375 0.017708333333333333 0.1015625
0 0.4046875 0.353515625 0.013541666666666667 0.07421875
2 0.3932291666666667 0.302734375 0.009375 0.05078125
1 0.5109375 0.29296875 0.007291666666666667 0.046875
3 0.5104166666666666 0.349609375 0.0125 0.06640625
1 0.5484375 0.427734375 0.017708333333333333 0.09765625
1 0.5963541666666666 0.31640625 0.009375 0.0546875
1 0.7375 0.333984375 0.010416666666666666 0.06640625
3 0.8182291666666667 0.318359375 0.013541666666666667 0.09765625
2 0.8526041666666667 0.54296875 0.028125 0.140625
1 0.890625 0.333984375 0.010416666666666666 0.05859375
2 0.9302083333333333 0.44140625 0.022916666666666665 0.1015625
3 0.95625 0.30859375 0.016666666666666666 0.09375
