1 0.15677083333333333 0.705078125 0.04479166666666667 0.19921875
1 0.45677083333333335 0.45703125 0.017708333333333333 0.09375
1 0.48854166666666665 0.30859375 0.00625 0.0390625
1 0.5932291666666667 0.4140625 0.013541666666666667 0.078125
1 0.6166666666666667 0.34375 0.008333333333333333 0.046875
1 0.709375 0.3984375 0.010416666666666666 0.0625
1 0.7234375 0.345703125 0.007291666666666667 0.04296875
1 0.7854166666666667 0.3359375 0.00625 0.0390625
1 0.8151041666666666 0.396484375 0.011458333333333333 0.05859375
2 0.625 0.310546875 0.00625 0.02734375
2 0.5916666666666667 0.30859375 0.00625 0.03125
2 0.5645833333333333 0.3046875 0.004166666666666667 0.03125
