0 0.25625 0.6953125 0.04375 0.21875
0 0.7244791666666667 0.689453125 0.04479166666666667 0.19921875
1 0.6182291666666667 0.49609375 0.028125 0.125
2 0.7234375 0.40625 0.019791666666666666 0.09375
2 0.3078125 0.505859375 0.030208333333333334 0.13671875
1 0.1625 0.404296875 0.022916666666666665 0.09765625
1 0.33177083333333335 0.34765625 0.013541666666666667 0.0703125
3 0.3671875 0.302734375 0.017708333333333333 0.09765625
2 0.5755208333333334 0.349609375 0.017708333333333333 0.07421875
3 0.5364583333333334 0.306640625 0.016666666666666666 0.09765625
