2 0.04791666666666667 0.25390625 0.016666666666666666 0.0625
1 0.05260416666666667 0.361328125 0.026041666666666668 0.10546875
1 0.12708333333333333 0.404296875 0.027083333333333334 0.12109375
1 0.12291666666666666 0.865234375 0.0625 0.26953125
1 0.17916666666666667 0.515625 0.03333333333333333 0.1484375
1 0.07708333333333334 0.224609375 0.008333333333333333 0.04296875
2 0.20052083333333334 0.267578125 0.015625 0.06640625
2 0.2859375 0.244140625 0.009375 0.04296875
1 0.3302083333333333 0.234375 0.008333333333333333 0.0390625
2 0.33645833333333336 0.287109375 0.014583333333333334 0.05859375
2 0.38125 0.248046875 0.008333333333333333 0.04296875
1 0.4041666666666667 0.236328125 0.008333333333333333 0.03515625
2 0.46145833333333336 0.251953125 0.010416666666666666 0.04296875
2 0.4713541666666667 0.33203125 0.017708333333333333 0.0703125
1 0.48854166666666665 0.2421875 0.008333333333333333 0.0390625
2 0.5723958333333333 0.263671875 0.009375 0.04296875
1 0.5854166666666667 0.251953125 0.00625 0.03515625
2 0.70625 0.28125 0.010416666666666666 0.046875
1 0.7135416666666666 0.263671875 0.00625 0.04296875
2 0.6567708333333333 0.470703125 0.026041666666666668 0.11328125
1 0.796875 0.26953125 0.010416666666666666 0.046875
2 0.8171875 0.30078125 0.013541666666666667 0.0546875
1 0.8572916666666667 0.275390625 0.010416666666666666 0.05078125
1 0.9109375 0.27734375 0.011458333333333333 0.046875
2 0.9625 0.33203125 0.014583333333333334 0.0625
1 0.9604166666666667 0.287109375 0.0125 0.05078125
