1 0.06666666666666667 0.44140625 0.027083333333333334 0.109375
2 0.11927083333333334 0.341796875 0.019791666666666666 0.07421875
1 0.15885416666666666 0.55859375 0.036458333333333336 0.1640625
2 0.278125 0.36328125 0.01875 0.0859375
2 0.4473958333333333 0.4609375 0.023958333333333335 0.1171875
2 0.471875 0.484375 0.027083333333333334 0.125
0 0.49947916666666664 0.39453125 0.017708333333333333 0.0859375
0 0.5125 0.349609375 0.0125 0.06640625
0 0.5177083333333333 0.322265625 0.008333333333333333 0.05859375
0 0.5244791666666667 0.298828125 0.009375 0.05078125
0 0.5609375 0.302734375 0.009375 0.05078125
0 0.5942708333333333 0.302734375 0.009375 0.05078125
0 0.6265625 0.3046875 0.009375 0.0546875
0 0.6421875 0.326171875 0.011458333333333333 0.05859375
0 0.6526041666666667 0.353515625 0.013541666666666667 0.06640625
0 0.6786458333333333 0.404296875 0.017708333333333333 0.08203125
1 0.7203125 0.51171875 0.026041666666666668 0.125
1 0.746875 0.46875 0.025 0.109375
