1 0.28802083333333334 0.638671875 0.03854166666666667 0.19140625
1 0.3802083333333333 0.40625 0.020833333333333332 0.09375
1 0.4109375 0.333984375 0.011458333333333333 0.06640625
1 0.42135416666666664 0.302734375 0.011458333333333333 0.05859375
1 0.42864583333333334 0.287109375 0.009375 0.04296875
1 0.4375 0.2734375 0.008333333333333333 0.0390625
2 0.5338541666666666 0.259765625 0.007291666666666667 0.03515625
2 0.5385416666666667 0.271484375 0.008333333333333333 0.03515625
2 0.546875 0.25390625 0.00625 0.03125
2 0.5515625 0.283203125 0.009375 0.04296875
2 0.5640625 0.251953125 0.007291666666666667 0.03515625
2 0.5734375 0.30859375 0.011458333333333333 0.0546875
2 0.5890625 0.251953125 0.007291666666666667 0.03515625
2 0.6010416666666667 0.341796875 0.0125 0.06640625
2 0.6625 0.42578125 0.020833333333333332 0.1015625
2 0.8239583333333333 0.65625 0.03958333333333333 0.1796875
2 0.6317708333333333 0.251953125 0.007291666666666667 0.03515625
