0 0.0546875 0.609375 0.036458333333333336 0.171875
0 0.1546875 0.435546875 0.021875 0.09765625
2 0.17291666666666666 0.302734375 0.010416666666666666 0.05859375
2 0.18125 0.349609375 0.014583333333333334 0.07421875
2 0.228125 0.275390625 0.008333333333333333 0.04296875
1 0.3171875 0.298828125 0.009375 0.04296875
1 0.33125 0.28125 0.008333333333333333 0.0390625
2 0.33645833333333336 0.419921875 0.020833333333333332 0.09765625
1 0.35208333333333336 0.32421875 0.010416666666666666 0.0625
1 0.37604166666666666 0.572265625 0.03125 0.15234375
1 0.45677083333333335 0.349609375 0.015625 0.06640625
1 0.61875 0.3671875 0.014583333333333334 0.0703125
1 0.6223958333333334 0.248046875 0.007291666666666667 0.03515625
2 0.6348958333333333 0.240234375 0.007291666666666667 0.03515625
1 0.6911458333333333 0.255859375 0.007291666666666667 0.03515625
3 0.70625 0.33984375 0.020833333333333332 0.1171875
2 0.7302083333333333 0.24609375 0.008333333333333333 0.0390625
1 0.7604166666666666 0.26953125 0.008333333333333333 0.0390625
1 0.7729166666666667 0.353515625 0.0125 0.06640625
2 0.859375 0.76171875 0.052083333333333336 0.2421875
2 0.8666666666666667 0.50390625 0.029166666666666667 0.1328125
3 0.9078125 0.423828125 0.034375 0.18359375
2 0.8270833333333333 0.255859375 0.008333333333333333 0.04296875
3 0.8255208333333334 0.322265625 0.019791666666666666 0.10546875
1 0.8578125 0.3046875 0.011458333333333333 0.046875
1 0.8526041666666667 0.330078125 0.011458333333333333 0.05078125
2 0.9354166666666667 0.27734375 0.008333333333333333 0.046875
1 0.49114583333333334 0.251953125 0.007291666666666667 0.03515625
