1 0.3302083333333333 0.56640625 0.03125 0.1484375
1 0.43802083333333336 0.466796875 0.017708333333333333 0.09765625
1 0.5098958333333333 0.3984375 0.015625 0.078125
1 0.5536458333333333 0.373046875 0.011458333333333333 0.06640625
1 0.6026041666666667 0.3515625 0.011458333333333333 0.0546875
1 0.6494791666666667 0.33984375 0.009375 0.0390625
2 0.7640625 0.60546875 0.03854166666666667 0.1875
2 0.7114583333333333 0.466796875 0.016666666666666666 0.09765625
2 0.709375 0.400390625 0.014583333333333334 0.08984375
2 0.7223958333333333 0.3515625 0.011458333333333333 0.0546875
