2 0.8453125 0.625 0.03229166666666667 0.15625
2 0.6890625 0.431640625 0.017708333333333333 0.08984375
2 0.6369791666666667 0.369140625 0.011458333333333333 0.07421875
2 0.6088541666666667 0.33203125 0.009375 0.046875
2 0.5916666666666667 0.30859375 0.00625 0.0390625
2 0.8875 0.291015625 0.008333333333333333 0.04296875
2 0.5822916666666667 0.29296875 0.00625 0.0390625
1 0.45729166666666665 0.30078125 0.004166666666666667 0.0390625
1 0.2682291666666667 0.611328125 0.03229166666666667 0.16015625
1 0.38229166666666664 0.421875 0.014583333333333334 0.0859375
1 0.41822916666666665 0.361328125 0.009375 0.05859375
1 0.43802083333333336 0.328125 0.007291666666666667 0.046875
1 0.45729166666666665 0.298828125 0.00625 0.03515625
