1 0.0078125 0.40234375 0.015625 0.109375
2 0.028125 0.314453125 0.016666666666666666 0.07421875
1 0.1015625 0.767578125 0.053125 0.25390625
1 0.11822916666666666 0.4921875 0.03229166666666667 0.1484375
2 0.22239583333333332 0.333984375 0.017708333333333333 0.08203125
2 0.40729166666666666 0.400390625 0.020833333333333332 0.10546875
2 0.6203125 0.59765625 0.03854166666666667 0.171875
0 0.6557291666666667 0.44921875 0.021875 0.1171875
0 0.6708333333333333 0.3828125 0.016666666666666666 0.0859375
0 0.6786458333333333 0.353515625 0.015625 0.08203125
0 0.6869791666666667 0.32421875 0.013541666666666667 0.0703125
0 0.6963541666666667 0.298828125 0.011458333333333333 0.06640625
0 0.7026041666666667 0.287109375 0.011458333333333333 0.05859375
0 0.7578125 0.29296875 0.013541666666666667 0.0546875
0 0.8140625 0.296875 0.013541666666666667 0.0625
0 0.8817708333333333 0.306640625 0.015625 0.06640625
0 0.8947916666666667 0.328125 0.014583333333333334 0.078125
0 0.9145833333333333 0.361328125 0.016666666666666666 0.08203125
0 0.9401041666666666 0.39453125 0.019791666666666666 0.09375
