2 0.246875 0.431640625 0.016666666666666666 0.08203125
1 0.30364583333333334 0.728515625 0.03229166666666667 0.20703125
1 0.46041666666666664 0.458984375 0.016666666666666666 0.10546875
1 0.5984375 0.44140625 0.015625 0.09375
1 0.6796875 0.423828125 0.013541666666666667 0.08984375
1 0.7432291666666667 0.376953125 0.013541666666666667 0.08203125
1 0.6729166666666667 0.33984375 0.008333333333333333 0.0625
1 0.6291666666666667 0.3203125 0.008333333333333333 0.0546875
2 0.8963541666666667 0.326171875 0.011458333333333333 0.07421875
2 0.9145833333333333 0.2890625 0.010416666666666666 0.0546875
2 0.9666666666666667 0.2734375 0.010416666666666666 0.0546875
1 0.7203125 0.283203125 0.007291666666666667 0.04296875
