0 0.19010416666666666 0.6055555555555555 0.015625 0.040740740740740744
3 0.21119791666666668 0.5916666666666667 0.018229166666666668 0.06481481481481481
0 0.24036458333333333 0.6425925925925926 0.024479166666666666 0.06111111111111111
1 0.26276041666666666 0.5842592592592593 0.013020833333333334 0.03333333333333333
0 0.35546875 0.5851851851851851 0.0140625 0.03518518518518519
0 0.39557291666666666 0.5842592592592593 0.0109375 0.025925925925925925
3 0.4622395833333333 0.5708333333333333 0.015104166666666667 0.05277777777777778
3 0.47552083333333334 0.5986111111111111 0.025 0.08055555555555556
0 0.5434895833333333 0.6351851851851852 0.0203125 0.06111111111111111
3 0.5895833333333333 0.6268518518518519 0.030208333333333334 0.10185185185185185
0 0.6557291666666667 0.700925925925926 0.03229166666666667 0.08518518518518518
2 0.74921875 0.7509259259259259 0.04635416666666667 0.10555555555555556
3 0.965625 0.8347222222222223 0.058333333333333334 0.25092592592592594
