1 0.22239583333333332 0.873046875 0.059375 0.25390625
1 0.42916666666666664 0.490234375 0.022916666666666665 0.12109375
1 0.49166666666666664 0.384765625 0.014583333333333334 0.07421875
1 0.5166666666666667 0.33984375 0.010416666666666666 0.0546875
1 0.5286458333333334 0.31640625 0.009375 0.046875
1 0.5385416666666667 0.3046875 0.008333333333333333 0.0390625
1 0.5479166666666667 0.294921875 0.00625 0.03515625
2 0.6416666666666667 0.283203125 0.00625 0.03515625
2 0.65625 0.279296875 0.004166666666666667 0.02734375
2 0.6515625 0.29296875 0.005208333333333333 0.03125
2 0.6645833333333333 0.306640625 0.008333333333333333 0.04296875
2 0.684375 0.32421875 0.008333333333333333 0.046875
2 0.7078125 0.35546875 0.011458333333333333 0.0546875
2 0.7442708333333333 0.4140625 0.017708333333333333 0.078125
2 0.8302083333333333 0.560546875 0.03125 0.13671875
2 0.6739583333333333 0.279296875 0.004166666666666667 0.02734375
2 0.7005208333333334 0.279296875 0.005208333333333333 0.02734375
