1 0.05625 0.76953125 0.052083333333333336 0.25
2 0.13125 0.263671875 0.010416666666666666 0.05078125
1 0.24010416666666667 0.27734375 0.011458333333333333 0.046875
2 0.2625 0.26171875 0.010416666666666666 0.0546875
1 0.3380208333333333 0.28125 0.011458333333333333 0.0546875
3 0.3453125 0.568359375 0.040625 0.28515625
2 0.38697916666666665 0.265625 0.009375 0.046875
1 0.425 0.29296875 0.010416666666666666 0.046875
2 0.49375 0.2734375 0.010416666666666666 0.046875
1 0.48125 0.525390625 0.029166666666666667 0.13671875
1 0.5010416666666667 0.318359375 0.010416666666666666 0.05078125
3 0.55 0.423828125 0.025 0.16796875
1 0.5703125 0.41015625 0.017708333333333333 0.09375
1 0.6046875 0.30078125 0.011458333333333333 0.0546875
2 0.6046875 0.298828125 0.011458333333333333 0.05078125
2 0.7078125 0.34765625 0.015625 0.0703125
0 0.7348958333333333 0.322265625 0.013541666666666667 0.05859375
0 0.7515625 0.302734375 0.011458333333333333 0.05078125
0 0.7609375 0.2890625 0.011458333333333333 0.0546875
0 0.7723958333333333 0.279296875 0.009375 0.05859375
0 0.7848958333333333 0.265625 0.009375 0.046875
0 0.79375 0.265625 0.010416666666666666 0.046875
0 0.834375 0.265625 0.010416666666666666 0.046875
0 0.875 0.267578125 0.0125 0.05078125
0 0.9166666666666666 0.3125 0.010416666666666666 0.0625
0 0.9104166666666667 0.328125 0.0125 0.0625
0 0.9020833333333333 0.357421875 0.014583333333333334 0.07421875
1 0.8953125 0.37890625 0.017708333333333333 0.078125
3 0.9494791666666667 0.56640625 0.034375 0.265625
