1 0.12239583333333333 0.794921875 0.065625 0.28515625
1 0.07135416666666666 0.576171875 0.04479166666666667 0.16796875
1 0.041666666666666664 0.45703125 0.029166666666666667 0.1328125
1 0.0453125 0.42578125 0.023958333333333335 0.109375
1 0.07604166666666666 0.3828125 0.014583333333333334 0.0703125
1 0.13177083333333334 0.353515625 0.015625 0.05859375
2 0.34375 0.359375 0.014583333333333334 0.0625
2 0.35260416666666666 0.375 0.013541666666666667 0.0625
2 0.40260416666666665 0.40234375 0.017708333333333333 0.0859375
2 0.5052083333333334 0.447265625 0.025 0.10546875
2 0.7697916666666667 0.6171875 0.052083333333333336 0.1875
