1 0.3390625 0.52734375 0.023958333333333335 0.1328125
1 0.45208333333333334 0.44140625 0.014583333333333334 0.0859375
1 0.5171875 0.40234375 0.011458333333333333 0.0625
1 0.5734375 0.3671875 0.007291666666666667 0.046875
1 0.6130208333333333 0.3515625 0.007291666666666667 0.0390625
2 0.7255208333333333 0.404296875 0.013541666666666667 0.07421875
2 0.7354166666666667 0.46875 0.01875 0.1015625
2 0.771875 0.61328125 0.03333333333333333 0.15625
2 0.740625 0.37109375 0.010416666666666666 0.0546875
1 0.6614583333333334 0.3359375 0.00625 0.03125
2 0.7510416666666667 0.353515625 0.008333333333333333 0.04296875
2 0.7682291666666666 0.33984375 0.007291666666666667 0.0390625
2 0.9432291666666667 0.353515625 0.009375 0.05078125
