2 0.08645833333333333 0.423828125 0.022916666666666665 0.12109375
2 0.30885416666666665 0.587890625 0.034375 0.16796875
2 0.3776041666666667 0.431640625 0.023958333333333335 0.11328125
0 0.3765625 0.43359375 0.021875 0.109375
0 0.4046875 0.36328125 0.015625 0.0859375
0 0.4171875 0.333984375 0.013541666666666667 0.07421875
0 0.43125 0.306640625 0.0125 0.06640625
0 0.4427083333333333 0.28125 0.010416666666666666 0.0625
0 0.4515625 0.26953125 0.011458333333333333 0.0546875
0 0.4984375 0.271484375 0.011458333333333333 0.05859375
0 0.54375 0.2734375 0.0125 0.0546875
0 0.59375 0.275390625 0.010416666666666666 0.05078125
0 0.6 0.294921875 0.010416666666666666 0.05859375
0 0.6088541666666667 0.3203125 0.013541666666666667 0.0625
0 0.621875 0.34375 0.014583333333333334 0.0703125
0 0.6291666666666667 0.380859375 0.01875 0.08203125
0 0.6598958333333333 0.46875 0.023958333333333335 0.125
1 0.696875 0.56640625 0.03333333333333333 0.1484375
1 0.8859375 0.427734375 0.019791666666666666 0.10546875
