1 0.3463541666666667 0.501953125 0.028125 0.13671875
1 0.4432291666666667 0.408203125 0.017708333333333333 0.10546875
1 0.515625 0.349609375 0.010416666666666666 0.05859375
1 0.5692708333333333 0.318359375 0.011458333333333333 0.05859375
1 0.6140625 0.30859375 0.011458333333333333 0.0546875
1 0.6625 0.294921875 0.008333333333333333 0.05078125
2 0.7369791666666666 0.53125 0.026041666666666668 0.1484375
2 0.69375 0.435546875 0.016666666666666666 0.09765625
2 0.6807291666666667 0.37109375 0.013541666666666667 0.0703125
2 0.7078125 0.34765625 0.011458333333333333 0.0546875
2 0.7328125 0.326171875 0.009375 0.05078125
2 0.8901041666666667 0.375 0.015625 0.0625
2 0.8984375 0.34375 0.011458333333333333 0.0546875
