2 0.13541666666666666 0.26171875 0.008333333333333333 0.046875
1 0.16510416666666666 0.275390625 0.011458333333333333 0.05078125
1 0.31614583333333335 0.537109375 0.030208333333333334 0.15234375
1 0.3578125 0.265625 0.007291666666666667 0.0390625
2 0.37395833333333334 0.251953125 0.008333333333333333 0.04296875
1 0.4401041666666667 0.2734375 0.007291666666666667 0.0390625
2 0.48125 0.259765625 0.008333333333333333 0.04296875
3 0.47604166666666664 0.451171875 0.03333333333333333 0.20703125
1 0.5161458333333333 0.287109375 0.009375 0.04296875
1 0.56875 0.447265625 0.020833333333333332 0.09765625
2 0.578125 0.271484375 0.008333333333333333 0.04296875
1 0.5848958333333333 0.306640625 0.009375 0.05078125
1 0.6291666666666667 0.337890625 0.0125 0.06640625
3 0.6234375 0.384765625 0.021875 0.14453125
1 0.64375 0.37890625 0.016666666666666666 0.078125
2 0.6838541666666667 0.298828125 0.011458333333333333 0.05078125
2 0.7791666666666667 0.33984375 0.016666666666666666 0.0703125
2 0.903125 0.595703125 0.03333333333333333 0.17578125
3 0.8921875 0.701171875 0.06145833333333333 0.36328125
3 0.9463541666666667 0.48828125 0.03229166666666667 0.203125
0 0.8104166666666667 0.318359375 0.0125 0.05859375
0 0.83125 0.302734375 0.010416666666666666 0.05078125
0 0.8427083333333333 0.294921875 0.010416666666666666 0.05078125
0 0.85625 0.283203125 0.010416666666666666 0.05078125
0 0.8713541666666667 0.275390625 0.009375 0.04296875
0 0.8822916666666667 0.267578125 0.010416666666666666 0.04296875
0 0.9265625 0.271484375 0.011458333333333333 0.05078125
0 0.9708333333333333 0.27734375 0.010416666666666666 0.046875
