0 0.28125 0.416015625 0.020833333333333332 0.10546875
1 0.3390625 0.658203125 0.040625 0.20703125
0 0.3541666666666667 0.34765625 0.016666666666666666 0.0703125
2 0.42239583333333336 0.283203125 0.009375 0.05078125
0 0.4192708333333333 0.416015625 0.019791666666666666 0.09765625
2 0.43854166666666666 0.310546875 0.0125 0.05859375
0 0.4395833333333333 0.353515625 0.014583333333333334 0.07421875
2 0.45260416666666664 0.265625 0.007291666666666667 0.0390625
1 0.5223958333333333 0.287109375 0.009375 0.04296875
1 0.553125 0.306640625 0.0125 0.05078125
2 0.5510416666666667 0.361328125 0.016666666666666666 0.07421875
1 0.5869791666666667 0.4296875 0.019791666666666666 0.1015625
1 0.6380208333333334 0.330078125 0.013541666666666667 0.05859375
1 0.7817708333333333 0.3515625 0.013541666666666667 0.0625
3 0.8692708333333333 0.333984375 0.021875 0.10546875
2 0.8921875 0.552734375 0.03854166666666667 0.14453125
1 0.9453125 0.35546875 0.015625 0.0703125
1 0.9708333333333333 0.28125 0.010416666666666666 0.046875
2 0.9411458333333333 0.259765625 0.009375 0.04296875
