1 0.11875 0.46875 0.027083333333333334 0.1328125
2 0.23072916666666668 0.255859375 0.009375 0.04296875
1 0.25885416666666666 0.267578125 0.009375 0.04296875
1 0.4114583333333333 0.466796875 0.022916666666666665 0.11328125
2 0.4390625 0.25 0.009375 0.0390625
1 0.5010416666666667 0.26953125 0.008333333333333333 0.0390625
2 0.5395833333333333 0.2578125 0.008333333333333333 0.046875
3 0.5375 0.41015625 0.029166666666666667 0.171875
1 0.5734375 0.28125 0.009375 0.046875
1 0.6182291666666667 0.4140625 0.017708333333333333 0.09375
2 0.6333333333333333 0.26953125 0.010416666666666666 0.046875
1 0.6390625 0.298828125 0.009375 0.05078125
3 0.6697916666666667 0.365234375 0.020833333333333332 0.13671875
1 0.6807291666666667 0.32421875 0.013541666666666667 0.0625
1 0.690625 0.365234375 0.014583333333333334 0.07421875
2 0.7375 0.291015625 0.010416666666666666 0.05078125
2 0.8296875 0.333984375 0.011458333333333333 0.06640625
3 0.8692708333333333 0.587890625 0.046875 0.29296875
2 0.8880208333333334 0.8359375 0.053125 0.2421875
2 0.9057291666666667 0.533203125 0.03229166666666667 0.14453125
0 0.8651041666666667 0.31640625 0.011458333333333333 0.0546875
0 0.8895833333333333 0.296875 0.0125 0.0546875
0 0.903125 0.2890625 0.010416666666666666 0.046875
0 0.91875 0.28125 0.010416666666666666 0.046875
0 0.9369791666666667 0.26953125 0.009375 0.046875
0 0.9494791666666667 0.263671875 0.011458333333333333 0.05078125
