1 0.06302083333333333 0.40625 0.021875 0.0859375
1 0.23958333333333334 0.3828125 0.014583333333333334 0.0703125
1 0.31302083333333336 0.357421875 0.011458333333333333 0.05078125
1 0.3411458333333333 0.328125 0.011458333333333333 0.046875
1 0.23385416666666667 0.63671875 0.04479166666666667 0.1875
1 0.32708333333333334 0.48828125 0.027083333333333334 0.109375
1 0.39166666666666666 0.427734375 0.016666666666666666 0.08203125
1 0.46145833333333336 0.3828125 0.014583333333333334 0.0546875
1 0.5833333333333334 0.365234375 0.014583333333333334 0.05078125
1 0.6848958333333334 0.359375 0.011458333333333333 0.0390625
2 0.6989583333333333 0.443359375 0.01875 0.08203125
2 0.7307291666666667 0.435546875 0.019791666666666666 0.07421875
2 0.7151041666666667 0.484375 0.019791666666666666 0.09375
2 0.8270833333333333 0.603515625 0.0375 0.14453125
2 0.815625 0.4375 0.01875 0.0703125
2 0.9078125 0.443359375 0.017708333333333333 0.07421875
