1 0.052083333333333336 0.314453125 0.020833333333333332 0.09765625
1 0.15208333333333332 0.369140625 0.025 0.11328125
1 0.15364583333333334 0.513671875 0.036458333333333336 0.16015625
2 0.17864583333333334 0.2265625 0.009375 0.046875
2 0.19895833333333332 0.220703125 0.008333333333333333 0.04296875
2 0.19114583333333332 0.234375 0.009375 0.046875
2 0.24947916666666667 0.212890625 0.007291666666666667 0.03515625
2 0.24375 0.248046875 0.010416666666666666 0.05078125
2 0.29791666666666666 0.21484375 0.00625 0.0390625
2 0.33125 0.26953125 0.0125 0.0625
2 0.4671875 0.318359375 0.017708333333333333 0.08203125
2 0.609375 0.453125 0.025 0.1171875
2 0.9479166666666666 0.318359375 0.0125 0.05078125
2 0.9447916666666667 0.259765625 0.00625 0.03515625
2 0.9515625 0.267578125 0.007291666666666667 0.03515625
2 0.9583333333333334 0.283203125 0.00625 0.04296875
2 0.9630208333333333 0.3046875 0.009375 0.046875
