0 0.014583333333333334 0.2578125 0.0125 0.0703125
0 0.030208333333333334 0.244140625 0.014583333333333334 0.06640625
0 0.09114583333333333 0.2421875 0.015625 0.0703125
0 0.1453125 0.23828125 0.015625 0.0625
0 0.190625 0.24609375 0.0125 0.0625
0 0.18333333333333332 0.275390625 0.014583333333333334 0.06640625
0 0.18125 0.314453125 0.01875 0.08203125
0 0.17291666666666666 0.369140625 0.020833333333333332 0.11328125
0 0.17916666666666667 0.4375 0.027083333333333334 0.1171875
0 0.15885416666666666 0.564453125 0.03854166666666667 0.17578125
1 0.17239583333333333 0.859375 0.059375 0.2734375
1 0.5015625 0.43359375 0.023958333333333335 0.1171875
1 0.6708333333333333 0.349609375 0.01875 0.08203125
1 0.8286458333333333 0.322265625 0.017708333333333333 0.07421875
2 0.8416666666666667 0.572265625 0.035416666666666666 0.16015625
2 0.8973958333333333 0.455078125 0.028125 0.11328125
