1 0.25729166666666664 0.568359375 0.03125 0.15234375
1 0.14114583333333333 0.341796875 0.013541666666666667 0.05859375
2 0.20208333333333334 0.28515625 0.008333333333333333 0.0390625
2 0.23125 0.291015625 0.008333333333333333 0.04296875
2 0.28125 0.298828125 0.008333333333333333 0.04296875
2 0.3182291666666667 0.298828125 0.009375 0.04296875
1 0.34375 0.3515625 0.0125 0.0625
2 0.3645833333333333 0.29296875 0.008333333333333333 0.046875
2 0.43333333333333335 0.271484375 0.008333333333333333 0.03515625
1 0.46927083333333336 0.42578125 0.017708333333333333 0.0859375
1 0.4796875 0.322265625 0.009375 0.05078125
1 0.54375 0.294921875 0.008333333333333333 0.04296875
1 0.5927083333333333 0.376953125 0.014583333333333334 0.07421875
1 0.7098958333333333 0.3359375 0.011458333333333333 0.0625
1 0.8432291666666667 0.306640625 0.009375 0.05859375
1 0.9505208333333334 0.306640625 0.009375 0.05078125
1 0.575 0.271484375 0.008333333333333333 0.04296875
2 0.43385416666666665 0.271484375 0.007291666666666667 0.03515625
