1 0.4296875 0.568359375 0.028125 0.14453125
1 0.5682291666666667 0.404296875 0.013541666666666667 0.07421875
1 0.6380208333333334 0.353515625 0.009375 0.05078125
1 0.6661458333333333 0.333984375 0.009375 0.04296875
1 0.6890625 0.322265625 0.007291666666666667 0.03515625
1 0.7036458333333333 0.314453125 0.007291666666666667 0.03515625
2 0.7916666666666666 0.322265625 0.008333333333333333 0.03515625
2 0.7932291666666667 0.33984375 0.007291666666666667 0.046875
2 0.8026041666666667 0.37109375 0.011458333333333333 0.0546875
2 0.8338541666666667 0.44140625 0.019791666666666666 0.0859375
