1 0.1234375 0.794921875 0.053125 0.24609375
1 0.3640625 0.5390625 0.023958333333333335 0.125
1 0.3640625 0.537109375 0.023958333333333335 0.12109375
1 0.45989583333333334 0.44921875 0.013541666666666667 0.0859375
1 0.5286458333333334 0.388671875 0.009375 0.05859375
1 0.5723958333333333 0.365234375 0.007291666666666667 0.04296875
2 0.721875 0.392578125 0.0125 0.06640625
2 0.721875 0.390625 0.0125 0.0703125
2 0.7203125 0.453125 0.017708333333333333 0.0859375
2 0.7197916666666667 0.453125 0.016666666666666666 0.0859375
2 0.7625 0.5703125 0.029166666666666667 0.140625
1 0.6223958333333334 0.34375 0.007291666666666667 0.0390625
2 0.7260416666666667 0.37109375 0.010416666666666666 0.0625
2 0.7380208333333333 0.34765625 0.007291666666666667 0.046875
2 0.7703125 0.3359375 0.007291666666666667 0.046875
2 0.9322916666666666 0.361328125 0.010416666666666666 0.05859375
2 0.90625 0.341796875 0.008333333333333333 0.04296875
2 0.9385416666666667 0.330078125 0.008333333333333333 0.04296875
