1 0.03854166666666667 0.306640625 0.0125 0.06640625
2 0.13020833333333334 0.27734375 0.014583333333333334 0.0625
1 0.17708333333333334 0.318359375 0.014583333333333334 0.07421875
2 0.28229166666666666 0.28515625 0.010416666666666666 0.0546875
1 0.2833333333333333 0.349609375 0.014583333333333334 0.06640625
3 0.3223958333333333 0.609375 0.051041666666666666 0.3046875
1 0.3484375 0.400390625 0.017708333333333333 0.08984375
1 0.36822916666666666 0.517578125 0.026041666666666668 0.13671875
2 0.42239583333333336 0.31640625 0.015625 0.0703125
2 0.54375 0.375 0.014583333333333334 0.078125
0 0.5677083333333334 0.333984375 0.0125 0.06640625
0 0.58125 0.3046875 0.010416666666666666 0.0546875
0 0.5885416666666666 0.29296875 0.010416666666666666 0.046875
0 0.5973958333333333 0.279296875 0.009375 0.05078125
0 0.6067708333333334 0.265625 0.007291666666666667 0.046875
0 0.6125 0.255859375 0.008333333333333333 0.04296875
0 0.6489583333333333 0.2578125 0.010416666666666666 0.046875
0 0.6859375 0.26171875 0.009375 0.046875
0 0.728125 0.271484375 0.010416666666666666 0.05078125
0 0.7296875 0.29296875 0.009375 0.0546875
0 0.7333333333333333 0.322265625 0.0125 0.06640625
0 0.7348958333333333 0.36328125 0.013541666666666667 0.0703125
1 0.7385416666666667 0.39453125 0.016666666666666666 0.0859375
1 0.9109375 0.3671875 0.015625 0.0703125
2 0.9130208333333333 0.634765625 0.036458333333333336 0.17578125
