1 0.027083333333333334 0.763671875 0.035416666666666666 0.23046875
1 0.04010416666666667 0.490234375 0.028125 0.12890625
2 0.13177083333333334 0.349609375 0.019791666666666666 0.07421875
2 0.303125 0.40625 0.020833333333333332 0.1015625
2 0.32447916666666665 0.419921875 0.021875 0.09765625
0 0.3515625 0.361328125 0.013541666666666667 0.07421875
0 0.36666666666666664 0.32421875 0.010416666666666666 0.0625
0 0.37447916666666664 0.302734375 0.009375 0.05078125
0 0.38177083333333334 0.283203125 0.007291666666666667 0.05078125
0 0.4161458333333333 0.283203125 0.009375 0.05078125
0 0.44583333333333336 0.283203125 0.008333333333333333 0.04296875
0 0.4739583333333333 0.283203125 0.008333333333333333 0.04296875
0 0.484375 0.302734375 0.008333333333333333 0.05078125
0 0.490625 0.3203125 0.010416666666666666 0.0625
0 0.5036458333333333 0.35546875 0.013541666666666667 0.0703125
1 0.5192708333333333 0.419921875 0.019791666666666666 0.08984375
1 0.5447916666666667 0.392578125 0.016666666666666666 0.08984375
1 0.709375 0.34375 0.014583333333333334 0.0703125
2 0.7708333333333334 0.7265625 0.04583333333333333 0.21875
2 0.7703125 0.466796875 0.026041666666666668 0.11328125
1 0.8645833333333334 0.330078125 0.014583333333333334 0.06640625
2 0.8692708333333333 0.40234375 0.019791666666666666 0.0859375
3 0.8723958333333334 0.837890625 0.071875 0.30078125
