0 0.07604166666666666 0.458984375 0.03333333333333333 0.12890625
0 0.13958333333333334 0.373046875 0.022916666666666665 0.10546875
0 0.165625 0.33984375 0.016666666666666666 0.078125
0 0.190625 0.306640625 0.014583333333333334 0.07421875
0 0.215625 0.279296875 0.014583333333333334 0.06640625
0 0.23020833333333332 0.271484375 0.010416666666666666 0.05078125
0 0.2864583333333333 0.267578125 0.010416666666666666 0.05078125
0 0.33645833333333336 0.265625 0.010416666666666666 0.0546875
0 0.3890625 0.28515625 0.009375 0.046875
0 0.3932291666666667 0.31640625 0.013541666666666667 0.0625
0 0.4 0.341796875 0.0125 0.06640625
0 0.39791666666666664 0.373046875 0.016666666666666666 0.07421875
0 0.4036458333333333 0.45703125 0.021875 0.1171875
1 0.4125 0.548828125 0.03125 0.15234375
1 0.6182291666666667 0.392578125 0.019791666666666666 0.09765625
1 0.7864583333333334 0.345703125 0.014583333333333334 0.07421875
2 0.8708333333333333 0.759765625 0.04375 0.23046875
2 0.8916666666666667 0.5234375 0.029166666666666667 0.1328125
1 0.9760416666666667 0.3515625 0.014583333333333334 0.0703125
