1 0.278125 0.412109375 0.025 0.12109375
1 0.3921875 0.3125 0.015625 0.0859375
1 0.4739583333333333 0.279296875 0.010416666666666666 0.05859375
1 0.525 0.26953125 0.008333333333333333 0.046875
1 0.5666666666666667 0.259765625 0.008333333333333333 0.04296875
1 0.6109375 0.25390625 0.007291666666666667 0.0390625
1 0.6463541666666667 0.25 0.007291666666666667 0.0390625
1 0.728125 0.267578125 0.00625 0.03515625
2 0.6979166666666666 0.279296875 0.008333333333333333 0.04296875
2 0.728125 0.267578125 0.008333333333333333 0.03515625
2 0.6796875 0.294921875 0.011458333333333333 0.05859375
2 0.6619791666666667 0.32421875 0.011458333333333333 0.0703125
2 0.6541666666666667 0.36328125 0.016666666666666666 0.078125
2 0.6625 0.443359375 0.020833333333333332 0.11328125
2 0.7348958333333333 0.697265625 0.042708333333333334 0.19921875
2 0.9166666666666666 0.302734375 0.008333333333333333 0.04296875
2 0.8947916666666667 0.279296875 0.00625 0.03515625
