2 0.9166666666666666 0.71484375 0.03333333333333333 0.1640625
2 0.9229166666666667 0.587890625 0.027083333333333334 0.13671875
1 0.13020833333333334 0.76953125 0.05 0.2265625
1 0.428125 0.470703125 0.01875 0.10546875
1 0.5776041666666667 0.3984375 0.013541666666666667 0.0703125
1 0.6932291666666667 0.388671875 0.011458333333333333 0.06640625
1 0.8104166666666667 0.39453125 0.010416666666666666 0.0546875
1 0.8432291666666667 0.353515625 0.007291666666666667 0.04296875
1 0.9276041666666667 0.404296875 0.011458333333333333 0.05859375
1 0.9177083333333333 0.3515625 0.008333333333333333 0.046875
1 0.73125 0.345703125 0.008333333333333333 0.04296875
2 0.7473958333333334 0.322265625 0.007291666666666667 0.04296875
2 0.8119791666666667 0.318359375 0.007291666666666667 0.03515625
