1 0.37395833333333334 0.515625 0.022916666666666665 0.125
1 0.45989583333333334 0.416015625 0.015625 0.08984375
1 0.5046875 0.359375 0.011458333333333333 0.0625
1 0.5296875 0.322265625 0.007291666666666667 0.04296875
2 0.8526041666666667 0.576171875 0.030208333333333334 0.14453125
2 0.7625 0.43359375 0.016666666666666666 0.0859375
2 0.7213541666666666 0.37109375 0.011458333333333333 0.0625
2 0.6942708333333333 0.33203125 0.009375 0.046875
2 0.6786458333333333 0.3125 0.007291666666666667 0.0390625
2 0.6692708333333334 0.298828125 0.005208333333333333 0.03515625
