2 0.83125 0.59375 0.03125 0.1484375
2 0.7322916666666667 0.439453125 0.016666666666666666 0.08984375
2 0.6354166666666666 0.35546875 0.014583333333333334 0.0625
2 0.528125 0.29296875 0.008333333333333333 0.046875
1 0.35625 0.57421875 0.029166666666666667 0.1484375
1 0.42916666666666664 0.4296875 0.016666666666666666 0.0859375
1 0.39739583333333334 0.357421875 0.013541666666666667 0.06640625
2 0.4354166666666667 0.263671875 0.008333333333333333 0.03515625
2 0.34270833333333334 0.248046875 0.008333333333333333 0.04296875
1 0.34739583333333335 0.3125 0.011458333333333333 0.0625
1 0.0484375 0.279296875 0.011458333333333333 0.05859375
2 0.121875 0.236328125 0.010416666666666666 0.04296875
1 0.20260416666666667 0.279296875 0.013541666666666667 0.05859375
1 0.296875 0.298828125 0.0125 0.05859375
2 0.24270833333333333 0.240234375 0.010416666666666666 0.04296875
