1 0.016145833333333335 0.490234375 0.03229166666666667 0.17578125
2 0.030729166666666665 0.171875 0.011458333333333333 0.0546875
1 0.09375 0.248046875 0.014583333333333334 0.07421875
1 0.20052083333333334 0.20703125 0.009375 0.0546875
1 0.2640625 0.3359375 0.019791666666666666 0.1015625
1 0.24479166666666666 0.17578125 0.008333333333333333 0.046875
1 0.2682291666666667 0.162109375 0.007291666666666667 0.04296875
1 0.2838541666666667 0.158203125 0.005208333333333333 0.03515625
1 0.3223958333333333 0.158203125 0.005208333333333333 0.03515625
1 0.41041666666666665 0.25390625 0.0125 0.0703125
1 0.5354166666666667 0.2109375 0.010416666666666666 0.0546875
1 0.6182291666666667 0.205078125 0.009375 0.05078125
1 0.68125 0.208984375 0.00625 0.04296875
1 0.6833333333333333 0.169921875 0.00625 0.03515625
1 0.7072916666666667 0.189453125 0.00625 0.03515625
1 0.7161458333333334 0.201171875 0.007291666666666667 0.04296875
2 0.7385416666666667 0.2578125 0.016666666666666666 0.078125
2 0.7119791666666667 0.330078125 0.019791666666666666 0.09765625
2 0.7458333333333333 0.568359375 0.03333333333333333 0.17578125
1 0.984375 0.41796875 0.022916666666666665 0.1015625
2 0.9817708333333334 0.32421875 0.015625 0.0625
