1 0.3380208333333333 0.435546875 0.021875 0.10546875
1 0.41302083333333334 0.326171875 0.013541666666666667 0.06640625
1 0.44166666666666665 0.283203125 0.010416666666666666 0.04296875
1 0.45729166666666665 0.26171875 0.008333333333333333 0.0390625
1 0.4671875 0.248046875 0.007291666666666667 0.03515625
2 0.5473958333333333 0.248046875 0.007291666666666667 0.03515625
2 0.5557291666666667 0.263671875 0.009375 0.04296875
2 0.5697916666666667 0.28515625 0.010416666666666666 0.046875
2 0.5973958333333333 0.328125 0.013541666666666667 0.0703125
2 0.6677083333333333 0.4453125 0.025 0.1171875
