1 0.1703125 0.58984375 0.046875 0.1953125
1 0.2552083333333333 0.462890625 0.025 0.11328125
1 0.31979166666666664 0.4140625 0.016666666666666666 0.09375
1 0.390625 0.3671875 0.01875 0.0625
1 0.5072916666666667 0.349609375 0.014583333333333334 0.05859375
1 0.6020833333333333 0.341796875 0.010416666666666666 0.04296875
2 0.6098958333333333 0.416015625 0.013541666666666667 0.08203125
2 0.6203125 0.447265625 0.019791666666666666 0.09765625
2 0.7010416666666667 0.53125 0.03125 0.1328125
2 0.6380208333333334 0.404296875 0.013541666666666667 0.06640625
