3 0.007291666666666667 0.287109375 0.014583333333333334 0.10546875
1 0.05520833333333333 0.404296875 0.020833333333333332 0.10546875
2 0.06614583333333333 0.3125 0.017708333333333333 0.0703125
2 0.09322916666666667 0.240234375 0.011458333333333333 0.05078125
3 0.15572916666666667 0.30078125 0.017708333333333333 0.109375
1 0.1671875 0.490234375 0.03229166666666667 0.13671875
1 0.18645833333333334 0.78125 0.05625 0.265625
2 0.23229166666666667 0.322265625 0.016666666666666666 0.07421875
2 0.36770833333333336 0.314453125 0.0125 0.05859375
2 0.44375 0.298828125 0.010416666666666666 0.05078125
1 0.453125 0.34765625 0.014583333333333334 0.0703125
2 0.43802083333333336 0.41015625 0.015625 0.09375
1 0.5421875 0.267578125 0.007291666666666667 0.04296875
1 0.5546875 0.314453125 0.009375 0.05078125
0 0.5671875 0.357421875 0.013541666666666667 0.07421875
0 0.5859375 0.421875 0.017708333333333333 0.09375
1 0.5697916666666667 0.28515625 0.008333333333333333 0.046875
0 0.6614583333333334 0.361328125 0.016666666666666666 0.07421875
2 0.6869791666666667 0.609375 0.034375 0.171875
0 0.7130208333333333 0.435546875 0.019791666666666666 0.09765625
2 0.4640625 0.26953125 0.007291666666666667 0.0390625
2 0.47239583333333335 0.28515625 0.009375 0.046875
