1 0.3265625 0.62890625 0.03229166666666667 0.171875
1 0.5114583333333333 0.427734375 0.0125 0.08984375
1 0.5401041666666667 0.3828125 0.009375 0.0703125
1 0.5390625 0.361328125 0.009375 0.05859375
1 0.5229166666666667 0.345703125 0.008333333333333333 0.05078125
1 0.44479166666666664 0.3046875 0.00625 0.0390625
1 0.4786458333333333 0.322265625 0.007291666666666667 0.04296875
2 0.5744791666666667 0.337890625 0.007291666666666667 0.04296875
2 0.6442708333333333 0.369140625 0.009375 0.05078125
2 0.7005208333333334 0.39453125 0.009375 0.0625
2 0.7302083333333333 0.427734375 0.0125 0.07421875
2 0.7572916666666667 0.478515625 0.016666666666666666 0.09765625
2 0.8567708333333334 0.76953125 0.040625 0.21875
