1 0.34479166666666666 0.533203125 0.022916666666666665 0.12890625
1 0.4270833333333333 0.404296875 0.014583333333333334 0.08203125
1 0.4630208333333333 0.34765625 0.009375 0.0625
2 0.8057291666666667 0.54296875 0.026041666666666668 0.140625
2 0.7098958333333333 0.419921875 0.015625 0.08203125
2 0.6609375 0.359375 0.011458333333333333 0.0625
2 0.6380208333333334 0.326171875 0.009375 0.05859375
1 0.4796875 0.32421875 0.007291666666666667 0.046875
2 0.6223958333333334 0.306640625 0.007291666666666667 0.04296875
2 0.6130208333333333 0.29296875 0.005208333333333333 0.03125
1 0.4901041666666667 0.302734375 0.005208333333333333 0.03515625
