1 0.38177083333333334 0.712890625 0.042708333333333334 0.22265625
0 0.4890625 0.33984375 0.013541666666666667 0.0703125
0 0.528125 0.31640625 0.0125 0.0625
1 0.590625 0.470703125 0.025 0.12109375
0 0.6427083333333333 0.359375 0.014583333333333334 0.0703125
0 0.6572916666666667 0.333984375 0.0125 0.05859375
2 0.6598958333333333 0.279296875 0.009375 0.04296875
2 0.6739583333333333 0.30078125 0.0125 0.0546875
2 0.6875 0.271484375 0.008333333333333333 0.04296875
2 0.740625 0.265625 0.008333333333333333 0.0390625
1 0.7479166666666667 0.291015625 0.008333333333333333 0.04296875
1 0.7619791666666667 0.283203125 0.009375 0.04296875
1 0.7713541666666667 0.30859375 0.009375 0.046875
2 0.7838541666666666 0.345703125 0.013541666666666667 0.06640625
1 0.8 0.279296875 0.008333333333333333 0.03515625
2 0.815625 0.26953125 0.008333333333333333 0.0390625
2 0.8203125 0.357421875 0.015625 0.07421875
1 0.8166666666666667 0.390625 0.01875 0.078125
1 0.8458333333333333 0.392578125 0.01875 0.08203125
1 0.8583333333333333 0.279296875 0.008333333333333333 0.03515625
1 0.8932291666666666 0.345703125 0.013541666666666667 0.05859375
2 0.93125 0.607421875 0.035416666666666666 0.16015625
2 0.9083333333333333 0.2734375 0.008333333333333333 0.0390625
1 0.9270833333333334 0.283203125 0.008333333333333333 0.03515625
