0 0.240625 0.66796875 0.041666666666666664 0.2109375
0 0.3046875 0.54296875 0.03229166666666667 0.15625
0 0.3546875 0.455078125 0.021875 0.12109375
0 0.39114583333333336 0.384765625 0.015625 0.08203125
0 0.41041666666666665 0.35546875 0.0125 0.0703125
0 0.48489583333333336 0.357421875 0.015625 0.07421875
0 0.5546875 0.359375 0.011458333333333333 0.078125
0 0.6322916666666667 0.359375 0.0125 0.0859375
0 0.6536458333333334 0.40625 0.017708333333333333 0.1015625
0 0.6880208333333333 0.478515625 0.021875 0.12890625
0 0.7401041666666667 0.572265625 0.03229166666666667 0.16015625
0 0.8057291666666667 0.72265625 0.05520833333333333 0.2265625
