2 0.05364583333333333 0.44921875 0.028125 0.1328125
2 0.2828125 0.6484375 0.040625 0.1953125
0 0.36875 0.458984375 0.022916666666666665 0.12109375
0 0.4005208333333333 0.376953125 0.017708333333333333 0.08984375
0 0.4161458333333333 0.34375 0.015625 0.078125
0 0.43020833333333336 0.31640625 0.014583333333333334 0.0703125
0 0.4432291666666667 0.2890625 0.011458333333333333 0.0625
0 0.45208333333333334 0.275390625 0.010416666666666666 0.05078125
0 0.5015625 0.27734375 0.011458333333333333 0.046875
0 0.5484375 0.27734375 0.011458333333333333 0.0546875
0 0.6005208333333333 0.28125 0.011458333333333333 0.0546875
0 0.6078125 0.30078125 0.011458333333333333 0.0625
0 0.6182291666666667 0.328125 0.013541666666666667 0.0703125
0 0.6322916666666667 0.35546875 0.0125 0.078125
0 0.6421875 0.392578125 0.017708333333333333 0.08984375
0 0.6791666666666667 0.4921875 0.027083333333333334 0.1328125
1 0.7260416666666667 0.62109375 0.0375 0.171875
1 0.9213541666666667 0.451171875 0.023958333333333335 0.11328125
