1 0.07916666666666666 0.837890625 0.05625 0.26953125
1 0.3984375 0.439453125 0.017708333333333333 0.08984375
1 0.49583333333333335 0.3671875 0.0125 0.0703125
1 0.5567708333333333 0.337890625 0.009375 0.05859375
1 0.6125 0.314453125 0.00625 0.04296875
1 0.6489583333333333 0.302734375 0.008333333333333333 0.04296875
2 0.7234375 0.51953125 0.023958333333333335 0.140625
2 0.7265625 0.4296875 0.015625 0.078125
2 0.7291666666666666 0.373046875 0.0125 0.05859375
2 0.7390625 0.34375 0.007291666666666667 0.046875
2 0.76875 0.326171875 0.008333333333333333 0.04296875
2 0.8026041666666667 0.318359375 0.007291666666666667 0.04296875
