1 0.2833333333333333 0.87890625 0.052083333333333336 0.2421875
1 0.48385416666666664 0.529296875 0.023958333333333335 0.12890625
1 0.6109375 0.392578125 0.013541666666666667 0.07421875
1 0.6802083333333333 0.34375 0.010416666666666666 0.0546875
1 0.709375 0.33203125 0.008333333333333333 0.0390625
1 0.734375 0.318359375 0.00625 0.03515625
1 0.75 0.314453125 0.00625 0.03515625
2 0.8421875 0.337890625 0.009375 0.04296875
2 0.8489583333333334 0.3671875 0.0125 0.0546875
2 0.875 0.43359375 0.020833333333333332 0.0859375
