1 0.008333333333333333 0.341796875 0.014583333333333334 0.06640625
2 0.0328125 0.271484375 0.011458333333333333 0.05078125
1 0.03697916666666667 0.390625 0.021875 0.0859375
1 0.059895833333333336 0.306640625 0.015625 0.06640625
2 0.08072916666666667 0.65234375 0.04895833333333333 0.21875
1 0.13854166666666667 0.279296875 0.010416666666666666 0.05078125
2 0.1703125 0.25390625 0.009375 0.046875
1 0.22604166666666667 0.267578125 0.010416666666666666 0.04296875
2 0.2838541666666667 0.25 0.007291666666666667 0.03125
1 0.28229166666666666 0.439453125 0.025 0.10546875
1 0.3046875 0.2578125 0.007291666666666667 0.0390625
2 0.3614583333333333 0.24609375 0.008333333333333333 0.0390625
1 0.371875 0.2578125 0.008333333333333333 0.0390625
1 0.44947916666666665 0.259765625 0.007291666666666667 0.03515625
2 0.46510416666666665 0.25 0.007291666666666667 0.0390625
1 0.5416666666666666 0.263671875 0.008333333333333333 0.04296875
1 0.5348958333333333 0.431640625 0.023958333333333335 0.10546875
2 0.5734375 0.2578125 0.007291666666666667 0.0390625
1 0.6182291666666667 0.279296875 0.009375 0.04296875
3 0.6151041666666667 0.392578125 0.028125 0.15234375
2 0.6734375 0.2734375 0.007291666666666667 0.0390625
1 0.6765625 0.296875 0.009375 0.046875
1 0.6697916666666667 0.40234375 0.01875 0.0859375
1 0.7255208333333333 0.3203125 0.011458333333333333 0.0546875
3 0.71875 0.353515625 0.020833333333333332 0.12109375
1 0.7338541666666667 0.357421875 0.013541666666666667 0.07421875
2 0.7583333333333333 0.29296875 0.010416666666666666 0.046875
2 0.8484375 0.333984375 0.011458333333333333 0.05078125
2 0.8578125 0.33984375 0.011458333333333333 0.0546875
0 0.8947916666666667 0.32421875 0.010416666666666666 0.0546875
0 0.921875 0.3125 0.010416666666666666 0.046875
0 0.9401041666666666 0.3046875 0.009375 0.046875
0 0.9578125 0.296875 0.009375 0.0390625
3 0.9578125 0.439453125 0.03229166666666667 0.17578125
2 0.9270833333333334 0.498046875 0.027083333333333334 0.12109375
3 0.8942708333333333 0.53125 0.042708333333333334 0.2421875
2 0.8770833333333333 0.68359375 0.04375 0.1953125
