1 0.278125 0.23046875 0.00625 0.03125
1 0.2625 0.232421875 0.00625 0.03515625
1 0.24739583333333334 0.236328125 0.007291666666666667 0.03515625
1 0.23177083333333334 0.25390625 0.007291666666666667 0.046875
1 0.2375 0.28515625 0.008333333333333333 0.0546875
1 0.2630208333333333 0.345703125 0.011458333333333333 0.06640625
1 0.33645833333333336 0.552734375 0.029166666666666667 0.14453125
1 0.4125 0.390625 0.014583333333333334 0.078125
2 0.3567708333333333 0.251953125 0.007291666666666667 0.03515625
2 0.3625 0.267578125 0.00625 0.03515625
2 0.37604166666666666 0.28125 0.008333333333333333 0.046875
2 0.4078125 0.310546875 0.007291666666666667 0.04296875
2 0.4640625 0.322265625 0.009375 0.05078125
2 0.528125 0.330078125 0.008333333333333333 0.05078125
2 0.6041666666666666 0.3671875 0.0125 0.0625
2 0.6130208333333333 0.419921875 0.015625 0.08203125
2 0.6901041666666666 0.568359375 0.028125 0.14453125
