0 0.23125 0.5930555555555556 0.020833333333333332 0.06574074074074074
3 0.22005208333333334 0.5652777777777778 0.028645833333333332 0.10462962962962963
3 0.2140625 0.6240740740740741 0.04479166666666667 0.13703703703703704
0 0.26979166666666665 0.5546296296296296 0.01875 0.04814814814814815
2 0.2859375 0.5425925925925926 0.015625 0.044444444444444446
3 0.3 0.5185185185185185 0.014583333333333334 0.06296296296296296
3 0.3731770833333333 0.5157407407407407 0.016145833333333335 0.04814814814814815
2 0.51875 0.5291666666666667 0.0125 0.032407407407407406
3 0.565625 0.5393518518518519 0.019791666666666666 0.06759259259259259
0 0.59609375 0.6166666666666667 0.04114583333333333 0.05
3 0.94296875 0.8435185185185186 0.0828125 0.2574074074074074
