1 0.2203125 0.818359375 0.053125 0.24609375
2 0.7729166666666667 0.75 0.04791666666666667 0.2109375
1 0.38125 0.48828125 0.020833333333333332 0.109375
2 0.7151041666666667 0.53515625 0.028125 0.1328125
2 0.7098958333333333 0.44140625 0.021875 0.0859375
2 0.7270833333333333 0.3984375 0.016666666666666666 0.0703125
2 0.753125 0.3828125 0.014583333333333334 0.0703125
1 0.51875 0.38671875 0.014583333333333334 0.0703125
1 0.590625 0.353515625 0.010416666666666666 0.05078125
1 0.6619791666666667 0.3359375 0.007291666666666667 0.046875
