1 0.3255208333333333 0.349609375 0.007291666666666667 0.05078125
1 0.39479166666666665 0.357421875 0.008333333333333333 0.05078125
1 0.434375 0.373046875 0.008333333333333333 0.05078125
1 0.4744791666666667 0.396484375 0.009375 0.05859375
1 0.5005208333333333 0.43359375 0.011458333333333333 0.0703125
1 0.46822916666666664 0.484375 0.015625 0.0859375
1 0.34479166666666666 0.568359375 0.025 0.12890625
2 0.5692708333333333 0.36328125 0.009375 0.046875
2 0.6520833333333333 0.3984375 0.010416666666666666 0.0546875
2 0.7135416666666666 0.443359375 0.0125 0.06640625
2 0.7458333333333333 0.498046875 0.01875 0.09765625
2 0.8088541666666667 0.640625 0.034375 0.15625
