1 0.2890625 0.6328125 0.046875 0.203125
1 0.38177083333333334 0.46484375 0.026041666666666668 0.109375
1 0.43020833333333336 0.3984375 0.01875 0.078125
1 0.4505208333333333 0.35546875 0.013541666666666667 0.0546875
1 0.4890625 0.326171875 0.013541666666666667 0.05078125
1 0.5411458333333333 0.30859375 0.013541666666666667 0.046875
2 0.859375 0.615234375 0.04583333333333333 0.19140625
2 0.7 0.443359375 0.027083333333333334 0.11328125
2 0.6442708333333333 0.384765625 0.017708333333333333 0.08203125
2 0.6067708333333334 0.341796875 0.013541666666666667 0.06640625
2 0.94375 0.3046875 0.010416666666666666 0.0625
2 0.8286458333333333 0.310546875 0.011458333333333333 0.06640625
2 0.7510416666666667 0.3125 0.010416666666666666 0.0546875
2 0.6869791666666667 0.314453125 0.011458333333333333 0.05859375
2 0.6505208333333333 0.31640625 0.015625 0.0625
2 0.6239583333333333 0.32421875 0.010416666666666666 0.0625
