1 0.21302083333333333 0.841796875 0.057291666666666664 0.26171875
1 0.18125 0.57421875 0.03125 0.15625
1 0.19635416666666666 0.431640625 0.019791666666666666 0.09765625
1 0.196875 0.3671875 0.016666666666666666 0.078125
1 0.20572916666666666 0.33203125 0.011458333333333333 0.0546875
1 0.26979166666666665 0.302734375 0.010416666666666666 0.05078125
1 0.31354166666666666 0.291015625 0.00625 0.03515625
1 0.353125 0.279296875 0.00625 0.03515625
1 0.396875 0.279296875 0.00625 0.03515625
1 0.42604166666666665 0.279296875 0.00625 0.02734375
1 0.4588541666666667 0.271484375 0.005208333333333333 0.02734375
2 0.5255208333333333 0.259765625 0.005208333333333333 0.02734375
2 0.5307291666666667 0.27734375 0.005208333333333333 0.03125
2 0.5135416666666667 0.2890625 0.00625 0.0390625
2 0.3619791666666667 0.353515625 0.011458333333333333 0.05859375
2 0.3723958333333333 0.3125 0.007291666666666667 0.0390625
2 0.3880208333333333 0.30078125 0.007291666666666667 0.0390625
2 0.40520833333333334 0.298828125 0.00625 0.03515625
2 0.4395833333333333 0.296875 0.00625 0.03125
2 0.48489583333333336 0.298828125 0.007291666666666667 0.03515625
2 0.396875 0.396484375 0.014583333333333334 0.08203125
2 0.515625 0.4765625 0.020833333333333332 0.109375
2 0.7432291666666667 0.6484375 0.034375 0.171875
