1 0.2604166666666667 0.580078125 0.03125 0.15234375
1 0.24322916666666666 0.419921875 0.021875 0.10546875
2 0.06822916666666666 0.2421875 0.013541666666666667 0.0625
1 0.1125 0.32421875 0.016666666666666666 0.0859375
1 0.18229166666666666 0.353515625 0.020833333333333332 0.08984375
1 0.18802083333333333 0.220703125 0.007291666666666667 0.03515625
2 0.20833333333333334 0.251953125 0.010416666666666666 0.05078125
2 0.27395833333333336 0.234375 0.00625 0.03125
1 0.3104166666666667 0.224609375 0.00625 0.03515625
2 0.3302083333333333 0.271484375 0.010416666666666666 0.05078125
2 0.3614583333333333 0.23828125 0.00625 0.0390625
1 0.3796875 0.23046875 0.005208333333333333 0.03125
2 0.4354166666666667 0.2421875 0.00625 0.0390625
2 0.4479166666666667 0.3046875 0.0125 0.0625
1 0.4588541666666667 0.234375 0.005208333333333333 0.03125
1 0.5458333333333333 0.244140625 0.00625 0.03515625
2 0.5880208333333333 0.396484375 0.017708333333333333 0.08984375
2 0.646875 0.267578125 0.008333333333333333 0.04296875
1 0.6567708333333333 0.25 0.007291666666666667 0.0390625
1 0.7255208333333333 0.2578125 0.007291666666666667 0.0390625
2 0.7369791666666666 0.283203125 0.009375 0.05078125
2 0.746875 0.548828125 0.029166666666666667 0.13671875
1 0.7755208333333333 0.26171875 0.007291666666666667 0.046875
1 0.8203125 0.265625 0.007291666666666667 0.0390625
2 0.8494791666666667 0.3046875 0.009375 0.046875
1 0.8630208333333333 0.265625 0.007291666666666667 0.0390625
