2 0.9234375 0.626953125 0.028125 0.13671875
1 0.3578125 0.515625 0.023958333333333335 0.125
1 0.5333333333333333 0.416015625 0.014583333333333334 0.08984375
1 0.6557291666666667 0.3984375 0.011458333333333333 0.0703125
1 0.7713541666666667 0.3984375 0.011458333333333333 0.0546875
1 0.884375 0.40625 0.010416666666666666 0.0546875
1 0.7979166666666667 0.35546875 0.008333333333333333 0.046875
1 0.8677083333333333 0.34765625 0.008333333333333333 0.0390625
1 0.6885416666666667 0.34375 0.008333333333333333 0.0390625
2 0.7026041666666667 0.318359375 0.007291666666666667 0.04296875
2 0.6677083333333333 0.3125 0.00625 0.0390625
