1 0.2833333333333333 0.650390625 0.03333333333333333 0.16796875
1 0.39114583333333336 0.458984375 0.017708333333333333 0.08984375
1 0.4744791666666667 0.38671875 0.011458333333333333 0.0625
1 0.5494791666666666 0.34375 0.011458333333333333 0.0546875
1 0.640625 0.322265625 0.008333333333333333 0.04296875
1 0.7244791666666667 0.318359375 0.007291666666666667 0.04296875
1 0.8197916666666667 0.318359375 0.008333333333333333 0.04296875
1 0.9177083333333333 0.318359375 0.008333333333333333 0.04296875
2 0.875 0.357421875 0.0125 0.05859375
2 0.7854166666666667 0.3671875 0.0125 0.0625
2 0.7359375 0.380859375 0.013541666666666667 0.06640625
2 0.7 0.392578125 0.014583333333333334 0.07421875
2 0.6848958333333334 0.439453125 0.017708333333333333 0.09765625
2 0.840625 0.642578125 0.035416666666666666 0.16796875
