1 0.13541666666666666 0.740234375 0.05 0.23046875
1 0.36302083333333335 0.46875 0.019791666666666666 0.109375
1 0.4713541666666667 0.36328125 0.011458333333333333 0.0703125
1 0.5380208333333333 0.330078125 0.009375 0.05078125
1 0.5869791666666667 0.310546875 0.007291666666666667 0.04296875
1 0.6369791666666667 0.296875 0.007291666666666667 0.0390625
2 0.6807291666666667 0.40625 0.013541666666666667 0.078125
2 0.7239583333333334 0.517578125 0.025 0.12109375
2 0.8729166666666667 0.810546875 0.05 0.24609375
2 0.9453125 0.3515625 0.009375 0.046875
2 0.9286458333333333 0.41015625 0.015625 0.0703125
2 0.9171875 0.37109375 0.011458333333333333 0.0546875
2 0.7036458333333333 0.3671875 0.011458333333333333 0.0625
2 0.7213541666666666 0.33984375 0.009375 0.046875
2 0.7416666666666667 0.3203125 0.008333333333333333 0.0390625
2 0.771875 0.310546875 0.00625 0.03515625
