0 0.3020833333333333 0.58203125 0.035416666666666666 0.1640625
0 0.3734375 0.435546875 0.021875 0.10546875
0 0.4005208333333333 0.375 0.017708333333333333 0.0859375
0 0.421875 0.33203125 0.014583333333333334 0.0703125
0 0.4713541666666667 0.33203125 0.013541666666666667 0.0703125
0 0.5161458333333333 0.33203125 0.013541666666666667 0.0703125
0 0.5583333333333333 0.333984375 0.014583333333333334 0.07421875
0 0.5791666666666667 0.380859375 0.016666666666666666 0.08203125
0 0.5958333333333333 0.435546875 0.01875 0.09765625
0 0.6447916666666667 0.5859375 0.03125 0.15625
1 0.8286458333333333 0.869140625 0.05520833333333333 0.26171875
