2 0.06145833333333333 0.5546875 0.03958333333333333 0.1640625
1 0.115625 0.33203125 0.0125 0.0625
1 0.14791666666666667 0.30078125 0.0125 0.0546875
1 0.15416666666666667 0.3671875 0.014583333333333334 0.078125
1 0.2953125 0.40234375 0.019791666666666666 0.09375
1 0.21145833333333333 0.28125 0.008333333333333333 0.0390625
2 0.3375 0.25 0.00625 0.03125
1 0.3619791666666667 0.259765625 0.007291666666666667 0.03515625
1 0.5057291666666667 0.404296875 0.015625 0.08984375
1 0.5072916666666667 0.251953125 0.00625 0.03515625
2 0.5192708333333333 0.2421875 0.007291666666666667 0.0390625
1 0.5776041666666667 0.259765625 0.007291666666666667 0.03515625
3 0.6083333333333333 0.365234375 0.022916666666666665 0.13671875
2 0.6145833333333334 0.248046875 0.008333333333333333 0.04296875
1 0.646875 0.267578125 0.00625 0.03515625
1 0.6791666666666667 0.373046875 0.014583333333333334 0.08203125
2 0.7067708333333333 0.255859375 0.007291666666666667 0.04296875
1 0.7098958333333333 0.28515625 0.007291666666666667 0.0390625
3 0.7291666666666666 0.3359375 0.01875 0.1171875
1 0.746875 0.310546875 0.010416666666666666 0.05078125
1 0.7520833333333333 0.341796875 0.0125 0.06640625
2 0.8098958333333334 0.279296875 0.009375 0.05078125
2 0.84375 0.623046875 0.03958333333333333 0.18359375
3 0.8645833333333334 0.486328125 0.041666666666666664 0.23046875
2 0.8979166666666667 0.314453125 0.0125 0.05859375
2 0.9182291666666667 0.46484375 0.026041666666666668 0.125
0 0.9411458333333333 0.298828125 0.011458333333333333 0.05859375
0 0.971875 0.287109375 0.010416666666666666 0.05078125
0 0.9885416666666667 0.28125 0.010416666666666666 0.0546875
