1 0.22864583333333333 0.34765625 0.007291666666666667 0.0546875
1 0.3109375 0.359375 0.009375 0.0546875
1 0.35625 0.37890625 0.010416666666666666 0.0625
1 0.4015625 0.40625 0.011458333333333333 0.0625
1 0.4296875 0.455078125 0.011458333333333333 0.08203125
1 0.38333333333333336 0.533203125 0.020833333333333332 0.11328125
1 0.18177083333333333 0.71875 0.040625 0.1953125
2 0.8463541666666666 0.8046875 0.046875 0.2109375
2 0.7182291666666667 0.537109375 0.021875 0.11328125
2 0.5098958333333333 0.361328125 0.009375 0.05078125
2 0.6005208333333333 0.400390625 0.011458333333333333 0.05859375
2 0.6703125 0.4609375 0.013541666666666667 0.078125
