1 0.10625 0.2890625 0.0125 0.046875
2 0.13802083333333334 0.265625 0.011458333333333333 0.0546875
3 0.18229166666666666 0.75 0.07291666666666667 0.4375
1 0.22916666666666666 0.29296875 0.0125 0.0546875
2 0.28854166666666664 0.271484375 0.010416666666666666 0.05078125
2 0.33125 0.30859375 0.0125 0.0546875
1 0.3890625 0.623046875 0.03854166666666667 0.18359375
1 0.3307291666666667 0.3046875 0.011458333333333333 0.0546875
2 0.40729166666666666 0.279296875 0.010416666666666666 0.05078125
1 0.415625 0.32421875 0.0125 0.0546875
1 0.47291666666666665 0.369140625 0.016666666666666666 0.07421875
3 0.475 0.474609375 0.03333333333333333 0.22265625
1 0.4979166666666667 0.4453125 0.016666666666666666 0.1015625
2 0.5286458333333334 0.306640625 0.011458333333333333 0.05078125
2 0.6364583333333333 0.35546875 0.014583333333333334 0.078125
0 0.6604166666666667 0.32421875 0.010416666666666666 0.0546875
0 0.675 0.30078125 0.010416666666666666 0.0546875
0 0.6828125 0.291015625 0.009375 0.04296875
0 0.6916666666666667 0.279296875 0.010416666666666666 0.04296875
0 0.7015625 0.265625 0.009375 0.0390625
0 0.7088541666666667 0.263671875 0.009375 0.04296875
0 0.7463541666666667 0.26171875 0.009375 0.046875
0 0.7838541666666666 0.265625 0.011458333333333333 0.046875
0 0.8291666666666667 0.310546875 0.010416666666666666 0.05078125
0 0.825 0.326171875 0.0125 0.05859375
0 0.8229166666666666 0.35546875 0.0125 0.0625
1 0.8208333333333333 0.380859375 0.014583333333333334 0.07421875
3 0.9416666666666667 0.626953125 0.04375 0.30078125
