1 0.07395833333333333 0.798828125 0.052083333333333336 0.26171875
1 0.058333333333333334 0.513671875 0.03333333333333333 0.14453125
2 0.19270833333333334 0.34765625 0.01875 0.078125
2 0.3671875 0.40625 0.019791666666666666 0.09375
0 0.390625 0.349609375 0.0125 0.07421875
0 0.40260416666666665 0.3125 0.009375 0.0625
0 0.40989583333333335 0.296875 0.009375 0.0546875
0 0.41770833333333335 0.279296875 0.008333333333333333 0.05078125
0 0.4244791666666667 0.26171875 0.007291666666666667 0.046875
0 0.43020833333333336 0.255859375 0.008333333333333333 0.05078125
0 0.46927083333333336 0.251953125 0.009375 0.04296875
0 0.5046875 0.2578125 0.009375 0.046875
0 0.5442708333333334 0.2578125 0.007291666666666667 0.0390625
0 0.5479166666666667 0.271484375 0.008333333333333333 0.04296875
0 0.5526041666666667 0.287109375 0.009375 0.05078125
0 0.5598958333333334 0.302734375 0.009375 0.05859375
0 0.5625 0.32421875 0.0125 0.0546875
0 0.5744791666666667 0.361328125 0.013541666666666667 0.07421875
1 0.5875 0.404296875 0.014583333333333334 0.08203125
1 0.7255208333333333 0.34765625 0.013541666666666667 0.0703125
2 0.840625 0.4921875 0.029166666666666667 0.125
2 0.875 0.72265625 0.04791666666666667 0.2265625
1 0.8838541666666667 0.33203125 0.013541666666666667 0.0546875
2 0.91875 0.42578125 0.020833333333333332 0.09375
