0 0.06666666666666667 0.48828125 0.027083333333333334 0.1328125
1 0.14947916666666666 0.875 0.059375 0.25
0 0.20364583333333333 0.375 0.015625 0.0859375
0 0.31666666666666665 0.46875 0.022916666666666665 0.125
2 0.34375 0.30859375 0.010416666666666666 0.0625
0 0.3515625 0.369140625 0.015625 0.08203125
1 0.4708333333333333 0.296875 0.008333333333333333 0.046875
2 0.46927083333333336 0.361328125 0.013541666666666667 0.08203125
1 0.5088541666666667 0.453125 0.019791666666666666 0.109375
1 0.5609375 0.322265625 0.011458333333333333 0.05859375
1 0.7057291666666666 0.337890625 0.011458333333333333 0.06640625
3 0.7859375 0.3203125 0.015625 0.1015625
2 0.846875 0.580078125 0.035416666666666666 0.16015625
1 0.8572916666666667 0.33984375 0.010416666666666666 0.0703125
2 0.9114583333333334 0.451171875 0.025 0.10546875
3 0.9197916666666667 0.310546875 0.014583333333333334 0.09765625
3 0.9713541666666666 0.396484375 0.021875 0.15234375
1 0.9494791666666667 0.3203125 0.009375 0.0546875
