1 0.07447916666666667 0.443359375 0.021875 0.11328125
2 0.08958333333333333 0.33984375 0.0125 0.0703125
1 0.16875 0.548828125 0.029166666666666667 0.15234375
2 0.2947916666666667 0.369140625 0.016666666666666666 0.07421875
2 0.45416666666666666 0.435546875 0.022916666666666665 0.10546875
2 0.7567708333333333 0.814453125 0.051041666666666666 0.26171875
0 0.7875 0.357421875 0.0125 0.06640625
0 0.7911458333333333 0.396484375 0.015625 0.08203125
0 0.7989583333333333 0.455078125 0.020833333333333332 0.09765625
0 0.8145833333333333 0.5859375 0.03125 0.15625
0 0.8473958333333333 0.365234375 0.015625 0.07421875
0 0.9041666666666667 0.375 0.014583333333333334 0.0703125
0 0.965625 0.384765625 0.014583333333333334 0.07421875
