1 0.109375 0.802734375 0.058333333333333334 0.26171875
1 0.09791666666666667 0.5078125 0.029166666666666667 0.1328125
3 0.12291666666666666 0.53125 0.04583333333333333 0.2578125
2 0.1859375 0.357421875 0.013541666666666667 0.07421875
0 0.20885416666666667 0.369140625 0.015625 0.07421875
0 0.2171875 0.271484375 0.009375 0.04296875
0 0.21510416666666668 0.298828125 0.009375 0.05078125
0 0.2140625 0.328125 0.013541666666666667 0.0546875
0 0.2520833333333333 0.271484375 0.00625 0.04296875
0 0.28177083333333336 0.2734375 0.007291666666666667 0.0390625
0 0.30885416666666665 0.271484375 0.007291666666666667 0.04296875
0 0.32135416666666666 0.28125 0.007291666666666667 0.046875
0 0.32916666666666666 0.296875 0.008333333333333333 0.046875
0 0.34479166666666666 0.314453125 0.0125 0.05859375
1 0.36302083333333335 0.3515625 0.013541666666666667 0.0703125
1 0.3807291666666667 0.337890625 0.011458333333333333 0.06640625
2 0.5057291666666667 0.44140625 0.017708333333333333 0.1015625
1 0.5015625 0.302734375 0.011458333333333333 0.05078125
2 0.5276041666666667 0.357421875 0.013541666666666667 0.07421875
3 0.5197916666666667 0.46875 0.03333333333333333 0.203125
2 0.6 0.599609375 0.03333333333333333 0.16796875
3 0.8140625 0.74609375 0.06979166666666667 0.40625
2 0.5953125 0.322265625 0.011458333333333333 0.05859375
1 0.6072916666666667 0.291015625 0.008333333333333333 0.04296875
2 0.678125 0.310546875 0.0125 0.05078125
1 0.709375 0.2890625 0.008333333333333333 0.0390625
2 0.7552083333333334 0.310546875 0.0125 0.05078125
1 0.8536458333333333 0.298828125 0.007291666666666667 0.04296875
2 0.8765625 0.31640625 0.011458333333333333 0.046875
