1 0.14270833333333333 0.291015625 0.010416666666666666 0.05859375
2 0.2078125 0.2734375 0.009375 0.046875
1 0.2671875 0.30859375 0.011458333333333333 0.0546875
2 0.35052083333333334 0.28515625 0.009375 0.0546875
1 0.30572916666666666 0.75 0.046875 0.234375
1 0.3515625 0.330078125 0.011458333333333333 0.06640625
1 0.42135416666666664 0.373046875 0.015625 0.08203125
2 0.45625 0.302734375 0.0125 0.05859375
3 0.41875 0.501953125 0.03333333333333333 0.23046875
1 0.4421875 0.474609375 0.019791666666666666 0.12109375
2 0.5677083333333334 0.357421875 0.0125 0.06640625
2 0.5833333333333334 0.369140625 0.014583333333333334 0.07421875
0 0.6057291666666667 0.333984375 0.011458333333333333 0.05859375
0 0.6192708333333333 0.30859375 0.007291666666666667 0.0546875
0 0.6260416666666667 0.294921875 0.00625 0.04296875
0 0.6338541666666667 0.28125 0.007291666666666667 0.0390625
0 0.6651041666666667 0.28515625 0.007291666666666667 0.0390625
0 0.69375 0.287109375 0.008333333333333333 0.04296875
0 0.7213541666666666 0.2890625 0.007291666666666667 0.046875
0 0.7296875 0.3046875 0.007291666666666667 0.046875
0 0.7317708333333334 0.32421875 0.007291666666666667 0.046875
0 0.7380208333333333 0.349609375 0.011458333333333333 0.05859375
1 0.7416666666666667 0.39453125 0.014583333333333334 0.078125
1 0.7708333333333334 0.3828125 0.014583333333333334 0.0703125
2 0.9026041666666667 0.599609375 0.03229166666666667 0.16796875
3 0.8822916666666667 0.66015625 0.052083333333333336 0.3359375
