0 0.19635416666666666 0.765625 0.057291666666666664 0.2421875
0 0.28125 0.59765625 0.035416666666666666 0.171875
0 0.34270833333333334 0.490234375 0.025 0.13671875
0 0.3859375 0.416015625 0.017708333333333333 0.09765625
0 0.4078125 0.37890625 0.015625 0.0859375
0 0.4859375 0.384765625 0.015625 0.07421875
0 0.5614583333333333 0.384765625 0.014583333333333334 0.08984375
0 0.64375 0.392578125 0.016666666666666666 0.08203125
0 0.6677083333333333 0.44140625 0.01875 0.09375
0 0.7104166666666667 0.5234375 0.027083333333333334 0.1328125
0 0.7765625 0.63671875 0.040625 0.1953125
0 0.8614583333333333 0.833984375 0.05625 0.27734375
