1 0.38385416666666666 0.615234375 0.03229166666666667 0.16015625
1 0.49375 0.43359375 0.01875 0.0859375
1 0.5427083333333333 0.36328125 0.0125 0.0625
1 0.565625 0.328125 0.008333333333333333 0.046875
1 0.5765625 0.30859375 0.007291666666666667 0.0390625
1 0.5864583333333333 0.296875 0.00625 0.0390625
2 0.6880208333333333 0.283203125 0.005208333333333333 0.02734375
2 0.6963541666666667 0.29296875 0.005208333333333333 0.03125
2 0.7067708333333333 0.302734375 0.007291666666666667 0.03515625
2 0.7244791666666667 0.3203125 0.007291666666666667 0.0390625
2 0.7421875 0.345703125 0.011458333333333333 0.05859375
2 0.7671875 0.390625 0.015625 0.0703125
2 0.8166666666666667 0.494140625 0.025 0.11328125
