2 0.096875 0.314453125 0.010416666666666666 0.05859375
2 0.14947916666666666 0.310546875 0.011458333333333333 0.05859375
1 0.1671875 0.384765625 0.015625 0.08984375
2 0.21302083333333333 0.302734375 0.009375 0.05078125
2 0.303125 0.275390625 0.008333333333333333 0.04296875
1 0.3296875 0.501953125 0.021875 0.12109375
1 0.35572916666666665 0.330078125 0.011458333333333333 0.06640625
1 0.4328125 0.294921875 0.009375 0.05078125
1 0.4671875 0.26953125 0.007291666666666667 0.046875
1 0.4921875 0.40234375 0.015625 0.0859375
1 0.4864583333333333 0.255859375 0.00625 0.03515625
1 0.4979166666666667 0.251953125 0.00625 0.03515625
1 0.5328125 0.251953125 0.005208333333333333 0.02734375
1 0.6177083333333333 0.33984375 0.0125 0.0703125
1 0.74375 0.298828125 0.010416666666666666 0.05859375
1 0.8369791666666667 0.294921875 0.009375 0.05078125
1 0.9130208333333333 0.296875 0.009375 0.046875
1 0.9604166666666667 0.29296875 0.008333333333333333 0.046875
1 0.95 0.279296875 0.008333333333333333 0.03515625
1 0.9203125 0.263671875 0.007291666666666667 0.03515625
1 0.8885416666666667 0.2578125 0.00625 0.03125
2 0.9322916666666666 0.416015625 0.022916666666666665 0.09765625
