1 0.4203125 0.455078125 0.019791666666666666 0.10546875
1 0.5453125 0.41796875 0.011458333333333333 0.078125
1 0.61875 0.3984375 0.010416666666666666 0.0625
1 0.6260416666666667 0.357421875 0.00625 0.04296875
1 0.6447916666666667 0.3828125 0.008333333333333333 0.0546875
2 0.8348958333333333 0.576171875 0.030208333333333334 0.14453125
2 0.8302083333333333 0.427734375 0.014583333333333334 0.05859375
2 0.8223958333333333 0.466796875 0.017708333333333333 0.09765625
2 0.8260416666666667 0.408203125 0.010416666666666666 0.05859375
2 0.7828125 0.373046875 0.009375 0.05078125
