1 0.21041666666666667 0.734375 0.041666666666666664 0.21875
1 0.4427083333333333 0.47265625 0.016666666666666666 0.1015625
2 0.8588541666666667 0.533203125 0.023958333333333335 0.12890625
2 0.7927083333333333 0.423828125 0.014583333333333334 0.08203125
2 0.7604166666666666 0.3671875 0.010416666666666666 0.0546875
2 0.7359375 0.33203125 0.007291666666666667 0.046875
2 0.7234375 0.31640625 0.005208333333333333 0.03125
2 0.7229166666666667 0.314453125 0.00625 0.04296875
1 0.5119791666666667 0.39453125 0.011458333333333333 0.0703125
1 0.5520833333333334 0.3515625 0.008333333333333333 0.0546875
1 0.5760416666666667 0.3203125 0.008333333333333333 0.046875
