1 0.1359375 0.51953125 0.036458333333333336 0.1484375
1 0.052083333333333336 0.435546875 0.029166666666666667 0.11328125
1 0.14375 0.28515625 0.010416666666666666 0.046875
2 0.24479166666666666 0.314453125 0.010416666666666666 0.05078125
2 0.25416666666666665 0.326171875 0.0125 0.05078125
2 0.265625 0.306640625 0.010416666666666666 0.05078125
2 0.30104166666666665 0.337890625 0.014583333333333334 0.05859375
2 0.3171875 0.296875 0.009375 0.046875
2 0.36666666666666664 0.298828125 0.010416666666666666 0.04296875
2 0.3885416666666667 0.365234375 0.020833333333333332 0.08203125
2 0.4453125 0.296875 0.009375 0.0390625
2 0.5494791666666666 0.439453125 0.026041666666666668 0.11328125
2 0.7848958333333333 0.6953125 0.053125 0.21875
2 0.5125 0.296875 0.008333333333333333 0.03125
2 0.5796875 0.294921875 0.007291666666666667 0.03515625
2 0.64375 0.298828125 0.00625 0.03515625
1 0.020833333333333332 0.30859375 0.0125 0.0546875
