1 0.015625 0.40625 0.027083333333333334 0.1171875
3 0.07447916666666667 0.419921875 0.034375 0.19921875
1 0.1078125 0.876953125 0.053125 0.23828125
1 0.12916666666666668 0.51953125 0.035416666666666666 0.15625
1 0.09114583333333333 0.24609375 0.011458333333333333 0.0546875
2 0.15833333333333333 0.283203125 0.0125 0.05859375
2 0.15989583333333332 0.310546875 0.013541666666666667 0.06640625
1 0.19375 0.23046875 0.008333333333333333 0.0390625
2 0.20104166666666667 0.263671875 0.010416666666666666 0.05078125
3 0.19791666666666666 0.310546875 0.01875 0.10546875
2 0.24479166666666666 0.34765625 0.014583333333333334 0.078125
2 0.259375 0.25390625 0.008333333333333333 0.046875
1 0.28958333333333336 0.23046875 0.008333333333333333 0.0390625
2 0.3265625 0.25 0.009375 0.0390625
3 0.32916666666666666 0.341796875 0.020833333333333332 0.12890625
1 0.3770833333333333 0.23828125 0.00625 0.03125
2 0.3953125 0.25 0.007291666666666667 0.0390625
2 0.4119791666666667 0.376953125 0.017708333333333333 0.08984375
2 0.5828125 0.376953125 0.015625 0.08203125
2 0.721875 0.68359375 0.03958333333333333 0.1953125
1 0.721875 0.47265625 0.022916666666666665 0.109375
1 0.8854166666666666 0.349609375 0.016666666666666666 0.06640625
1 0.8854166666666666 0.412109375 0.020833333333333332 0.08203125
1 0.8234375 0.314453125 0.009375 0.05078125
2 0.6895833333333333 0.359375 0.016666666666666666 0.0703125
2 0.7260416666666667 0.330078125 0.0125 0.05859375
2 0.7104166666666667 0.306640625 0.010416666666666666 0.05078125
1 0.7411458333333333 0.287109375 0.007291666666666667 0.04296875
2 0.6057291666666667 0.26953125 0.009375 0.0390625
1 0.6510416666666666 0.265625 0.008333333333333333 0.0390625
2 0.6661458333333333 0.287109375 0.009375 0.04296875
2 0.5380208333333333 0.26171875 0.009375 0.0390625
1 0.5604166666666667 0.25390625 0.008333333333333333 0.0390625
