1 0.12760416666666666 0.86328125 0.06354166666666666 0.2734375
1 0.13697916666666668 0.40625 0.023958333333333335 0.1015625
1 0.19791666666666666 0.51171875 0.03333333333333333 0.1484375
2 0.1734375 0.310546875 0.015625 0.06640625
2 0.3463541666666667 0.345703125 0.017708333333333333 0.08203125
2 0.5015625 0.431640625 0.023958333333333335 0.12109375
0 0.5322916666666667 0.3671875 0.016666666666666666 0.0859375
0 0.5484375 0.326171875 0.011458333333333333 0.06640625
0 0.5572916666666666 0.30859375 0.0125 0.0625
0 0.5661458333333333 0.291015625 0.011458333333333333 0.05859375
0 0.5755208333333334 0.26953125 0.009375 0.0546875
0 0.5822916666666667 0.26171875 0.008333333333333333 0.0546875
0 0.6229166666666667 0.265625 0.010416666666666666 0.046875
0 0.6635416666666667 0.267578125 0.010416666666666666 0.05078125
0 0.7104166666666667 0.271484375 0.010416666666666666 0.05078125
0 0.7140625 0.28515625 0.009375 0.0546875
0 0.7203125 0.3046875 0.011458333333333333 0.0625
0 0.7286458333333333 0.326171875 0.011458333333333333 0.06640625
0 0.7317708333333334 0.34765625 0.013541666666666667 0.0703125
0 0.7463541666666667 0.40234375 0.017708333333333333 0.09375
1 0.7619791666666667 0.45703125 0.019791666666666666 0.109375
1 0.9604166666666667 0.40234375 0.020833333333333332 0.1015625
