1 0.334375 0.544921875 0.03333333333333333 0.15234375
1 0.39739583333333334 0.423828125 0.021875 0.09765625
1 0.42916666666666664 0.380859375 0.01875 0.08203125
1 0.4505208333333333 0.337890625 0.011458333333333333 0.05078125
2 0.8083333333333333 0.552734375 0.035416666666666666 0.14453125
2 0.6942708333333333 0.423828125 0.021875 0.10546875
2 0.6348958333333333 0.365234375 0.013541666666666667 0.08203125
2 0.6067708333333334 0.33984375 0.013541666666666667 0.0703125
2 0.5859375 0.3203125 0.009375 0.0625
1 0.4609375 0.3203125 0.009375 0.0546875
1 0.4921875 0.310546875 0.011458333333333333 0.04296875
1 0.5354166666666667 0.2890625 0.0125 0.046875
2 0.9541666666666667 0.294921875 0.0125 0.05078125
2 0.8677083333333333 0.296875 0.0125 0.046875
2 0.775 0.302734375 0.0125 0.05078125
2 0.7098958333333333 0.302734375 0.011458333333333333 0.05078125
2 0.65625 0.302734375 0.014583333333333334 0.05859375
2 0.6244791666666667 0.302734375 0.009375 0.05078125
2 0.6020833333333333 0.302734375 0.0125 0.05078125
