1 0.37552083333333336 0.751953125 0.042708333333333334 0.22265625
1 0.5354166666666667 0.498046875 0.025 0.12109375
1 0.6567708333333333 0.388671875 0.013541666666666667 0.07421875
1 0.728125 0.34765625 0.010416666666666666 0.0546875
1 0.7598958333333333 0.333984375 0.007291666666666667 0.04296875
1 0.7864583333333334 0.32421875 0.00625 0.0390625
1 0.8041666666666667 0.322265625 0.00625 0.03515625
2 0.8989583333333333 0.349609375 0.010416666666666666 0.04296875
2 0.903125 0.380859375 0.0125 0.05078125
2 0.925 0.443359375 0.01875 0.08203125
