1 0.20729166666666668 0.71875 0.03958333333333333 0.203125
1 0.3807291666666667 0.490234375 0.019791666666666666 0.11328125
2 0.7776041666666667 0.5078125 0.021875 0.1171875
1 0.44479166666666664 0.388671875 0.0125 0.07421875
2 0.7046875 0.404296875 0.013541666666666667 0.08203125
2 0.6635416666666667 0.349609375 0.008333333333333333 0.05078125
2 0.6421875 0.326171875 0.007291666666666667 0.04296875
1 0.47708333333333336 0.341796875 0.008333333333333333 0.05078125
1 0.49270833333333336 0.31640625 0.00625 0.0390625
1 0.5026041666666666 0.298828125 0.005208333333333333 0.03515625
2 0.6296875 0.306640625 0.005208333333333333 0.03515625
2 0.6208333333333333 0.291015625 0.004166666666666667 0.02734375
