1 0.378125 0.462890625 0.01875 0.11328125
1 0.46458333333333335 0.39453125 0.0125 0.0703125
1 0.5479166666666667 0.353515625 0.008333333333333333 0.05859375
1 0.6541666666666667 0.33203125 0.008333333333333333 0.0546875
1 0.7354166666666667 0.31640625 0.00625 0.0390625
2 0.7604166666666666 0.560546875 0.027083333333333334 0.13671875
2 0.7369791666666666 0.439453125 0.015625 0.08984375
2 0.7515625 0.388671875 0.011458333333333333 0.06640625
2 0.7947916666666667 0.36328125 0.010416666666666666 0.0546875
2 0.8572916666666667 0.341796875 0.008333333333333333 0.05078125
