1 0.0859375 0.427734375 0.021875 0.11328125
2 0.146875 0.3203125 0.014583333333333334 0.0703125
1 0.1703125 0.53515625 0.028125 0.15625
3 0.178125 0.611328125 0.052083333333333336 0.33203125
2 0.31302083333333336 0.359375 0.015625 0.078125
0 0.3260416666666667 0.3203125 0.010416666666666666 0.0625
0 0.33229166666666665 0.287109375 0.008333333333333333 0.05859375
0 0.33645833333333336 0.28125 0.008333333333333333 0.0546875
0 0.3421875 0.265625 0.007291666666666667 0.046875
0 0.34791666666666665 0.25 0.00625 0.046875
0 0.35260416666666666 0.24609375 0.007291666666666667 0.046875
0 0.3880208333333333 0.24609375 0.007291666666666667 0.0390625
0 0.42083333333333334 0.2421875 0.008333333333333333 0.046875
0 0.45625 0.244140625 0.00625 0.03515625
0 0.45989583333333334 0.255859375 0.007291666666666667 0.04296875
0 0.4635416666666667 0.271484375 0.008333333333333333 0.04296875
0 0.4713541666666667 0.30078125 0.009375 0.046875
0 0.4791666666666667 0.330078125 0.010416666666666666 0.05078125
1 0.48802083333333335 0.353515625 0.011458333333333333 0.06640625
1 0.5989583333333334 0.310546875 0.010416666666666666 0.05859375
2 0.6354166666666666 0.48828125 0.025 0.125
3 0.6953125 0.556640625 0.042708333333333334 0.26171875
2 0.8197916666666667 0.806640625 0.05 0.25390625
2 0.6557291666666667 0.39453125 0.017708333333333333 0.0859375
1 0.71875 0.298828125 0.010416666666666666 0.04296875
2 0.721875 0.35546875 0.014583333333333334 0.0703125
2 0.8125 0.341796875 0.014583333333333334 0.06640625
1 0.85625 0.30078125 0.010416666666666666 0.046875
2 0.9328125 0.34375 0.011458333333333333 0.0625
