2 0.096875 0.37109375 0.020833333333333332 0.09375
2 0.28229166666666666 0.45703125 0.025 0.125
0 0.3307291666666667 0.373046875 0.015625 0.08203125
0 0.353125 0.326171875 0.0125 0.06640625
0 0.3651041666666667 0.306640625 0.011458333333333333 0.05859375
0 0.3776041666666667 0.2890625 0.011458333333333333 0.0546875
0 0.38958333333333334 0.26953125 0.010416666666666666 0.046875
0 0.39739583333333334 0.2578125 0.009375 0.046875
0 0.4401041666666667 0.2578125 0.009375 0.046875
0 0.4791666666666667 0.2578125 0.008333333333333333 0.046875
0 0.5234375 0.2734375 0.009375 0.046875
0 0.5276041666666667 0.296875 0.011458333333333333 0.0546875
0 0.534375 0.337890625 0.0125 0.06640625
0 0.5416666666666666 0.388671875 0.016666666666666666 0.08203125
1 0.5510416666666667 0.443359375 0.01875 0.09765625
1 0.715625 0.3671875 0.014583333333333334 0.078125
2 0.8588541666666667 0.572265625 0.034375 0.15234375
1 0.8885416666666667 0.341796875 0.0125 0.06640625
2 0.9411458333333333 0.466796875 0.021875 0.12109375
