1 0.17864583333333334 0.63671875 0.03854166666666667 0.1796875
1 0.21666666666666667 0.455078125 0.020833333333333332 0.09765625
1 0.22552083333333334 0.380859375 0.015625 0.07421875
1 0.23958333333333334 0.337890625 0.010416666666666666 0.05859375
1 0.30572916666666666 0.30859375 0.009375 0.046875
1 0.35052083333333334 0.30078125 0.007291666666666667 0.0390625
1 0.39114583333333336 0.28515625 0.007291666666666667 0.03125
1 0.4354166666666667 0.283203125 0.00625 0.03515625
2 0.5666666666666667 0.26171875 0.00625 0.03125
2 0.5729166666666666 0.28515625 0.00625 0.03125
2 0.5552083333333333 0.296875 0.00625 0.03125
2 0.525 0.302734375 0.00625 0.04296875
2 0.39739583333333334 0.36328125 0.011458333333333333 0.0625
2 0.4088541666666667 0.3203125 0.009375 0.0390625
2 0.425 0.30859375 0.00625 0.0390625
2 0.4421875 0.3046875 0.007291666666666667 0.0390625
2 0.478125 0.306640625 0.00625 0.03515625
2 0.43125 0.41796875 0.016666666666666666 0.0859375
2 0.5619791666666667 0.5234375 0.028125 0.125
2 0.8609375 0.78515625 0.04895833333333333 0.21875
1 0.4640625 0.283203125 0.005208333333333333 0.02734375
1 0.4973958333333333 0.275390625 0.005208333333333333 0.02734375
1 0.48802083333333335 0.267578125 0.005208333333333333 0.02734375
