1 0.065625 0.68359375 0.03125 0.1875
1 0.36302083333333335 0.458984375 0.017708333333333333 0.10546875
1 0.19322916666666667 0.3671875 0.011458333333333333 0.0703125
2 0.8791666666666667 0.44921875 0.01875 0.1015625
1 0.8119791666666667 0.298828125 0.007291666666666667 0.04296875
1 0.7427083333333333 0.298828125 0.008333333333333333 0.05078125
1 0.6541666666666667 0.306640625 0.010416666666666666 0.05859375
1 0.5234375 0.359375 0.011458333333333333 0.0703125
1 0.30364583333333334 0.30859375 0.009375 0.0546875
2 0.8947916666666667 0.361328125 0.0125 0.08203125
1 0.846875 0.291015625 0.00625 0.04296875
2 0.14322916666666666 0.287109375 0.009375 0.04296875
