1 0.16614583333333333 0.708984375 0.04479166666666667 0.21484375
1 0.23229166666666667 0.47265625 0.022916666666666665 0.109375
1 0.25 0.388671875 0.016666666666666666 0.08203125
1 0.2682291666666667 0.34375 0.011458333333333333 0.0546875
1 0.3380208333333333 0.3125 0.009375 0.046875
1 0.38385416666666666 0.298828125 0.007291666666666667 0.03515625
1 0.4244791666666667 0.287109375 0.007291666666666667 0.03515625
1 0.46875 0.287109375 0.00625 0.03515625
1 0.49947916666666664 0.28515625 0.005208333333333333 0.03125
1 0.5328125 0.275390625 0.005208333333333333 0.03515625
2 0.6046875 0.265625 0.005208333333333333 0.03125
2 0.6125 0.2890625 0.00625 0.0390625
2 0.5932291666666667 0.298828125 0.007291666666666667 0.04296875
2 0.42916666666666664 0.345703125 0.010416666666666666 0.05078125
2 0.4270833333333333 0.37109375 0.0125 0.0625
2 0.44166666666666665 0.326171875 0.008333333333333333 0.04296875
2 0.4583333333333333 0.314453125 0.008333333333333333 0.04296875
2 0.4765625 0.306640625 0.007291666666666667 0.04296875
2 0.5130208333333334 0.310546875 0.007291666666666667 0.03515625
2 0.5619791666666667 0.306640625 0.007291666666666667 0.04296875
2 0.46197916666666666 0.435546875 0.019791666666666666 0.08984375
2 0.6104166666666667 0.56640625 0.027083333333333334 0.140625
