1 0.10833333333333334 0.822265625 0.06666666666666667 0.26953125
1 0.2125 0.521484375 0.029166666666666667 0.12890625
1 0.26145833333333335 0.443359375 0.022916666666666665 0.08203125
1 0.3125 0.396484375 0.016666666666666666 0.07421875
1 0.3723958333333333 0.365234375 0.013541666666666667 0.05859375
1 0.4828125 0.345703125 0.013541666666666667 0.05078125
1 0.5703125 0.337890625 0.009375 0.03515625
1 0.6755208333333333 0.349609375 0.009375 0.04296875
1 0.7838541666666666 0.357421875 0.011458333333333333 0.04296875
1 0.9046875 0.37109375 0.009375 0.0390625
2 0.84375 0.677734375 0.05625 0.19921875
2 0.5739583333333333 0.400390625 0.014583333333333334 0.06640625
2 0.5822916666666667 0.427734375 0.014583333333333334 0.07421875
2 0.6005208333333333 0.390625 0.013541666666666667 0.0625
2 0.6447916666666667 0.484375 0.025 0.1015625
2 0.6651041666666667 0.38671875 0.013541666666666667 0.0625
2 0.7338541666666667 0.388671875 0.013541666666666667 0.05859375
2 0.8588541666666667 0.400390625 0.013541666666666667 0.05859375
