0 0.1703125 0.6787037037037037 0.028125 0.06481481481481481
0 0.29635416666666664 0.638425925925926 0.020833333333333332 0.049074074074074076
0 0.3424479166666667 0.6203703703703703 0.0171875 0.044444444444444446
2 0.37395833333333334 0.6041666666666666 0.015625 0.03796296296296296
3 0.4276041666666667 0.5745370370370371 0.013541666666666667 0.04537037037037037
2 0.44036458333333334 0.5800925925925926 0.0109375 0.028703703703703703
1 0.4671875 0.5708333333333333 0.009375 0.026851851851851852
0 0.47578125 0.5768518518518518 0.009895833333333333 0.027777777777777776
0 0.48203125 0.5930555555555556 0.013020833333333334 0.032407407407407406
3 0.57734375 0.5652777777777778 0.0109375 0.03981481481481482
3 0.5888020833333333 0.6125 0.021354166666666667 0.06574074074074074
3 0.7080729166666667 0.737037037037037 0.049479166666666664 0.1537037037037037
