3 0.58125 0.8305555555555556 0.052083333333333336 0.2
1 0.5018229166666667 0.8166666666666667 0.03697916666666667 0.09444444444444444
0 0.5346354166666667 0.7319444444444444 0.025520833333333333 0.0712962962962963
3 0.5072916666666667 0.6796296296296296 0.027083333333333334 0.10555555555555556
2 0.46979166666666666 0.6712962962962963 0.017708333333333333 0.053703703703703705
3 0.4890625 0.6370370370370371 0.017708333333333333 0.07222222222222222
3 0.30572916666666666 0.6263888888888889 0.013541666666666667 0.062037037037037036
3 0.31927083333333334 0.6416666666666667 0.017708333333333333 0.07407407407407407
0 0.26171875 0.7 0.019270833333333334 0.053703703703703705
3 0.20130208333333333 0.6652777777777777 0.021354166666666667 0.08611111111111111
3 0.12760416666666666 0.7101851851851851 0.030208333333333334 0.1111111111111111
0 0.03515625 0.7685185185185185 0.0265625 0.07777777777777778
