1 0.020833333333333332 0.54296875 0.03125 0.1640625
2 0.18125 0.259765625 0.010416666666666666 0.05078125
1 0.2109375 0.275390625 0.011458333333333333 0.05078125
1 0.3796875 0.51171875 0.028125 0.1484375
1 0.39166666666666666 0.26953125 0.00625 0.03125
2 0.40520833333333334 0.25390625 0.008333333333333333 0.0390625
1 0.4713541666666667 0.27734375 0.009375 0.0390625
2 0.5104166666666666 0.26171875 0.008333333333333333 0.046875
3 0.5234375 0.4375 0.028125 0.1953125
1 0.5463541666666667 0.28515625 0.009375 0.046875
2 0.6067708333333334 0.2734375 0.009375 0.046875
1 0.6161458333333333 0.30859375 0.009375 0.046875
1 0.609375 0.439453125 0.020833333333333332 0.10546875
3 0.6604166666666667 0.380859375 0.022916666666666665 0.15234375
1 0.6786458333333333 0.37890625 0.015625 0.078125
2 0.7140625 0.296875 0.011458333333333333 0.046875
2 0.8125 0.337890625 0.014583333333333334 0.06640625
0 0.84375 0.3203125 0.010416666666666666 0.0546875
0 0.8645833333333334 0.302734375 0.0125 0.05859375
0 0.8770833333333333 0.296875 0.010416666666666666 0.046875
0 0.8911458333333333 0.283203125 0.011458333333333333 0.05078125
0 0.9067708333333333 0.271484375 0.011458333333333333 0.05078125
0 0.9177083333333333 0.26953125 0.010416666666666666 0.046875
3 0.928125 0.66015625 0.05416666666666667 0.3203125
0 0.9635416666666666 0.275390625 0.010416666666666666 0.04296875
