1 0.3302083333333333 0.505859375 0.022916666666666665 0.12890625
1 0.4578125 0.376953125 0.011458333333333333 0.06640625
1 0.5286458333333334 0.337890625 0.009375 0.05078125
1 0.5796875 0.318359375 0.007291666666666667 0.04296875
1 0.63125 0.30078125 0.00625 0.0390625
2 0.684375 0.423828125 0.014583333333333334 0.08203125
2 0.7447916666666666 0.56640625 0.027083333333333334 0.140625
2 0.7057291666666666 0.37890625 0.011458333333333333 0.0625
2 0.7208333333333333 0.34765625 0.008333333333333333 0.046875
2 0.7390625 0.32421875 0.007291666666666667 0.0390625
2 0.7697916666666667 0.31640625 0.00625 0.0390625
2 0.8036458333333333 0.30859375 0.007291666666666667 0.0390625
2 0.9473958333333333 0.42578125 0.015625 0.078125
2 0.928125 0.37890625 0.010416666666666666 0.0546875
2 0.9526041666666667 0.357421875 0.009375 0.05078125
2 0.7395833333333334 0.32421875 0.008333333333333333 0.046875
1 0.6645833333333333 0.294921875 0.00625 0.03515625
