1 0.13072916666666667 0.693359375 0.030208333333333334 0.18359375
1 0.309375 0.546875 0.016666666666666666 0.1171875
1 0.4515625 0.4765625 0.011458333333333333 0.078125
2 0.8484375 0.607421875 0.017708333333333333 0.12890625
1 0.5479166666666667 0.455078125 0.010416666666666666 0.06640625
1 0.6520833333333333 0.4375 0.010416666666666666 0.0625
1 0.7145833333333333 0.4296875 0.008333333333333333 0.0546875
2 0.8578125 0.51953125 0.013541666666666667 0.0859375
2 0.871875 0.494140625 0.010416666666666666 0.07421875
1 0.8421875 0.421875 0.007291666666666667 0.046875
