1 0.3651041666666667 0.552734375 0.026041666666666668 0.14453125
1 0.45 0.404296875 0.014583333333333334 0.08203125
1 0.4791666666666667 0.349609375 0.010416666666666666 0.05859375
1 0.49322916666666666 0.322265625 0.009375 0.05078125
1 0.503125 0.306640625 0.008333333333333333 0.04296875
1 0.5125 0.294921875 0.00625 0.03515625
1 0.5192708333333333 0.2890625 0.005208333333333333 0.03125
2 0.6098958333333333 0.283203125 0.005208333333333333 0.03515625
2 0.6239583333333333 0.279296875 0.00625 0.02734375
2 0.6203125 0.296875 0.007291666666666667 0.03125
2 0.6333333333333333 0.30859375 0.008333333333333333 0.0390625
2 0.6416666666666667 0.279296875 0.00625 0.02734375
2 0.6567708333333333 0.330078125 0.009375 0.05078125
2 0.684375 0.361328125 0.0125 0.06640625
2 0.73125 0.43359375 0.01875 0.09375
2 0.8572916666666667 0.630859375 0.0375 0.16015625
