0 0.31927083333333334 0.40234375 0.019791666666666666 0.1015625
1 0.35989583333333336 0.640625 0.036458333333333336 0.1875
0 0.39114583333333336 0.341796875 0.013541666666666667 0.06640625
0 0.4510416666666667 0.41015625 0.01875 0.09375
2 0.46041666666666664 0.283203125 0.008333333333333333 0.04296875
2 0.47552083333333334 0.306640625 0.009375 0.05859375
0 0.4734375 0.345703125 0.013541666666666667 0.06640625
2 0.49114583333333334 0.263671875 0.007291666666666667 0.03515625
1 0.5604166666666667 0.287109375 0.008333333333333333 0.04296875
1 0.5703125 0.2734375 0.007291666666666667 0.0390625
1 0.5901041666666667 0.3046875 0.009375 0.046875
2 0.5838541666666667 0.353515625 0.015625 0.08203125
1 0.615625 0.431640625 0.01875 0.09765625
1 0.675 0.328125 0.0125 0.0625
2 0.6942708333333333 0.244140625 0.007291666666666667 0.03515625
1 0.7145833333333333 0.259765625 0.008333333333333333 0.04296875
1 0.8260416666666667 0.349609375 0.014583333333333334 0.07421875
1 0.8645833333333334 0.259765625 0.008333333333333333 0.04296875
2 0.8817708333333333 0.25390625 0.009375 0.0390625
3 0.9229166666666667 0.337890625 0.01875 0.11328125
2 0.9307291666666667 0.568359375 0.03229166666666667 0.16015625
1 0.9510416666666667 0.271484375 0.010416666666666666 0.04296875
