1 0.2625 0.68359375 0.041666666666666664 0.2109375
1 0.3723958333333333 0.47265625 0.028125 0.1171875
1 0.41510416666666666 0.400390625 0.019791666666666666 0.08203125
1 0.44427083333333334 0.357421875 0.015625 0.05859375
1 0.4583333333333333 0.330078125 0.010416666666666666 0.04296875
1 0.49166666666666664 0.318359375 0.010416666666666666 0.04296875
1 0.5385416666666667 0.30078125 0.010416666666666666 0.0390625
2 0.9291666666666667 0.693359375 0.0375 0.19921875
2 0.734375 0.46875 0.027083333333333334 0.109375
2 0.6552083333333333 0.388671875 0.016666666666666666 0.08203125
2 0.6197916666666666 0.35546875 0.014583333333333334 0.0625
2 0.59375 0.33203125 0.010416666666666666 0.0546875
2 0.8942708333333333 0.29296875 0.011458333333333333 0.0546875
2 0.79375 0.302734375 0.010416666666666666 0.04296875
2 0.725 0.30078125 0.0125 0.046875
2 0.6671875 0.30078125 0.013541666666666667 0.046875
2 0.6328125 0.30859375 0.009375 0.046875
2 0.609375 0.30859375 0.008333333333333333 0.046875
