1 0.016145833333333335 0.45703125 0.023958333333333335 0.125
2 0.04114583333333333 0.369140625 0.019791666666666666 0.08984375
0 0.17708333333333334 0.5 0.029166666666666667 0.1328125
2 0.22916666666666666 0.34375 0.014583333333333334 0.0703125
2 0.32708333333333334 0.310546875 0.010416666666666666 0.05859375
2 0.34270833333333334 0.275390625 0.008333333333333333 0.03515625
2 0.35625 0.2890625 0.010416666666666666 0.046875
1 0.35 0.37109375 0.016666666666666666 0.078125
0 0.3546875 0.517578125 0.028125 0.14453125
1 0.4270833333333333 0.26953125 0.00625 0.0390625
1 0.4583333333333333 0.3203125 0.010416666666666666 0.0546875
1 0.46458333333333335 0.2890625 0.008333333333333333 0.046875
