3 0.37083333333333335 0.416015625 0.029166666666666667 0.17578125
3 0.40208333333333335 0.38671875 0.027083333333333334 0.15625
1 0.4828125 0.328125 0.013541666666666667 0.0625
1 0.5197916666666667 0.287109375 0.008333333333333333 0.04296875
1 0.5395833333333333 0.265625 0.008333333333333333 0.0390625
1 0.5520833333333334 0.251953125 0.00625 0.02734375
1 0.5609375 0.240234375 0.005208333333333333 0.02734375
2 0.6302083333333334 0.240234375 0.00625 0.02734375
2 0.6354166666666666 0.251953125 0.00625 0.02734375
2 0.6421875 0.267578125 0.007291666666666667 0.03515625
2 0.659375 0.291015625 0.010416666666666666 0.05078125
2 0.6776041666666667 0.341796875 0.013541666666666667 0.06640625
2 0.7296875 0.4140625 0.026041666666666668 0.1640625
2 0.7458333333333333 0.451171875 0.03333333333333333 0.19921875
