2 0.0046875 0.322265625 0.009375 0.06640625
2 0.0859375 0.283203125 0.013541666666666667 0.06640625
2 0.1890625 0.259765625 0.009375 0.04296875
1 0.1859375 0.310546875 0.013541666666666667 0.06640625
1 0.21614583333333334 0.28515625 0.011458333333333333 0.0546875
1 0.2171875 0.34765625 0.015625 0.0703125
2 0.21875 0.494140625 0.029166666666666667 0.13671875
1 0.2703125 0.2734375 0.009375 0.046875
2 0.290625 0.25 0.008333333333333333 0.0390625
2 0.29322916666666665 0.501953125 0.030208333333333334 0.13671875
1 0.2833333333333333 0.814453125 0.05625 0.26953125
1 0.3619791666666667 0.705078125 0.04479166666666667 0.20703125
1 0.4036458333333333 0.39453125 0.017708333333333333 0.0859375
1 0.3375 0.26171875 0.008333333333333333 0.0390625
2 0.38385416666666666 0.248046875 0.007291666666666667 0.03515625
1 0.4036458333333333 0.255859375 0.007291666666666667 0.03515625
2 0.45208333333333334 0.25 0.00625 0.03125
1 0.46197916666666666 0.259765625 0.007291666666666667 0.03515625
1 0.5322916666666667 0.263671875 0.00625 0.03515625
2 0.546875 0.25390625 0.00625 0.03125
1 0.609375 0.40234375 0.01875 0.0859375
1 0.6208333333333333 0.271484375 0.00625 0.03515625
2 0.6526041666666667 0.265625 0.007291666666666667 0.03125
3 0.6807291666666667 0.376953125 0.021875 0.13671875
1 0.6958333333333333 0.287109375 0.008333333333333333 0.04296875
1 0.7348958333333333 0.390625 0.017708333333333333 0.078125
1 0.753125 0.296875 0.010416666666666666 0.0546875
3 0.7854166666666667 0.353515625 0.020833333333333332 0.11328125
1 0.8010416666666667 0.330078125 0.010416666666666666 0.05078125
1 0.8026041666666667 0.36328125 0.013541666666666667 0.0625
2 0.8411458333333334 0.3046875 0.011458333333333333 0.046875
2 0.8807291666666667 0.58984375 0.034375 0.15625
3 0.9182291666666667 0.490234375 0.036458333333333336 0.20703125
2 0.9302083333333333 0.34375 0.014583333333333334 0.0546875
2 0.9401041666666666 0.3515625 0.013541666666666667 0.0546875
1 0.9864583333333333 0.337890625 0.0125 0.05078125
