1 0.15 0.787109375 0.05416666666666667 0.24609375
1 0.32864583333333336 0.466796875 0.023958333333333335 0.11328125
1 0.3927083333333333 0.3671875 0.0125 0.0703125
1 0.5046875 0.32421875 0.011458333333333333 0.0546875
1 0.6380208333333334 0.32421875 0.009375 0.046875
2 0.6796875 0.38671875 0.017708333333333333 0.078125
1 0.7286458333333333 0.330078125 0.011458333333333333 0.05078125
2 0.7338541666666667 0.484375 0.028125 0.1171875
2 0.76875 0.404296875 0.022916666666666665 0.08984375
1 0.8572916666666667 0.3515625 0.0125 0.0625
2 0.9401041666666666 0.451171875 0.019791666666666666 0.10546875
