1 0.27760416666666665 0.2890625 0.005208333333333333 0.03125
1 0.30833333333333335 0.302734375 0.00625 0.04296875
1 0.384375 0.322265625 0.008333333333333333 0.05078125
1 0.31979166666666664 0.54296875 0.027083333333333334 0.1328125
1 0.5020833333333333 0.439453125 0.01875 0.08984375
2 0.43125 0.296875 0.00625 0.03125
2 0.46979166666666666 0.3046875 0.00625 0.0390625
2 0.4979166666666667 0.306640625 0.00625 0.03515625
1 0.5255208333333333 0.341796875 0.007291666666666667 0.04296875
1 0.6333333333333333 0.33203125 0.008333333333333333 0.046875
1 0.6265625 0.400390625 0.013541666666666667 0.06640625
1 0.6916666666666667 0.314453125 0.00625 0.04296875
1 0.7291666666666666 0.37890625 0.0125 0.0625
1 0.846875 0.359375 0.0125 0.0546875
