1 0.028125 0.353515625 0.016666666666666666 0.08203125
3 0.1171875 0.791015625 0.08854166666666667 0.41796875
1 0.159375 0.380859375 0.020833333333333332 0.08203125
2 0.17447916666666666 0.302734375 0.013541666666666667 0.06640625
1 0.22864583333333333 0.451171875 0.023958333333333335 0.11328125
1 0.22395833333333334 0.634765625 0.0375 0.18359375
2 0.33645833333333336 0.333984375 0.014583333333333334 0.06640625
2 0.471875 0.392578125 0.016666666666666666 0.08984375
0 0.5 0.34765625 0.0125 0.0625
0 0.5151041666666667 0.3125 0.009375 0.0546875
0 0.5239583333333333 0.30078125 0.008333333333333333 0.046875
0 0.5322916666666667 0.28125 0.008333333333333333 0.046875
0 0.5416666666666666 0.267578125 0.008333333333333333 0.04296875
0 0.5489583333333333 0.26171875 0.008333333333333333 0.0390625
0 0.5864583333333333 0.263671875 0.008333333333333333 0.04296875
0 0.6229166666666667 0.263671875 0.008333333333333333 0.04296875
0 0.6625 0.267578125 0.008333333333333333 0.04296875
0 0.6651041666666667 0.279296875 0.009375 0.04296875
0 0.6671875 0.298828125 0.009375 0.05078125
0 0.671875 0.33203125 0.010416666666666666 0.0546875
0 0.6770833333333334 0.373046875 0.0125 0.06640625
1 0.684375 0.41015625 0.016666666666666666 0.0859375
1 0.853125 0.365234375 0.014583333333333334 0.07421875
2 0.9223958333333333 0.728515625 0.040625 0.20703125
