1 0.21354166666666666 0.80078125 0.04583333333333333 0.2265625
1 0.3770833333333333 0.494140625 0.020833333333333332 0.09765625
1 0.4739583333333333 0.40234375 0.0125 0.0703125
1 0.5557291666666667 0.353515625 0.009375 0.05859375
1 0.653125 0.328125 0.008333333333333333 0.046875
1 0.7411458333333333 0.322265625 0.009375 0.04296875
1 0.8421875 0.32421875 0.009375 0.046875
1 0.946875 0.326171875 0.008333333333333333 0.04296875
2 0.9104166666666667 0.37109375 0.0125 0.0546875
2 0.8145833333333333 0.380859375 0.014583333333333334 0.06640625
2 0.7635416666666667 0.3984375 0.014583333333333334 0.0703125
2 0.7265625 0.416015625 0.015625 0.08203125
2 0.715625 0.474609375 0.020833333333333332 0.10546875
