1 0.1796875 0.6484375 0.04895833333333333 0.2265625
1 0.17083333333333334 0.45703125 0.029166666666666667 0.109375
1 0.07864583333333333 0.384765625 0.021875 0.09765625
1 0.6244791666666667 0.39453125 0.019791666666666666 0.09375
1 0.7723958333333333 0.34375 0.015625 0.0703125
2 0.8510416666666667 0.681640625 0.04583333333333333 0.20703125
2 0.8671875 0.482421875 0.026041666666666668 0.11328125
2 0.4203125 0.384765625 0.013541666666666667 0.08203125
0 0.4453125 0.33203125 0.011458333333333333 0.0546875
0 0.6067708333333334 0.341796875 0.011458333333333333 0.06640625
0 0.46770833333333334 0.296875 0.010416666666666666 0.0546875
3 0.1015625 0.767578125 0.07604166666666666 0.40234375
2 0.27447916666666666 0.322265625 0.013541666666666667 0.07421875
