1 0.25416666666666665 0.54296875 0.03333333333333333 0.1484375
1 0.3880208333333333 0.359375 0.015625 0.078125
1 0.43125 0.30078125 0.010416666666666666 0.0546875
1 0.4515625 0.271484375 0.009375 0.04296875
1 0.4630208333333333 0.251953125 0.007291666666666667 0.03515625
1 0.4703125 0.2421875 0.005208333333333333 0.03125
2 0.5416666666666666 0.240234375 0.00625 0.03515625
2 0.5489583333333333 0.251953125 0.00625 0.03515625
2 0.5578125 0.26953125 0.009375 0.046875
2 0.5734375 0.30078125 0.011458333333333333 0.0546875
2 0.6078125 0.361328125 0.015625 0.08203125
2 0.7052083333333333 0.541015625 0.03333333333333333 0.15234375
